952.328
883.34
821.117
740.838
680.336
643.651
623.815
601.815
579.1
556.759
528.953
507.823
492.063
476.58
469.175
461.274
449.107
434.294
420.974
411.363
400.033
390.931
381.89
376.352
370.427
363.837
358.024
353.029
348.949
345.172
341.873
340.619
337.317
334.196
330.524
326.857
322.976
319.946
318.189
316.279
311.947
308.561
306.063
300.751
298.925
298.572
297.826
296.468
295.331
295.248
294.791
293.352
290.047
286.343
285.563
285.072
284.442
283.95
283.409
283.409
283.395
283.049
281.361
278.031
277.477
276.855
276.853
276.765
276.356
275.834
275.831
275.814
275.789
275.789
275.789
275.789
275.789
275.789
275.789
275.789
275.789
275.789
275.789
275.789
275.789
275.789
275.789
275.789
275.789
275.789
275.789
275.789
275.789
275.789
275.789
275.789
275.789
275.789
275.789
275.789
275.789
275.789
275.789
275.789
275.789
275.789
275.789
275.789
275.789
275.789
275.789
275.789
275.789
275.789
275.789
275.789
275.789
275.789
275.789
275.789
275.789
275.789
275.789
275.789
275.789
275.789
275.789
275.789
275.789
275.789
275.789
275.789
275.789
275.789
275.789
275.789
275.789
275.789
275.789
275.789
275.789
275.789
275.789
275.789
275.789
275.789
275.789
275.789
275.789
275.789
275.789
275.789
275.789
275.789
275.789
275.789
275.789
275.789
275.789
275.788
275.732
275.423
275.04
275.04
275.04
275.04
275.04
275.04
275.04
275.04
275.04
275.04
275.04
275.04
275.04
275.04
275.04
275.04
275.04
275.04
275.04
275.04
275.04
275.04
275.04
275.04
275.04
275.04
275.04
275.04
275.04
275.04
275.04
275.04
275.04
275.04
275.04
275.04
275.04
275.04
