803.174
716.404
680.485
647.692
607.42
583.281
545.644
532.122
526.936
499.066
491.292
491.292
469.485
466.275
453.631
448.816
445.418
440.088
427.824
417.383
408.375
402.102
394.65
391.383
381.114
377.382
371.375
368.782
362.785
360.193
357.34
355.283
351.142
343.391
339.023
335.788
333.346
332.814
327.505
327.505
324.451
321.35
318.352
314.879
311.246
310.143
306.085
304.981
303.265
300.191
297.419
296.628
294.456
293.776
292.673
291.065
289.892
289.076
288.59
284.663
284.177
284.177
284.177
283.169
283.169
283.169
283.169
282.769
282.769
282.769
282.769
282.769
282.715
281.459
281.459
281.459
278.134
278.134
278.134
278.134
278.134
278.134
278.134
278.134
278.134
278.134
278.134
278.134
278.134
278.134
278.134
278.134
278.134
277.32
277.32
276.611
275.797
275.797
275.797
275.797
275.797
275.797
275.487
275.08
275.08
275.08
275.08
275.08
275.08
275.08
274.515
274.515
274.515
274.515
274.515
274.515
273.401
273.401
273.401
272.705
272.705
272.705
272.539
272.539
272.539
272.539
272.539
272.539
272.539
272.539
272.539
272.539
272.539
272.539
272.539
272.539
272.539
272.539
272.539
272.539
272.539
272.539
272.539
272.539
272.539
272.539
272.539
272.539
272.539
272.539
272.539
272.539
272.539
272.539
272.539
272.539
272.539
272.539
272.539
272.539
272.539
272.539
272.539
272.539
272.539
272.539
272.539
272.539
272.539
272.539
272.539
272.539
272.539
272.539
272.539
272.539
272.539
272.539
272.539
272.539
272.539
272.539
272.539
272.539
272.539
272.539
272.539
272.539
272.539
272.539
272.539
272.539
272.539
272.539
272.539
272.539
272.539
272.539
272.539
272.539
