934.392
849.744
784.129
737.139
705.639
676.742
651.974
630.505
610.964
594.47
575.381
550.247
530.543
515.92
504.515
493.454
481.899
470.391
459.374
445.879
432.45
423.29
410.884
401.09
395.447
390.005
384.623
380.709
376.951
373.254
368.265
362.029
356.486
352.383
347.633
344.186
340.692
337.557
335.522
333.029
331.078
327.608
324.521
321.792
321.168
319.602
316.985
316.043
314.822
313.523
311.592
309.723
307.607
305.094
303.21
302.046
301.394
300.939
300.24
298.649
296.615
294.872
292.913
291.63
291.615
291.417
290.817
289.955
289.444
288.955
288.276
287.251
285.996
284.158
283.045
281.66
280.895
280.168
279.146
279.072
278.66
278.213
278.213
278.208
278.185
278.168
278.168
278.168
278.168
278.168
278.168
278.168
278.168
278.166
278.1
277.794
277.354
277.354
277.354
277.354
277.352
277.292
277.053
276.789
276.789
276.789
276.789
276.789
276.789
276.789
276.789
276.789
276.789
276.789
276.789
276.789
276.783
276.579
275.553
273.955
273.955
273.955
273.955
273.955
273.955
273.955
273.955
273.955
273.955
273.955
273.955
273.955
273.955
273.955
273.955
273.955
273.955
273.955
273.955
273.955
273.955
273.955
273.955
273.955
273.955
273.955
273.955
273.955
273.955
273.955
273.955
273.955
273.955
273.955
273.955
273.955
273.955
273.955
273.955
273.955
273.955
273.955
273.955
273.955
273.955
273.955
273.955
273.955
273.955
273.955
273.955
273.955
273.955
273.955
273.955
273.955
273.955
273.955
273.955
273.955
273.955
273.955
273.955
273.955
273.955
273.955
273.955
273.955
273.955
273.955
273.955
273.955
273.955
273.955
273.955
273.955
273.955
273.955
273.955
273.955
