853.458
749.215
664.927
637.186
621.113
594.01
568.705
558.232
512.699
511.429
484.471
471.677
471.677
461.507
448.289
427.26
420.429
408.243
395.116
391.788
380.263
375.167
367.748
362.651
355.858
352.281
347.438
341.801
341.801
340.91
336.595
333.598
329.283
326.667
321.46
318.669
318.444
314.981
309.86
308.8
305.03
299.909
298.848
298.178
297.782
295.341
295.341
295.231
294.894
292.531
285.735
285.735
285.348
284.582
284.538
283.409
283.409
283.409
283.409
283.409
277.984
277.984
276.855
276.855
276.855
276.855
275.834
275.834
275.834
275.789
275.789
275.789
275.789
275.789
275.789
275.789
275.789
275.789
275.789
275.789
275.789
275.789
275.789
275.789
275.789
275.789
275.789
275.789
275.789
275.789
275.789
275.789
275.789
275.789
275.789
275.789
275.789
275.789
275.789
275.789
275.789
275.789
275.789
275.789
275.789
275.789
275.789
275.789
275.789
275.789
275.789
275.789
275.789
275.789
275.789
275.789
275.789
275.789
275.789
275.789
275.789
275.789
275.789
275.789
275.789
275.789
275.789
275.789
275.789
275.789
275.789
275.789
275.789
275.789
275.789
275.789
275.789
275.789
275.789
275.789
275.789
275.789
275.789
275.789
275.789
275.789
275.789
275.789
275.789
275.789
275.789
275.789
275.789
275.789
275.789
275.789
275.789
275.789
275.789
275.04
275.04
275.04
275.04
275.04
275.04
275.04
275.04
275.04
275.04
275.04
275.04
275.04
275.04
275.04
275.04
275.04
275.04
275.04
275.04
275.04
275.04
275.04
275.04
275.04
275.04
275.04
275.04
275.04
275.04
275.04
275.04
275.04
275.04
275.04
275.04
275.04
275.04
275.04
275.04
275.04
