941.853
861.569
821.087
779.714
730.8
688.338
653.809
616.932
586.776
567.996
554.321
542.026
532.371
520.524
506.414
496.729
483.375
471.689
464.494
459.35
452.587
443.448
434.355
429.472
422.938
416.436
408.148
399.477
389.582
379.863
370.247
362.556
355.376
350.778
347.621
344.921
341.654
338.962
336.166
332.865
329.556
326.451
321.48
316.448
313.151
311.851
309.921
308.518
306.587
305.775
304.656
304.228
303.909
302.79
300.723
298.752
296.606
295.146
294.935
293.88
291.809
290.17
289.362
288.721
288.596
288.038
287.01
286.763
286.306
285.55
284.807
284.33
284.071
283.756
283.756
283.752
283.625
282.807
281.72
281.496
281.111
280.648
280.633
280.631
280.522
280.085
279.519
279.519
279.514
279.271
278.127
276.947
276.947
276.947
276.947
276.947
276.947
276.947
276.928
276.715
276.014
275.127
274.808
273.677
272.25
272.25
272.25
272.25
272.25
272.25
272.25
272.25
272.25
272.25
272.25
272.25
272.25
272.25
272.25
272.25
272.25
272.25
272.25
272.25
272.25
272.25
272.25
272.25
272.25
272.25
272.25
272.25
272.25
272.25
272.25
272.25
272.25
272.25
272.25
272.25
272.25
272.25
272.25
272.25
272.25
272.25
272.25
272.25
272.25
272.25
272.25
272.25
272.25
272.25
272.25
272.25
272.25
272.25
272.25
272.25
272.25
272.25
272.25
272.25
272.25
272.25
272.25
272.25
272.25
272.25
272.25
272.25
272.25
272.25
272.25
272.25
272.25
272.25
272.25
272.25
272.25
272.25
272.25
272.25
272.25
272.25
272.25
272.25
272.25
272.25
272.25
272.25
272.25
272.25
272.25
272.25
272.25
272.25
272.25
272.25
