776.604
721.587
711.812
670.642
644.959
619.353
610.029
585.564
578.802
545.556
524.768
511.481
502.143
487.976
478.955
465.907
457.436
437.77
427.152
423.989
404.018
398.04
394.049
386.815
382.748
378.195
377.118
371.841
366.074
357.795
355.203
346.192
346.192
343.098
338.176
337.243
333.35
332.95
331.736
327.842
322.015
321.585
321.585
317.145
317.145
315.377
314.312
313.501
310.975
309.276
305.639
303.197
302.301
301.986
301.091
300.991
299.803
297.838
295.339
293.733
291.624
291.624
291.624
291.624
290.106
289.463
289.108
289.038
288.006
287.159
284.674
283.857
281.842
281.025
281.025
279.148
279.148
279.148
278.213
278.213
278.213
278.213
278.168
278.168
278.168
278.168
278.168
278.168
278.168
278.168
278.168
278.168
278.168
277.354
277.354
277.354
277.354
277.354
277.354
277.354
276.789
276.789
276.789
276.789
276.789
276.789
276.789
276.789
276.789
276.789
276.789
276.789
276.789
276.789
276.789
276.789
273.955
273.955
273.955
273.955
273.955
273.955
273.955
273.955
273.955
273.955
273.955
273.955
273.955
273.955
273.955
273.955
273.955
273.955
273.955
273.955
273.955
273.955
273.955
273.955
273.955
273.955
273.955
273.955
273.955
273.955
273.955
273.955
273.955
273.955
273.955
273.955
273.955
273.955
273.955
273.955
273.955
273.955
273.955
273.955
273.955
273.955
273.955
273.955
273.955
273.955
273.955
273.955
273.955
273.955
273.955
273.955
273.955
273.955
273.955
273.955
273.955
273.955
273.955
273.955
273.955
273.955
273.955
273.955
273.955
273.955
273.955
273.955
273.955
273.955
273.955
273.955
273.955
273.955
273.955
273.955
273.955
273.955
273.955
273.955
