943.696
843.052
805.014
772.048
725.17
666.56
633.03
609.284
586.451
568.407
554.07
538.108
520.995
504.177
490.77
475.249
463.205
456.484
449.089
441.572
435.436
430.414
424.489
416.902
408.963
400.661
392.404
384.457
379.609
374.709
370.055
365.173
359.818
352.673
343.778
334.226
326.673
320.987
319.357
317.778
316.406
313.251
310.34
308.62
306.102
304.072
302.254
301.318
299.96
298.297
297.074
295.568
293.739
291.572
290.148
289.041
287.936
286.381
285.602
284.17
283.531
282.752
282.122
280.586
279.089
278.412
277.785
276.721
276.6
276.294
275.712
275.082
274.957
274.768
274.232
273.719
273.534
273.403
273.403
273.403
273.403
273.403
273.398
273.378
273.358
273.358
273.358
273.358
273.357
273.317
273.134
272.793
272.793
272.793
272.793
272.793
272.793
272.793
272.793
272.793
272.793
272.793
272.793
272.793
272.793
272.793
272.793
272.793
272.793
272.793
272.793
272.793
272.793
272.793
272.793
272.793
272.793
272.793
272.793
272.793
272.793
272.793
272.793
272.793
272.793
272.793
272.793
272.793
272.793
272.793
272.793
272.793
272.793
272.793
272.793
272.793
272.793
272.793
272.793
272.793
272.793
272.793
272.793
272.793
272.793
272.793
272.793
272.793
272.793
272.793
272.793
272.793
272.793
272.793
272.793
272.793
272.793
272.793
272.793
272.793
272.793
272.793
272.793
272.793
272.793
272.793
272.793
272.793
272.793
272.793
272.793
272.793
272.793
272.793
272.793
272.793
272.793
272.793
272.793
272.793
272.793
272.793
272.793
272.793
272.793
272.793
272.793
272.793
272.793
272.793
272.793
272.793
272.793
272.793
272.793
272.793
272.793
272.793
272.793
272.793
