808.435
775.853
730.404
658.183
637.469
606.405
580.923
568.535
554.467
540.18
517.302
502.688
491.108
468.691
460.651
457.574
446.53
440.257
433.151
430.266
421.973
416.011
408.541
401.022
387.373
382.272
376.672
373.174
368.481
362.851
359.858
352.775
343.347
330.719
321.29
320.362
318.42
317.493
316.799
310.935
310.366
307.012
305.784
303.839
302.027
300.836
299.073
298.215
296.197
295.865
292.543
291.05
289.594
288.83
286.526
286.526
284.343
284.343
282.87
282.87
281.473
279.912
278.515
278.515
276.744
276.744
276.51
276.344
275.148
275.127
274.982
274.782
273.769
273.769
273.403
273.403
273.403
273.403
273.403
273.403
273.403
273.358
273.358
273.358
273.358
273.358
273.358
273.358
272.793
272.793
272.793
272.793
272.793
272.793
272.793
272.793
272.793
272.793
272.793
272.793
272.793
272.793
272.793
272.793
272.793
272.793
272.793
272.793
272.793
272.793
272.793
272.793
272.793
272.793
272.793
272.793
272.793
272.793
272.793
272.793
272.793
272.793
272.793
272.793
272.793
272.793
272.793
272.793
272.793
272.793
272.793
272.793
272.793
272.793
272.793
272.793
272.793
272.793
272.793
272.793
272.793
272.793
272.793
272.793
272.793
272.793
272.793
272.793
272.793
272.793
272.793
272.793
272.793
272.793
272.793
272.793
272.793
272.793
272.793
272.793
272.793
272.793
272.793
272.793
272.793
272.793
272.793
272.793
272.793
272.793
272.793
272.793
272.793
272.793
272.793
272.793
272.793
272.793
272.793
272.793
272.793
272.793
272.793
272.793
272.793
272.793
272.793
272.793
272.793
272.793
272.793
272.793
272.793
272.793
272.793
272.793
272.793
272.793
272.793
272.793
