821.844
793.919
755.929
716.272
675.481
660.96
636.456
587.168
577.491
560.481
548.58
525.216
524.441
508.507
490.963
483.865
475.645
466.322
461.94
453.553
447.538
440.471
427.477
418.994
415.148
412.574
400.038
391.146
384.569
378.769
376.583
371.158
366.124
359.397
356.635
352.18
344.998
344.352
335.936
331.021
330.987
326.571
324.94
319.48
319.446
316.216
315.051
314.368
309.467
309.467
309.145
307.639
306.309
306.212
305.151
303.934
302.776
301.852
300.724
300.255
299.031
297.846
294.43
291.436
291.436
289.743
289.743
289.116
283.639
283.639
282.919
282.919
282.354
282.354
282.354
282.354
282.354
282.354
282.354
282.354
282.354
282.354
282.354
282.354
281.054
281.054
280.676
280.676
280.676
280.676
280.676
280.676
280.676
280.676
279.079
279.079
279.079
279.079
279.079
279.079
279.045
279.045
279.045
277.865
277.865
277.865
277.865
277.865
277.865
277.865
277.865
277.865
277.865
277.865
277.865
277.865
277.865
277.865
277.865
277.865
277.865
277.865
277.865
277.865
277.865
277.865
277.865
277.865
277.865
277.865
277.865
277.865
277.865
277.865
277.865
277.865
277.865
277.865
277.865
277.865
277.865
277.865
277.865
277.865
277.865
277.865
277.865
277.865
277.865
277.865
277.865
277.865
277.865
277.865
277.865
277.865
277.865
277.865
277.865
277.865
277.865
277.865
277.865
277.865
277.865
277.865
277.865
277.865
277.865
277.865
277.865
277.865
277.865
277.865
277.865
277.865
277.865
277.865
277.865
277.865
277.865
277.865
277.865
277.865
277.865
277.865
277.865
277.865
277.865
277.865
277.865
277.865
277.865
277.865
277.865
277.865
277.865
277.865
277.865
277.865
