797.043
770.629
745.788
722.687
670.111
646.424
630.828
601.656
587.356
556.232
546.072
533.206
524.562
496.454
479.897
474.904
458.862
454.898
446.254
439.074
431.264
420.6
412.468
409.169
399.659
395.323
385.733
382.304
378.96
370.19
361.91
357.972
349.228
344.804
341.822
337.094
333.262
331.762
329.707
329.707
324.155
323.742
318.143
311.246
310.568
309.341
301.799
301.121
301.121
299.522
299.522
299.015
296.778
296.389
292.073
292.073
292.073
287.873
287.873
285.034
281.538
280.231
280.046
279.142
278.86
278.86
278.86
277.191
276.909
276.909
276.842
274.891
274.846
274.846
274.846
274.069
274.069
274.069
274.069
273.275
273.275
273.275
273.275
273.275
273.275
273.275
273.275
273.275
273.275
273.275
273.275
273.275
273.275
273.275
273.275
273.275
273.275
273.275
273.275
273.275
273.275
273.275
273.275
273.275
273.275
273.275
273.275
273.275
273.275
273.275
273.275
273.275
273.275
273.275
273.275
273.275
273.275
273.275
273.275
273.275
273.275
273.275
273.275
273.275
273.275
273.275
273.275
273.275
273.275
273.275
273.275
273.275
273.275
273.275
273.275
273.275
273.275
273.275
273.275
273.275
273.275
273.275
273.275
273.275
273.275
273.275
273.275
273.275
273.275
273.275
273.275
273.275
273.275
273.275
273.275
273.275
273.275
273.275
273.275
273.275
273.275
273.275
273.275
273.275
273.275
273.275
273.275
273.275
273.275
273.275
273.275
273.275
273.275
273.275
273.275
273.275
273.275
273.275
273.275
273.275
273.275
273.275
273.275
273.275
273.275
273.275
273.275
273.275
273.275
273.275
273.275
273.275
273.275
273.275
273.275
273.275
273.275
273.275
273.275
273.275
