804.771
778.247
716.732
679.944
645.328
618.691
596.247
578.633
556.189
539.497
525.68
510.989
479.833
479.833
466.23
455.66
445.949
438.552
432.463
421.005
418.757
409.537
405.237
390.084
385.223
376.21
371.349
370.185
364.984
359.199
357.461
355.006
349.928
347.426
343.605
340.125
336.699
333.032
330.244
326.825
322.234
317.729
316.122
315.541
313.934
309.236
307.256
306.036
304.155
302.935
300.307
296.605
296.511
296.511
292.808
292.808
290.965
288.965
287.359
286.721
285.792
285.56
284.631
284.631
283.734
283.703
282.336
282.336
281.132
281.132
281.132
281.132
280.204
280.204
279.735
279.6
279.6
279.6
277.029
277.029
277.029
276.543
276.543
276.543
276.235
275.75
275.75
275.75
275.75
275.705
275.705
275.705
275.705
275.705
275.705
275.705
275.705
275.009
274.843
274.843
274.843
274.843
274.843
274.843
274.843
274.843
274.843
274.843
274.843
274.843
274.513
274.513
274.513
274.513
274.513
274.513
274.513
274.513
274.513
274.513
274.513
274.513
274.513
274.513
274.513
274.513
274.513
274.513
274.513
274.513
274.513
274.513
274.513
274.513
274.513
274.513
274.513
274.513
274.513
272.578
272.065
272.065
272.065
271.699
271.699
271.699
271.699
271.699
271.699
271.699
271.699
271.699
271.699
271.699
271.699
271.699
271.699
271.699
271.699
271.699
271.699
271.699
271.699
271.699
271.699
271.699
271.699
271.699
271.699
271.699
271.699
271.699
271.699
271.699
271.699
271.699
271.699
271.699
271.699
271.699
271.699
271.699
271.699
271.699
271.699
271.699
271.699
271.699
271.699
271.699
271.699
271.699
271.699
271.699
271.699
271.699
271.699
271.699
271.699
271.699
