945.117
855.678
792.924
748.186
718.063
687.506
663.052
639.826
611.743
590.126
567.733
552.391
538.61
527.583
516.486
503.882
490.344
471.762
459.414
452.611
443.373
435.176
427.043
416.14
405.783
399.749
395.71
391.038
384.524
379.2
373.711
368.771
364.743
360.793
357.003
353.441
349.568
345.451
341.349
337.907
334.887
330.935
327.133
323.785
320.398
318.752
315.907
313.505
311.146
309.628
307.282
304.932
303.697
301.98
301.681
300.746
299.173
297.415
295.167
293.306
291.768
291.203
289.999
288.045
288.026
287.794
286.507
284.601
283.431
283.218
282.843
281.965
281.306
280.089
279.417
279.051
278.828
278.546
278.222
277.786
277.444
277.444
277.443
277.407
277.191
276.829
276.74
276.72
276.638
276.381
276.063
275.963
275.677
275.495
275.495
275.495
275.495
275.495
275.495
275.493
275.38
274.902
274.186
274.186
274.185
274.12
273.862
273.557
273.557
273.557
273.535
273.408
273.275
273.275
273.275
273.275
273.275
273.275
273.275
273.275
273.275
273.275
273.275
273.275
273.275
273.275
273.275
273.275
273.275
273.275
273.275
273.275
273.275
273.275
273.275
273.275
273.275
273.275
273.275
273.275
273.275
273.275
273.275
273.275
273.275
273.275
273.275
273.275
273.275
273.275
273.275
273.275
273.275
273.275
273.275
273.275
273.275
273.275
273.275
273.275
273.275
273.275
273.275
273.275
273.275
273.275
273.275
273.275
273.275
273.275
273.275
273.275
273.275
273.275
273.275
273.275
273.275
273.275
273.275
273.275
273.275
273.275
273.275
273.275
273.275
273.275
273.275
273.275
273.275
273.275
273.275
273.275
273.275
273.275
273.275
273.275
273.275
273.275
273.275
273.275
