953.45
888.819
829.84
784.411
741.983
711.588
682.531
643.72
608.525
586.1
568.895
551.774
535.645
513.235
494.503
478.335
468.855
460.742
453.7
445.599
437.004
424.701
410.58
402.931
398.611
394.721
391.463
388.491
383.835
378.179
373.235
368.5
363.099
357.185
354.676
351.215
346.183
342.289
340.319
335.848
326.876
322.322
321.276
320.324
318.703
315.996
312.849
312.273
311.549
310.634
309.569
307.313
304.723
303.124
300.353
298.276
296.011
293.584
293.402
292.494
291.238
290.981
290.208
288.971
288.246
287.205
286.885
286.492
286.459
286.292
285.58
284.116
282.34
279.354
279.263
279.066
278.79
278.191
277.46
277.32
277.312
277.274
277.054
276.748
276.748
276.748
276.748
276.747
276.695
276.438
276.041
275.986
275.923
275.884
275.884
275.884
275.884
275.884
275.884
275.884
275.884
275.882
275.796
275.388
274.911
274.911
274.911
274.911
274.911
274.911
274.911
274.911
274.911
274.911
274.911
274.911
274.911
274.911
274.911
274.911
274.911
274.911
274.911
274.911
274.911
274.911
274.911
274.911
274.911
274.911
274.909
274.884
274.744
274.473
274.181
274.105
274.049
274.049
274.049
274.049
274.049
274.049
274.049
274.049
274.049
274.049
274.049
274.049
274.049
274.049
274.049
274.049
274.049
274.049
274.049
274.049
274.049
274.049
274.049
274.049
274.049
274.049
274.049
274.049
274.049
274.049
274.049
274.049
274.049
274.049
274.049
274.049
274.049
274.049
274.049
274.049
274.049
274.049
274.049
274.049
274.049
274.049
274.049
274.049
274.049
274.049
274.049
274.049
274.049
274.049
274.049
274.049
274.049
274.049
274.049
274.049
274.049
274.049
274.049
274.049
