938.013
861.089
809.84
769.099
731.19
700.04
671.874
643.957
609.22
580.619
552.385
534.308
508.699
489.513
474.916
463.827
451.451
439.671
430.422
424.324
416.869
408.483
401.102
393.971
389.743
385.362
381.524
377.717
374.285
368.866
361.001
350.788
344.018
340.114
338.571
335.714
332.617
330.349
327.309
325.009
322.042
319.21
316.141
313.761
312.832
312.041
310.969
309.536
307.304
305.275
303.122
301.872
300.923
299.584
298.586
295.951
293.762
293.447
292.841
292.225
291.581
291.037
290.662
289.631
288.45
286.89
286.796
286.604
285.722
284.543
284.211
283.772
283.686
283.257
282.469
281.06
278.985
278.522
278.478
278.09
276.799
275.168
273.635
272.737
272.737
272.734
272.636
272.198
271.75
271.623
271.623
271.623
271.614
271.571
271.505
271.473
271.433
271.371
271.273
271.181
270.745
270.256
270.256
270.256
270.256
270.252
270.194
269.948
269.691
269.691
269.691
269.691
269.688
269.67
269.646
269.646
269.646
269.646
269.646
269.646
269.646
269.646
269.646
269.646
269.646
269.646
269.646
269.646
269.646
269.646
269.646
269.646
269.646
269.646
269.646
269.646
269.646
269.646
269.646
269.646
269.646
269.646
269.646
269.646
269.646
269.646
269.646
269.646
269.646
269.646
269.646
269.646
269.646
269.646
269.646
269.646
269.646
269.646
269.646
269.646
269.646
269.646
269.646
269.646
269.646
269.646
269.646
269.646
269.646
269.646
269.646
269.646
269.646
269.646
269.646
269.646
269.646
269.646
269.646
269.646
269.646
269.646
269.646
269.646
269.646
269.646
269.646
269.646
269.646
269.646
269.646
269.646
269.646
269.646
269.646
269.646
269.646
269.646
269.646
269.646
