786.585
773.234
741.013
717.71
692.384
671.045
649.755
611.007
594.575
562.031
534.579
517.492
478.606
456.329
454.98
439.455
431.839
428.708
422.081
417.337
402.539
401.555
382.205
378.501
375.89
373.211
368.973
359.25
358.95
357.935
350.123
350.123
345.932
345.932
336.632
336.632
333.207
332.668
327.687
324.715
321.539
320.222
319.342
313.912
312.439
309.598
309.516
305.918
301.604
300.132
299.736
298.845
298.845
298.845
295.835
294.309
290.894
289.608
289.608
289.608
288.386
288.386
287.698
287.698
287.698
287.159
287.159
287.159
286.869
286.869
286.824
286.824
286.824
286.824
286.824
286.824
286.824
286.824
286.824
286.824
286.824
286.824
286.824
286.824
286.824
286.824
286.824
286.824
286.824
286.824
286.824
286.824
286.824
286.824
286.824
286.824
286.824
286.824
286.824
286.824
286.824
286.824
286.824
286.351
286.351
286.351
286.351
286.351
286.351
286.351
286.351
285.342
285.342
285.342
285.342
285.342
285.342
285.342
285.342
285.342
285.342
285.342
285.342
285.342
285.342
285.342
285.342
285.342
285.342
285.09
285.09
282.85
282.598
282.598
282.117
282.117
280.937
280.937
280.937
280.937
279.558
279.558
279.558
279.558
279.558
279.558
279.558
279.558
279.558
279.558
279.558
279.558
279.558
279.558
279.558
279.558
279.558
279.558
279.558
279.558
279.558
279.558
279.558
279.558
279.558
279.558
279.558
279.558
279.558
279.558
279.558
279.558
279.558
279.558
279.558
279.558
279.558
279.558
279.558
279.558
279.558
279.558
277.772
277.772
277.772
277.772
277.772
277.772
277.772
277.772
277.772
277.772
277.772
275.265
275.265
274.545
274.545
274.545
274.545
274.145
