938.448
872.546
825.276
789.161
754.016
720.707
682.818
655.57
627.454
596.667
578.881
564.507
549.828
534.526
522.227
512.352
499.045
487.068
479.659
471.305
462.961
456.314
449.112
441.326
433.755
425.274
418.156
411.521
402.841
394.249
387.362
381.728
377.101
372.687
367.585
361.865
356.986
352.136
347.203
342.23
336.72
332.851
330.43
328.221
325.077
321.702
318.834
317.072
315.381
314.078
311.604
309.425
309.09
308.074
306.879
306.106
305.433
304.309
303.07
302.137
301.278
300.429
299.529
297.797
295.178
293.087
291.172
290.307
289.679
289.268
287.476
283.686
283.327
282.885
282.713
282.355
282.354
282.354
282.354
282.354
282.354
282.354
282.354
282.354
282.35
282.242
281.8
281.033
280.919
280.716
280.676
280.676
280.676
280.676
280.673
280.571
280.127
279.232
279.079
279.079
279.079
279.076
279.063
279.04
278.898
278.32
277.865
277.865
277.865
277.865
277.865
277.865
277.865
277.865
277.865
277.865
277.865
277.865
277.865
277.865
277.865
277.865
277.865
277.865
277.865
277.865
277.865
277.865
277.865
277.865
277.865
277.865
277.865
277.865
277.865
277.865
277.865
277.865
277.865
277.865
277.865
277.865
277.865
277.865
277.865
277.865
277.865
277.865
277.865
277.865
277.865
277.865
277.865
277.865
277.865
277.865
277.865
277.865
277.865
277.865
277.865
277.865
277.865
277.865
277.865
277.865
277.865
277.865
277.865
277.865
277.865
277.865
277.865
277.865
277.865
277.865
277.865
277.865
277.865
277.865
277.865
277.865
277.865
277.865
277.865
277.865
277.865
277.865
277.865
277.865
277.865
277.865
277.865
277.865
277.865
277.865
277.865
277.865
277.865
277.865
