947.565
876.805
827.873
777.775
731.296
692.15
658.638
629.923
609.886
582.775
558.86
543.43
529.709
513.992
497.845
482.869
468
454.286
444.032
435.284
430.206
418.462
408.191
399.191
391.961
384.098
375.483
368.858
363.802
355.084
348.486
345.247
341.235
339.37
338.28
335.907
332.974
329.775
326.845
324.608
323.383
321.737
320.282
319.184
317.46
315.358
313.955
312.374
310.816
309.984
307.788
304.499
302.331
300.214
298.988
297.555
296.165
294.788
293.827
291.757
288.779
287.725
287.389
286.61
286.077
285.883
285.41
284.486
283.457
283.433
283.394
283.229
282.679
281.989
281.875
281.603
281.44
281.402
281.383
281.31
281.221
281.193
281.14
280.772
280.126
280.122
280.103
280.081
280.081
280.081
280.081
280.081
280.081
280.081
280.08
280.031
279.74
279.441
279.441
279.441
279.441
279.441
279.441
279.441
279.441
279.441
279.441
279.441
279.441
279.441
279.441
279.441
279.441
279.441
279.441
279.441
279.441
279.441
279.441
279.441
279.441
279.441
279.441
279.441
279.441
279.441
279.441
279.441
279.441
279.441
279.441
279.441
279.441
279.441
279.441
279.441
279.441
279.441
279.441
279.441
279.441
279.441
279.441
279.441
279.441
279.435
279.172
277.918
276.369
276.369
276.368
276.292
275.928
275.641
275.641
275.641
275.641
275.641
275.641
275.641
275.641
275.641
275.641
275.641
275.641
275.641
275.641
275.641
275.641
275.641
275.641
275.641
275.641
275.641
275.641
275.641
275.641
275.641
275.641
275.641
275.641
275.641
275.641
275.638
275.531
275.028
274.331
274.331
274.331
274.331
274.331
274.331
274.331
274.331
274.331
274.331
274.331
274.331
274.331
274.331
