817.724
778.494
713.634
679.027
657.584
640.188
619.326
582.736
555.344
543.734
520.703
510.366
496.959
487.967
477.602
467.345
457.606
445.962
434.677
425.415
419.382
419.027
403.023
396.635
393.873
389.713
386.526
381.47
375.879
373.344
365.278
357.08
351.35
345.959
344.951
343.347
335.275
333.671
328.316
326.237
322.916
316.254
316.044
316.044
312.902
309.743
309.743
307.145
307.145
305.621
303.806
300.486
299.07
299.07
295.71
295.71
295.686
292.03
288.376
288.376
286.406
285.594
282.184
278.839
278.839
278.839
278.839
278.839
278.027
277.378
277.378
277.355
276.008
275.972
275.948
275.46
275.178
275.178
274.63
274.63
274.63
274.63
274.63
274.63
274.63
274.63
274.63
274.63
274.63
274.63
274.63
274.63
274.63
274.63
274.63
274.63
274.63
274.63
274.63
274.63
274.63
274.63
274.63
274.63
274.63
274.63
274.63
273.657
273.657
273.657
273.657
273.657
273.657
273.657
273.657
273.657
273.657
273.657
273.657
273.657
273.657
273.657
273.657
273.657
273.657
273.657
273.657
273.657
273.657
273.657
273.657
273.657
273.657
273.657
273.657
273.657
273.657
273.657
273.657
273.657
273.657
273.657
273.657
273.657
273.657
273.657
273.657
273.657
273.657
273.657
273.657
273.657
273.657
273.657
273.657
273.657
273.657
273.657
273.657
273.657
273.657
273.657
273.657
273.657
273.657
273.657
273.657
273.657
273.657
273.657
273.657
273.657
273.657
273.657
273.657
273.657
273.657
273.657
273.657
273.657
273.657
273.657
273.657
273.657
273.657
273.657
273.657
273.657
273.657
273.657
273.657
273.657
273.657
273.657
273.657
273.657
273.657
273.657
273.657
273.657
