944.779
864.866
817.369
773.822
727.057
687.721
660.139
641.668
619.47
591.922
563.721
541.198
523.293
510.013
499.705
489.718
481.337
469.462
458.309
449.163
439.835
430.843
422.99
416.606
407.986
399.47
394.619
390.768
386.853
382.53
377.811
373.305
366.263
357.76
352.608
348.161
345.227
343.345
339.605
334.287
330.943
326.883
324.126
320.008
316.543
315.737
314.352
311.72
309.65
308.431
306.808
305.664
303.968
302.143
300.032
299
297.655
295.833
295.312
293.437
290.354
288.244
287.528
285.946
284.471
281.775
279.11
278.839
278.837
278.758
278.393
277.695
277.371
277.23
276.662
275.986
275.897
275.628
275.293
275.033
274.656
274.63
274.63
274.63
274.63
274.63
274.63
274.63
274.63
274.63
274.63
274.63
274.63
274.63
274.63
274.63
274.63
274.63
274.63
274.63
274.63
274.63
274.63
274.63
274.63
274.63
274.63
274.628
274.57
274.204
273.657
273.657
273.657
273.657
273.657
273.657
273.657
273.657
273.657
273.657
273.657
273.657
273.657
273.657
273.657
273.657
273.657
273.657
273.657
273.657
273.657
273.657
273.657
273.657
273.657
273.657
273.657
273.657
273.657
273.657
273.657
273.657
273.657
273.657
273.657
273.657
273.657
273.657
273.657
273.657
273.657
273.657
273.657
273.657
273.657
273.657
273.657
273.657
273.657
273.657
273.657
273.657
273.657
273.657
273.657
273.657
273.657
273.657
273.657
273.657
273.657
273.657
273.657
273.657
273.657
273.657
273.657
273.657
273.657
273.657
273.657
273.657
273.657
273.657
273.657
273.657
273.657
273.657
273.657
273.657
273.657
273.657
273.657
273.657
273.657
273.657
273.657
273.657
273.657
273.657
