29.0568
28.0097
26.2115
23.857
21.1908
20.9492
18.8244
17.9577
17.7246
15.5762
15.3116
14.1921
13.0029
12.66
11.9921
11.5113
11.5113
11.2543
11.2543
11.0769
11.0321
11.0141
10.9497
10.9497
10.5477
10.4192
9.76935
8.54664
8.54664
8.25103
7.64803
7.64803
7.25004
7.25004
6.93133
6.93133
6.66777
6.66777
6.66777
6.58504
6.58504
6.58504
6.34906
6.26632
6.26632
6.26632
6.26632
6.25039
6.25039
6.25039
6.25039
6.25039
6.25039
6.25039
6.25039
6.25039
6.25039
6.25039
6.25039
6.25039
6.25039
6.25039
6.25039
6.25039
6.25039
6.25039
6.25039
6.25039
6.25039
6.25039
6.25039
6.25039
6.25039
6.25039
6.25039
6.25039
6.25039
6.25039
6.25039
6.25039
6.25039
6.25039
6.25039
6.25039
6.25039
6.25039
6.25039
6.25039
6.25039
6.25039
6.25039
6.25039
6.25039
6.25039
6.25039
6.25039
6.25039
6.25039
6.25039
6.25039
