30.0692
27.689
25.4412
23.1252
22.4337
20.5637
18.761
18.7181
17.7764
16.0672
15.4586
14.5979
13.8269
13.8269
13.0914
12.9247
12.1847
11.5272
11.4442
11.14
10.931
10.272
10.1891
9.86979
9.1146
9.1146
9.09002
8.68764
8.66306
8.66306
8.37933
8.03418
8.03418
7.63619
7.63619
7.63619
7.42772
7.36778
7.29224
7.07804
7.05125
6.99291
6.95156
6.93903
6.67126
6.62991
6.59191
6.43737
6.42143
6.42143
6.42143
6.39937
6.38344
6.25039
6.25039
6.25039
6.25039
6.25039
6.25039
6.25039
6.25039
6.25039
6.25039
6.25039
6.25039
6.25039
6.25039
6.25039
6.25039
6.25039
6.25039
6.25039
6.25039
6.25039
6.25039
6.25039
6.25039
6.25039
6.25039
6.25039
6.25039
6.25039
6.25039
6.25039
6.25039
6.25039
6.25039
6.25039
6.25039
6.25039
6.25039
6.25039
6.25039
6.25039
6.25039
6.25039
6.25039
6.25039
6.25039
6.25039
