30.8012
28.5485
26.3785
24.8474
22.5743
22.4741
19.7083
18.3653
17.7647
15.9542
15.9542
15.4935
15.356
14.7612
14.025
14.0245
13.6148
12.4136
11.6788
11.6226
11.6226
11.5714
11.2908
11.0643
10.7397
10.7127
10.3808
9.92703
9.59355
8.34893
8.06713
8.012
7.73374
7.69499
7.42964
7.35822
7.31947
7.01532
6.60105
6.60105
6.59997
6.59063
6.58955
6.50505
6.50397
6.40046
6.40046
6.30338
6.30338
6.30338
6.29568
6.29297
6.25048
6.24007
6.23237
6.23237
6.23237
6.23237
6.23237
6.23237
6.23237
6.23237
6.23237
6.23237
6.23237
6.23237
6.23237
6.23237
6.23237
6.23237
6.23237
6.23237
6.23237
6.23237
6.23237
6.23237
6.23237
6.23237
6.23237
6.23237
6.23237
6.23237
6.23237
6.23237
6.23237
6.23237
6.23237
6.23237
6.23237
6.23237
6.23237
6.23237
6.23237
6.23237
6.23237
6.23237
6.23237
6.23237
6.23237
6.23237
