29.5672
25.8557
24.6968
22.9087
21.7052
21.0716
19.8102
19.4212
18.2977
16.5295
16.368
15.7517
15.0344
14.4324
13.2802
12.6449
12.4043
12.1055
11.285
11.2304
10.2662
9.6121
9.06967
8.79666
8.18922
7.78359
7.36899
7.36899
7.36678
7.128
6.99149
6.8513
6.61031
6.61031
6.41405
6.39811
6.33121
6.31528
6.30443
6.28849
6.28849
6.26632
6.25039
6.25039
6.25039
6.25039
6.25039
6.25039
6.25039
6.25039
6.25039
6.25039
6.25039
6.25039
6.25039
6.25039
6.25039
6.25039
6.25039
6.25039
6.25039
6.25039
6.25039
6.25039
6.25039
6.25039
6.25039
6.25039
6.25039
6.25039
6.25039
6.25039
6.25039
6.25039
6.25039
6.25039
6.25039
6.25039
6.25039
6.25039
6.25039
6.25039
6.25039
6.25039
6.25039
6.25039
6.25039
6.25039
6.25039
6.25039
6.25039
6.25039
6.25039
6.25039
6.25039
6.25039
6.25039
6.25039
6.25039
6.25039
