35.7707
31.8653
29.0134
26.4777
25.0641
23.8012
22.3039
21.2318
20.3307
19.3988
18.3559
17.2165
16.445
16.0564
15.3218
14.6145
13.8243
12.9233
12.5053
12.089
11.6197
11.164
10.6811
9.89878
9.34056
8.83392
8.34618
7.90218
7.60439
7.3701
7.32103
7.16595
7.03108
6.85953
6.70194
6.57735
6.46569
6.4026
6.36072
6.31959
6.3076
6.29642
6.2866
6.27546
6.25323
6.25039
6.25039
6.25039
6.25039
6.25039
6.25039
6.25039
6.25039
6.25039
6.25039
6.25039
6.25039
6.25039
6.25039
6.25039
6.25039
6.25039
6.25039
6.25039
6.25039
6.25039
6.25039
6.25039
6.25039
6.25039
6.25039
6.25039
6.25039
6.25039
6.25039
6.25039
6.25039
6.25039
6.25039
6.25039
6.25039
6.25039
6.25039
6.25039
6.25039
6.25039
6.25039
6.25039
6.25039
6.25039
6.25039
6.25039
6.25039
6.25039
6.25039
6.25039
6.25039
6.25039
6.25039
6.25039
