36.3038
31.0003
27.9077
26.4551
25.1056
23.4681
21.4862
19.5978
18.125
16.7516
15.55
14.2681
13.6534
13.2037
12.9171
12.2252
11.3101
10.9196
10.6357
10.3941
9.96156
9.40502
8.99468
8.81699
8.56921
8.3322
8.20713
8.00341
7.93798
7.87696
7.80319
7.67037
7.58425
7.50235
7.30248
7.01805
6.93463
6.84677
6.6618
6.56369
6.45692
6.36018
6.32101
6.29057
6.26814
6.24645
6.23958
6.23237
6.23237
6.23237
6.23237
6.23237
6.23237
6.23237
6.23237
6.23237
6.23237
6.23237
6.23237
6.23237
6.23237
6.23237
6.23237
6.23237
6.23237
6.23237
6.23237
6.23237
6.23237
6.23237
6.23237
6.23237
6.23237
6.23237
6.23237
6.23237
6.23237
6.23237
6.23237
6.23237
6.23237
6.23237
6.23237
6.23237
6.23237
6.23237
6.23237
6.23237
6.23237
6.23237
6.23237
6.23237
6.23237
6.23237
6.23237
6.23237
6.23237
6.23237
6.23237
6.23237
