36.558
32.8671
30.363
27.9526
24.7328
22.4735
20.1681
18.2766
17.6996
17.0053
16.2209
15.48
14.6936
13.9929
13.4009
12.9387
12.4424
11.853
11.5107
11.2241
11.0279
10.81
10.4055
9.87305
9.19064
8.66566
8.39445
7.9273
7.68108
7.48795
7.28507
7.07753
6.829
6.62075
6.5872
6.55586
6.50511
6.44813
6.37533
6.35695
6.31257
6.26412
6.23964
6.23818
6.23514
6.23237
6.23237
6.23237
6.23237
6.23237
6.23237
6.23237
6.23237
6.23237
6.23237
6.23237
6.23237
6.23237
6.23237
6.23237
6.23237
6.23237
6.23237
6.23237
6.23237
6.23237
6.23237
6.23237
6.23237
6.23237
6.23237
6.23237
6.23237
6.23237
6.23237
6.23237
6.23237
6.23237
6.23237
6.23237
6.23237
6.23237
6.23237
6.23237
6.23237
6.23237
6.23237
6.23237
6.23237
6.23237
6.23237
6.23237
6.23237
6.23237
6.23237
6.23237
6.23237
6.23237
6.23237
6.23237
