35.826
32.105
29.8283
27.8113
25.476
23.4638
22.102
20.8571
19.6356
18.3145
17.1255
16.2468
15.4005
14.6404
13.4464
12.4199
11.8838
11.3544
11.0077
10.3924
9.85617
9.58919
9.382
9.26163
9.15625
9.00287
8.83927
8.6856
8.5531
8.3808
8.16941
7.79828
7.31596
7.15803
7.06053
6.90327
6.76599
6.67392
6.61024
6.55587
6.48882
6.48295
6.46176
6.44396
6.4298
6.42071
6.41482
6.39187
6.33914
6.27349
6.25301
6.25039
6.25039
6.25039
6.25039
6.25039
6.25039
6.25039
6.25039
6.25039
6.25039
6.25039
6.25039
6.25039
6.25039
6.25039
6.25039
6.25039
6.25039
6.25039
6.25039
6.25039
6.25039
6.25039
6.25039
6.25039
6.25039
6.25039
6.25039
6.25039
6.25039
6.25039
6.25039
6.25039
6.25039
6.25039
6.25039
6.25039
6.25039
6.25039
6.25039
6.25039
6.25039
6.25039
6.25039
6.25039
6.25039
6.25039
6.25039
6.25039
