28.991
28.5676
25.4839
23.904
22.6586
19.6885
19.4254
18.2626
17.1277
15.9725
15.8539
14.9195
13.6417
12.8829
12.5278
12.0609
11.3042
10.6086
10.2935
10.0762
9.51101
9.32894
9.09596
8.64183
8.27883
8.27883
8.03149
7.66849
7.66849
7.22557
7.22557
7.20963
7.07056
6.71435
6.55934
6.54341
6.54341
6.54341
6.46057
6.33322
6.25039
6.25039
6.25039
6.25039
6.25039
6.25039
6.25039
6.25039
6.25039
6.25039
6.25039
6.25039
6.25039
6.25039
6.25039
6.25039
6.25039
6.25039
6.25039
6.25039
6.25039
6.25039
6.25039
6.25039
6.25039
6.25039
6.25039
6.25039
6.25039
6.25039
6.25039
6.25039
6.25039
6.25039
6.25039
6.25039
6.25039
6.25039
6.25039
6.25039
6.25039
6.25039
6.25039
6.25039
6.25039
6.25039
6.25039
6.25039
6.25039
6.25039
6.25039
6.25039
6.25039
6.25039
6.25039
6.25039
6.25039
6.25039
6.25039
6.25039
