30.0552
26.8611
23.8266
21.4982
20.8666
18.7289
17.6149
16.4422
14.1186
14.1186
13.4338
13.1224
13.1215
13.0185
12.5654
12.4644
12.0683
11.7083
11.5761
11.1331
10.9909
10.9781
10.8598
10.0485
10.0485
9.96803
8.87106
8.02752
7.54568
7.54568
7.42068
7.2251
7.2251
7.14226
6.88472
6.68914
6.6063
6.6063
6.44674
6.44674
6.44674
6.29174
6.29174
6.29174
6.25039
6.25039
6.25039
6.25039
6.25039
6.25039
6.25039
6.25039
6.25039
6.25039
6.25039
6.25039
6.25039
6.25039
6.25039
6.25039
6.25039
6.25039
6.25039
6.25039
6.25039
6.25039
6.25039
6.25039
6.25039
6.25039
6.25039
6.25039
6.25039
6.25039
6.25039
6.25039
6.25039
6.25039
6.25039
6.25039
6.25039
6.25039
6.25039
6.25039
6.25039
6.25039
6.25039
6.25039
6.25039
6.25039
6.25039
6.25039
6.25039
6.25039
6.25039
6.25039
6.25039
6.25039
6.25039
6.25039
