28.5262
26.4075
25.3352
23.092
20.4328
18.7141
18.7141
16.5242
15.4205
15.3646
14.7847
14.3832
13.7474
13.0736
12.6758
10.7915
9.53119
9.1269
8.91307
8.56965
7.99887
7.99887
7.81861
7.68013
7.49987
7.33674
6.80793
6.6448
6.46278
6.46278
6.42143
6.32984
6.29174
6.29174
6.29174
6.28849
6.28849
6.25039
6.25039
6.25039
6.25039
6.25039
6.25039
6.25039
6.25039
6.25039
6.25039
6.25039
6.25039
6.25039
6.25039
6.25039
6.25039
6.25039
6.25039
6.25039
6.25039
6.25039
6.25039
6.25039
6.25039
6.25039
6.25039
6.25039
6.25039
6.25039
6.25039
6.25039
6.25039
6.25039
6.25039
6.25039
6.25039
6.25039
6.25039
6.25039
6.25039
6.25039
6.25039
6.25039
6.25039
6.25039
6.25039
6.25039
6.25039
6.25039
6.25039
6.25039
6.25039
6.25039
6.25039
6.25039
6.25039
6.25039
6.25039
6.25039
6.25039
6.25039
6.25039
6.25039
