36.3588
32.9864
30.0045
28.3801
26.6506
24.6288
22.5157
20.8647
19.7814
18.4117
17.4998
16.3105
15.1868
14.308
13.3803
12.7642
12.1983
11.7401
11.5211
11.4088
11.2397
11.1757
11.0532
11.0199
10.9806
10.9179
10.7615
10.417
9.89148
9.07953
8.49832
8.26986
7.90657
7.55688
7.30373
7.21428
7.0636
6.91535
6.86229
6.75994
6.66033
6.62831
6.58457
6.56731
6.43518
6.27119
6.26632
6.26626
6.26464
6.25791
6.25039
6.25039
6.25039
6.25039
6.25039
6.25039
6.25039
6.25039
6.25039
6.25039
6.25039
6.25039
6.25039
6.25039
6.25039
6.25039
6.25039
6.25039
6.25039
6.25039
6.25039
6.25039
6.25039
6.25039
6.25039
6.25039
6.25039
6.25039
6.25039
6.25039
6.25039
6.25039
6.25039
6.25039
6.25039
6.25039
6.25039
6.25039
6.25039
6.25039
6.25039
6.25039
6.25039
6.25039
6.25039
6.25039
6.25039
6.25039
6.25039
6.25039
