36.3193
32.382
29.7257
27.9786
26.5799
24.9136
23.6934
22.3345
20.6411
19.3875
18.7603
18.1595
17.0655
16.0311
15.1201
14.5356
13.8213
13.1536
12.8326
12.3598
11.6916
10.9382
10.5349
10.346
9.84105
9.34087
8.83125
8.3687
8.14774
8.09068
8.01013
7.82165
7.68731
7.6086
7.41614
7.14082
6.892
6.82908
6.74009
6.70119
6.60855
6.48056
6.45182
6.44778
6.44663
6.43011
6.38021
6.30193
6.27712
6.27503
6.26303
6.25039
6.25039
6.25039
6.25039
6.25039
6.25039
6.25039
6.25039
6.25039
6.25039
6.25039
6.25039
6.25039
6.25039
6.25039
6.25039
6.25039
6.25039
6.25039
6.25039
6.25039
6.25039
6.25039
6.25039
6.25039
6.25039
6.25039
6.25039
6.25039
6.25039
6.25039
6.25039
6.25039
6.25039
6.25039
6.25039
6.25039
6.25039
6.25039
6.25039
6.25039
6.25039
6.25039
6.25039
6.25039
6.25039
6.25039
6.25039
6.25039
