35.5212
30.9493
28.4223
26.7262
25.2323
23.4135
21.4369
19.7316
18.4216
17.2023
16.0794
15.3588
14.9991
14.5036
13.9856
13.3677
12.5992
11.4591
9.98844
9.3439
8.98519
8.69444
8.3323
7.98772
7.92121
7.80678
7.68149
7.44734
7.10736
6.72408
6.56907
6.46031
6.44667
6.41333
6.37237
6.31732
6.29157
6.29085
6.2866
6.27302
6.25039
6.25039
6.25039
6.25039
6.25039
6.25039
6.25039
6.25039
6.25039
6.25039
6.25039
6.25039
6.25039
6.25039
6.25039
6.25039
6.25039
6.25039
6.25039
6.25039
6.25039
6.25039
6.25039
6.25039
6.25039
6.25039
6.25039
6.25039
6.25039
6.25039
6.25039
6.25039
6.25039
6.25039
6.25039
6.25039
6.25039
6.25039
6.25039
6.25039
6.25039
6.25039
6.25039
6.25039
6.25039
6.25039
6.25039
6.25039
6.25039
6.25039
6.25039
6.25039
6.25039
6.25039
6.25039
6.25039
6.25039
6.25039
6.25039
6.25039
