36.0775
32.68
29.8135
27.6669
25.4642
24.061
22.5497
20.8109
19.5035
18.7476
17.7406
16.5509
15.8126
15.1557
14.0282
13.1775
12.5251
12.029
11.5845
10.919
10.4433
10.0824
9.69642
9.39333
9.14533
8.77247
8.41989
8.24498
8.05554
7.72241
7.64281
7.49103
7.2243
7.20697
7.10925
6.86391
6.62145
6.54822
6.54316
6.5356
6.48585
6.37902
6.28387
6.25039
6.25039
6.25039
6.25039
6.25039
6.25039
6.25039
6.25039
6.25039
6.25039
6.25039
6.25039
6.25039
6.25039
6.25039
6.25039
6.25039
6.25039
6.25039
6.25039
6.25039
6.25039
6.25039
6.25039
6.25039
6.25039
6.25039
6.25039
6.25039
6.25039
6.25039
6.25039
6.25039
6.25039
6.25039
6.25039
6.25039
6.25039
6.25039
6.25039
6.25039
6.25039
6.25039
6.25039
6.25039
6.25039
6.25039
6.25039
6.25039
6.25039
6.25039
6.25039
6.25039
6.25039
6.25039
6.25039
6.25039
