29.6359
27.2165
24.8416
22.7478
22.6123
20.5569
19.4603
17.998
16.717
16.2623
15.0242
14.7912
12.5774
12.4428
11.4475
11.4356
10.9566
10.0143
9.72142
9.34932
9.34932
9.07841
9.07841
8.8826
8.69236
8.64987
8.48217
8.09074
8.0904
7.39069
7.18051
7.18051
6.98424
6.80415
6.72131
6.62247
6.62247
6.48913
6.48913
6.48902
6.44778
6.44778
6.421
6.421
6.42089
6.28849
6.28849
6.25039
6.25039
6.25039
6.25039
6.25039
6.25039
6.25039
6.25039
6.25039
6.25039
6.25039
6.25039
6.25039
6.25039
6.25039
6.25039
6.25039
6.25039
6.25039
6.25039
6.25039
6.25039
6.25039
6.25039
6.25039
6.25039
6.25039
6.25039
6.25039
6.25039
6.25039
6.25039
6.25039
6.25039
6.25039
6.25039
6.25039
6.25039
6.25039
6.25039
6.25039
6.25039
6.25039
6.25039
6.25039
6.25039
6.25039
6.25039
6.25039
6.25039
6.25039
6.25039
6.25039
