27.086
24.8321
22.8197
21.6909
19.9129
18.7841
18.4108
17.5961
16.8819
16.7697
15.1704
14.4716
13.7327
13.4496
13.1041
12.7772
12.1886
11.5599
10.6767
9.95867
9.77412
9.03434
8.29374
8.10919
7.92711
7.88435
7.67531
7.22596
6.8043
6.72272
6.52589
6.37123
6.37123
6.28849
6.28849
6.28849
6.25039
6.25039
6.25039
6.25039
6.25039
6.25039
6.25039
6.25039
6.25039
6.25039
6.25039
6.25039
6.25039
6.25039
6.25039
6.25039
6.25039
6.25039
6.25039
6.25039
6.25039
6.25039
6.25039
6.25039
6.25039
6.25039
6.25039
6.25039
6.25039
6.25039
6.25039
6.25039
6.25039
6.25039
6.25039
6.25039
6.25039
6.25039
6.25039
6.25039
6.25039
6.25039
6.25039
6.25039
6.25039
6.25039
6.25039
6.25039
6.25039
6.25039
6.25039
6.25039
6.25039
6.25039
6.25039
6.25039
6.25039
6.25039
6.25039
6.25039
6.25039
6.25039
6.25039
6.25039
