35.8501
31.3157
28.9944
26.4387
24.535
23.0067
21.7848
20.246
18.6145
17.2151
15.4696
14.4025
14.1131
13.6963
13.3075
12.7975
12.2911
11.7317
11.175
10.9338
10.6177
10.2426
9.80569
9.42079
9.08577
8.93959
8.71624
8.49624
8.37348
8.26089
8.11585
8.07936
8.01094
7.86216
7.62431
7.41941
7.26566
7.24747
7.16325
6.95729
6.8718
6.80597
6.77922
6.7461
6.68516
6.54507
6.35802
6.29876
6.29291
6.28692
6.26181
6.24977
6.2456
6.24007
6.24007
6.24007
6.24007
6.24007
6.24003
6.23942
6.23659
6.23239
6.23237
6.23237
6.23237
6.23237
6.23237
6.23237
6.23237
6.23237
6.23237
6.23237
6.23237
6.23237
6.23237
6.23237
6.23237
6.23237
6.23237
6.23237
6.23237
6.23237
6.23237
6.23237
6.23237
6.23237
6.23237
6.23237
6.23237
6.23237
6.23237
6.23237
6.23237
6.23237
6.23237
6.23237
6.23237
6.23237
6.23237
6.23237
