36.3338
32.4551
29.409
27.2669
25.4959
23.7339
22.3415
20.9706
19.8384
18.9431
17.9596
16.8748
16.0164
15.1122
14.1835
13.6055
13.2452
12.675
11.9277
11.5394
11.387
11.0432
10.5594
10.2015
9.8817
9.58007
9.34712
9.16351
9.13538
9.00783
8.51024
7.92273
7.87574
7.85878
7.77667
7.57356
7.28758
7.02121
6.66875
6.52207
6.50681
6.44541
6.39499
6.36029
6.32747
6.30961
6.29223
6.28762
6.28254
6.27864
6.25956
6.24007
6.24007
6.24007
6.24007
6.24007
6.24007
6.24005
6.23965
6.23788
6.23489
6.23237
6.23237
6.23237
6.23237
6.23237
6.23237
6.23237
6.23237
6.23237
6.23237
6.23237
6.23237
6.23237
6.23237
6.23237
6.23237
6.23237
6.23237
6.23237
6.23237
6.23237
6.23237
6.23237
6.23237
6.23237
6.23237
6.23237
6.23237
6.23237
6.23237
6.23237
6.23237
6.23237
6.23237
6.23237
6.23237
6.23237
6.23237
6.23237
