29.3817
27.152
25.6571
24.1731
22.7121
21.4564
20.6156
19.8431
19.0194
18.1968
17.5532
16.9382
16.3823
15.945
15.4535
15.0951
14.7275
14.2945
13.8676
13.4617
13.0795
12.8036
12.5246
12.2726
12.0103
11.8263
11.688
11.5583
11.465
11.3596
11.1823
11.0046
10.8399
10.7939
10.7231
10.6856
10.6364
10.5603
10.4568
10.4085
10.3784
10.3077
10.2132
10.041
9.98863
9.9533
9.94778
9.91992
9.88752
9.88649
9.88199
9.86896
9.84677
9.8298
9.8298
9.8298
9.8298
9.8298
9.8298
9.8298
9.8298
9.8298
9.8298
9.8298
9.8298
9.8298
9.8298
9.8298
9.8298
9.8298
9.8298
9.8298
9.8298
9.8298
9.8298
9.8298
9.8298
9.8298
9.8298
9.8298
9.8298
9.8298
9.8298
9.8298
9.8298
9.8298
9.8298
9.8298
9.8298
9.8298
9.8298
9.8298
9.8298
9.8298
9.8298
9.8298
9.8298
9.8298
9.8298
9.8298
