29.325
27.0512
25.533
23.6587
21.3584
19.771
19.023
18.3379
17.7036
17.02
16.4562
15.7891
15.1207
14.5893
14.1972
13.9475
13.6162
13.2335
13.0436
12.8185
12.544
12.165
11.8945
11.8328
11.7372
11.66
11.5615
11.3784
11.1873
10.9248
10.6684
10.5258
10.3313
10.2747
10.2172
10.1951
10.1555
10.1035
10.0514
10.0218
10.0022
9.97924
9.95313
9.93878
9.9006
9.85766
9.85266
9.82936
9.81081
9.80819
9.79396
9.78241
9.78195
9.77992
9.77645
9.77275
9.75346
9.71676
9.67486
9.64698
9.64698
9.64698
9.64698
9.64698
9.64698
9.64698
9.64698
9.64698
9.64698
9.64698
9.64698
9.64698
9.64698
9.64698
9.64698
9.64698
9.64698
9.64698
9.64698
9.64698
9.64698
9.64698
9.64698
9.64698
9.64698
9.64698
9.64698
9.64698
9.64698
9.64698
9.64698
9.64698
9.64698
9.64698
9.64698
9.64698
9.64698
9.64698
9.64698
9.64698
