25.2552
22.8352
20.684
20.3319
19.0619
17.9647
16.8071
16.3717
16.0725
15.5966
15.1205
14.4199
13.5991
13.0646
12.715
12.5743
12.4723
12.2287
12.0749
11.4806
11.3257
11.1168
10.9894
10.9705
10.7617
10.5753
10.5564
10.42
10.42
10.4119
10.3481
10.3068
10.3068
10.1774
10.1774
10.092
10.0365
10.0365
9.86857
9.78322
9.72772
9.72772
9.7099
9.6972
9.6972
9.6972
9.6972
9.6972
9.6972
9.6972
9.6972
9.6972
9.6972
9.6972
9.6972
9.6972
9.6972
9.6972
9.6972
9.6972
9.6972
9.6972
9.6972
9.6972
9.6972
9.6972
9.6972
9.6972
9.6972
9.6972
9.6972
9.6972
9.6972
9.6972
9.6972
9.6972
9.6972
9.6972
9.6972
9.6972
9.6972
9.6972
9.6972
9.6972
9.6972
9.6972
9.6972
9.6972
9.6972
9.6972
9.6972
9.6972
9.6972
9.6972
9.6972
9.6972
9.6972
9.6972
9.6972
9.6972
