29.1637
26.6732
25.0899
23.3564
22.0184
21.0271
19.8576
18.8221
17.8137
16.7242
15.6395
15.1688
14.5873
13.8441
13.462
13.1135
12.7229
12.2264
11.7616
11.291
10.8548
10.6125
10.5118
10.4643
10.3874
10.2819
10.1154
10.1069
10.085
10.0372
9.92026
9.80311
9.79313
9.75874
9.71572
9.71506
9.71438
9.71092
9.69866
9.67169
9.64857
9.64744
9.64188
9.63325
9.63264
9.61059
9.49159
9.31896
9.31297
9.31297
9.31297
9.31297
9.31297
9.31297
9.31297
9.31297
9.31297
9.31297
9.31297
9.31297
9.31297
9.31297
9.31297
9.31297
9.31297
9.31297
9.31297
9.31297
9.31297
9.31297
9.31297
9.31297
9.31297
9.31297
9.31297
9.31297
9.31297
9.31297
9.31297
9.31297
9.31297
9.31297
9.31297
9.31297
9.31297
9.31297
9.31297
9.31297
9.31297
9.31297
9.31297
9.31297
9.31297
9.31297
9.31297
9.31297
9.31297
9.31297
9.31297
9.31297
