25.6794
22.7818
20.6519
19.738
18.5226
18.2098
17.3044
16.5868
16.1425
15.5362
15.0195
14.6209
14.4599
14.1224
13.7483
13.4481
12.8797
12.3585
12.1242
12.0894
12.0894
11.8913
11.6682
11.4353
11.2227
11.1752
11.0577
11.0577
11.0101
10.8452
10.8382
10.7716
10.7497
10.4858
10.3306
10.283
10.2289
10.2289
10.1128
10.1128
9.97066
9.97066
9.97066
9.97066
9.95617
9.95617
9.95617
9.95617
9.90078
9.90078
9.87559
9.87559
9.82021
9.80217
9.80217
9.80217
9.72881
9.72881
9.72881
9.72881
9.72881
9.72881
9.72881
9.71783
9.71783
9.71783
9.66233
9.66233
9.66233
9.66233
9.64698
9.64698
9.64698
9.64698
9.64698
9.64698
9.64698
9.64698
9.64698
9.64698
9.64698
9.64698
9.64698
9.64698
9.64698
9.64698
9.64698
9.64698
9.64698
9.64698
9.64698
9.64698
9.64698
9.64698
9.64698
9.64698
9.64698
9.64698
9.64698
9.64698
