25.0435
22.799
21.5378
20.3056
19.9824
19.2826
18.3555
17.8997
17.0684
16.9089
15.7565
15.3694
14.5421
14.2424
13.9313
13.8174
13.5028
13.2029
12.5724
12.3656
11.9749
11.7089
11.4893
11.0638
10.6487
10.275
10.2306
10.1714
10.1034
9.99976
9.98441
9.8452
9.82985
9.78807
9.77272
9.77272
9.77272
9.6085
9.6085
9.6085
9.6085
9.6085
9.6085
9.6085
9.6085
9.6085
9.6085
9.6085
9.6085
9.6085
9.6085
9.6085
9.6085
9.6085
9.6085
9.6085
9.6085
9.6085
9.6085
9.6085
9.6085
9.6085
9.6085
9.6085
9.6085
9.6085
9.6085
9.6085
9.6085
9.6085
9.6085
9.6085
9.6085
9.6085
9.6085
9.6085
9.53893
9.53893
9.53893
9.53893
9.53893
9.53893
9.53893
9.53893
9.53893
9.53893
9.53893
9.53893
9.53893
9.53893
9.53893
9.53893
9.53893
9.53893
9.53893
9.53893
9.53893
9.53893
9.53893
9.53893
