29.2081
26.8272
24.8031
22.7722
21.1215
19.9624
19.0283
18.2768
17.6477
16.9034
16.2513
15.6995
15.1953
14.768
14.4416
14.0753
13.7757
13.4175
13.0114
12.5488
12.2432
12.1063
12.062
11.9343
11.7057
11.4965
11.349
11.2142
11.1553
11.1007
11.0324
10.953
10.8469
10.7942
10.7208
10.5568
10.381
10.3018
10.2519
10.2132
10.1547
10.0899
10.0155
9.97066
9.97061
9.96943
9.96395
9.95617
9.95606
9.95273
9.92971
9.89836
9.88858
9.87064
9.8446
9.81104
9.80203
9.7941
9.75344
9.72881
9.72881
9.72881
9.72881
9.72879
9.72824
9.72591
9.72171
9.71228
9.68953
9.66233
9.6623
9.66107
9.65515
9.64698
9.64698
9.64698
9.64698
9.64698
9.64698
9.64698
9.64698
9.64698
9.64698
9.64698
9.64698
9.64698
9.64698
9.64698
9.64698
9.64698
9.64698
9.64698
9.64698
9.64698
9.64698
9.64698
9.64698
9.64698
9.64698
9.64698
