26.1006
24.3188
22.5915
21.2004
20.3996
19.7953
18.7387
17.9676
17.4174
16.5665
16.0506
15.5788
15.3335
15.0337
14.6493
14.2173
13.718
13.3497
13.1055
12.822
12.5556
12.2631
11.8728
11.8447
11.6217
11.4945
11.4812
11.2221
11.2088
10.8599
10.8467
10.7433
10.6808
10.6647
10.5958
10.4995
10.4144
10.4144
10.3225
10.3113
10.1138
10.0352
9.95344
9.95344
9.95344
9.88756
9.88756
9.88756
9.86617
9.86617
9.8298
9.8298
9.8298
9.8298
9.8298
9.8298
9.8298
9.8298
9.8298
9.8298
9.8298
9.8298
9.8298
9.8298
9.8298
9.8298
9.8298
9.8298
9.8298
9.8298
9.8298
9.8298
9.8298
9.8298
9.8298
9.8298
9.8298
9.8298
9.8298
9.8298
9.8298
9.8298
9.8298
9.8298
9.8298
9.8298
9.8298
9.8298
9.8298
9.8298
9.8298
9.8298
9.8298
9.8298
9.8298
9.8298
9.8298
9.8298
9.8298
9.8298
