29.1672
26.6566
24.8528
23.2443
21.9456
20.8394
20.0788
19.4589
18.6564
17.9674
17.3779
16.7778
16.0602
15.3567
14.7396
14.3761
14.074
13.8473
13.6052
13.2623
12.8771
12.4211
12.051
11.7489
11.547
11.2653
10.8051
10.3807
10.2453
10.1895
10.1193
10.0521
9.97983
9.90974
9.83158
9.80552
9.77576
9.77239
9.75844
9.6867
9.6085
9.6085
9.6085
9.6085
9.6085
9.6085
9.6085
9.6085
9.6085
9.6085
9.6085
9.6085
9.6085
9.6085
9.6085
9.6085
9.6085
9.6085
9.6085
9.6085
9.6085
9.6085
9.6085
9.6085
9.6085
9.6085
9.6085
9.6085
9.6085
9.6085
9.6085
9.6085
9.6085
9.6085
9.6085
9.6085
9.60836
9.60461
9.58349
9.53899
9.53893
9.53893
9.53893
9.53893
9.53893
9.53893
9.53893
9.53893
9.53893
9.53893
9.53893
9.53893
9.53893
9.53893
9.53893
9.53893
9.53893
9.53893
9.53893
9.53893
