26.2612
23.8224
20.7095
19.4412
18.9914
18.1372
17.5901
16.964
16.3795
15.6445
14.8944
14.3256
14.126
13.9559
13.4483
13.1671
13.0019
12.76
12.4881
11.9118
11.9118
11.6955
11.6955
11.6742
11.3393
11.3393
11.0915
10.71
10.7017
10.3473
10.3473
10.229
10.1943
10.1943
10.0688
10.0688
10.0133
10.0107
10.0107
9.95523
9.95523
9.92049
9.91309
9.85759
9.85759
9.81093
9.81093
9.81093
9.78243
9.78243
9.78243
9.77654
9.77654
9.77654
9.72793
9.72793
9.64698
9.64698
9.64698
9.64698
9.64698
9.64698
9.64698
9.64698
9.64698
9.64698
9.64698
9.64698
9.64698
9.64698
9.64698
9.64698
9.64698
9.64698
9.64698
9.64698
9.64698
9.64698
9.64698
9.64698
9.64698
9.64698
9.64698
9.64698
9.64698
9.64698
9.64698
9.64698
9.64698
9.64698
9.64698
9.64698
9.64698
9.64698
9.64698
9.64698
9.64698
9.64698
9.64698
9.64698
