29.311
26.7262
24.7133
22.8112
21.2712
20.2245
19.2408
18.147
17.1948
16.5398
16.1452
15.7323
15.2555
14.631
13.9559
13.3942
12.9329
12.7034
12.5106
12.331
12.1057
11.7817
11.4198
11.2244
11.055
10.9322
10.7888
10.6629
10.55
10.5045
10.4256
10.4019
10.3516
10.3158
10.2991
10.2699
10.2089
10.1321
10.0641
10.0251
9.94585
9.79255
9.7366
9.72673
9.72195
9.70801
9.6972
9.6972
9.6972
9.6972
9.6972
9.6972
9.6972
9.6972
9.6972
9.6972
9.6972
9.6972
9.6972
9.6972
9.6972
9.6972
9.6972
9.6972
9.6972
9.6972
9.6972
9.6972
9.6972
9.6972
9.6972
9.6972
9.6972
9.6972
9.6972
9.6972
9.6972
9.6972
9.6972
9.6972
9.6972
9.6972
9.6972
9.6972
9.6972
9.6972
9.6972
9.6972
9.6972
9.6972
9.6972
9.6972
9.6972
9.6972
9.6972
9.6972
9.6972
9.6972
9.6972
9.6972
