25.41
22.8291
20.462
20.2745
18.9839
17.757
17.7088
16.614
16.2265
14.8239
14.1629
13.8829
13.4898
13.1336
13.1336
12.6506
12.6506
12.212
12.1439
11.8611
11.6745
11.5451
11.4774
11.3638
11.2237
11.0339
10.7655
10.5246
10.491
10.3773
10.3096
10.2323
9.84412
9.77643
9.77643
9.77643
9.69108
9.69108
9.69108
9.69108
9.69108
9.69108
9.69108
9.69108
9.69108
9.69108
9.69108
9.69108
9.69108
9.69108
9.69108
9.69108
9.69108
9.69108
9.69108
9.69108
9.69108
9.69108
9.69108
9.69108
9.69108
9.69108
9.69108
9.69108
9.69108
9.69108
9.69108
9.69108
9.69108
9.69108
9.69108
9.69108
9.69108
9.69108
9.69108
9.69108
9.69108
9.69108
9.69108
9.69108
9.69108
9.69108
9.69108
9.69108
9.69108
9.69108
9.69108
9.69108
9.69108
9.69108
9.69108
9.69108
9.69108
9.69108
9.69108
9.69108
9.69108
9.69108
9.69108
9.69108
