25.4611
22.6519
21.8275
21.1184
19.3495
18.6294
17.4135
16.9111
15.3137
15.2947
14.2747
13.6795
13.3056
13.0588
12.6422
11.9687
11.865
11.2562
10.6594
10.5602
10.4907
10.4579
10.1131
10.1131
10.1131
10.1048
10.0645
10.0562
9.80843
9.80012
9.80012
9.7234
9.71509
9.71509
9.71509
9.7041
9.6486
9.6486
9.6486
9.6486
9.63325
9.63325
9.63325
9.63325
9.32832
9.31297
9.31297
9.31297
9.31297
9.31297
9.31297
9.31297
9.31297
9.31297
9.31297
9.31297
9.31297
9.31297
9.31297
9.31297
9.31297
9.31297
9.31297
9.31297
9.31297
9.31297
9.31297
9.31297
9.31297
9.31297
9.31297
9.31297
9.31297
9.31297
9.31297
9.31297
9.31297
9.31297
9.31297
9.31297
9.31297
9.31297
9.31297
9.31297
9.31297
9.31297
9.31297
9.31297
9.31297
9.31297
9.31297
9.31297
9.31297
9.31297
9.31297
9.31297
9.31297
9.31297
9.31297
9.31297
