28.8553
25.635
22.6558
21.1546
20.1801
19.154
17.8546
16.5794
15.5707
14.7334
14.29
13.7401
13.0776
12.7047
12.3995
12.2331
12.0901
11.9586
11.8782
11.7832
11.666
11.558
11.4608
11.3596
11.2187
11.0489
10.9757
10.9045
10.7028
10.5218
10.2477
9.751
9.63521
9.52769
9.48197
9.43378
9.3948
9.3948
9.3948
9.3948
9.3948
9.3948
9.39478
9.39427
9.3921
9.38858
9.37979
9.36039
9.32749
9.32313
9.31334
9.31297
9.31297
9.31297
9.31297
9.31297
9.31297
9.31297
9.31297
9.31297
9.31297
9.31297
9.31297
9.31297
9.31297
9.31297
9.31297
9.31297
9.31297
9.31297
9.31297
9.31297
9.31297
9.31297
9.31297
9.31297
9.31297
9.31297
9.31297
9.31297
9.31297
9.31297
9.31297
9.31297
9.31297
9.31297
9.31297
9.31297
9.31297
9.31297
9.31297
9.31297
9.31297
9.31297
9.31297
9.31297
9.31297
9.31297
9.31297
9.31297
