21.9078
21.2312
20.1448
19.1633
16.9806
16.3252
15.0051
14.4769
14.2399
13.4764
12.9483
12.7385
12.2649
12.2649
12.0368
11.9556
11.894
11.7773
11.6403
11.558
11.421
11.2621
11.1028
10.9864
10.9781
10.9055
10.6167
10.5357
10.0638
9.71959
9.5584
9.50029
9.47983
9.3948
9.3948
9.3948
9.3948
9.3948
9.3948
9.3948
9.3948
9.3948
9.38382
9.38382
9.38382
9.32832
9.32832
9.31297
9.31297
9.31297
9.31297
9.31297
9.31297
9.31297
9.31297
9.31297
9.31297
9.31297
9.31297
9.31297
9.31297
9.31297
9.31297
9.31297
9.31297
9.31297
9.31297
9.31297
9.31297
9.31297
9.31297
9.31297
9.31297
9.31297
9.31297
9.31297
9.31297
9.31297
9.31297
9.31297
9.31297
9.31297
9.31297
9.31297
9.31297
9.31297
9.31297
9.31297
9.31297
9.31297
9.31297
9.31297
9.31297
9.31297
9.31297
9.31297
9.31297
9.31297
9.31297
9.31297
