29.0018
26.7114
25.1037
23.9242
22.5604
21.3274
20.3579
19.3878
18.0299
16.9713
16.5597
16.2234
15.6264
15.2266
14.714
14.054
13.4733
13.2218
13.0135
12.6845
12.4231
12.2631
12.0394
11.7991
11.6461
11.552
11.3482
11.0185
10.8941
10.847
10.7226
10.587
10.5301
10.4748
10.3994
10.3216
10.2648
10.1724
10.0872
10.0797
10.0387
9.9661
9.88517
9.8397
9.74471
9.74323
9.73728
9.72942
9.72916
9.72152
9.67567
9.63273
9.63273
9.63273
9.63273
9.63273
9.63273
9.63273
9.63273
9.63273
9.63273
9.63273
9.63273
9.63273
9.63273
9.63273
9.63273
9.63273
9.63273
9.63273
9.63273
9.63273
9.63273
9.63273
9.63273
9.63273
9.63273
9.63273
9.63273
9.63273
9.63273
9.63273
9.63273
9.63273
9.63273
9.63273
9.63273
9.63273
9.63273
9.63273
9.63273
9.63273
9.63273
9.63273
9.63273
9.63273
9.63273
9.63273
9.63273
9.63273
