29.0843
26.5302
24.9657
23.0933
21.2595
20.1879
19.3323
18.3617
17.6036
16.9795
16.0777
15.0057
14.3941
13.9561
13.6083
13.2804
13.0595
12.8197
12.5876
12.3495
12.1105
11.8993
11.7248
11.575
11.5024
11.379
11.2463
11.0973
10.8905
10.6974
10.5344
10.4152
10.3182
10.1817
9.87786
9.79903
9.77615
9.76837
9.7285
9.69108
9.69108
9.69108
9.69108
9.69108
9.69108
9.69108
9.69108
9.69108
9.69108
9.69108
9.69108
9.69108
9.69108
9.69108
9.69108
9.69108
9.69108
9.69108
9.69108
9.69108
9.69108
9.69108
9.69108
9.69108
9.69108
9.69108
9.69108
9.69108
9.69108
9.69108
9.69108
9.69108
9.69108
9.69108
9.69108
9.69108
9.69108
9.69108
9.69108
9.69108
9.69108
9.69108
9.69108
9.69108
9.69108
9.69108
9.69108
9.69108
9.69108
9.69108
9.69108
9.69108
9.69108
9.69108
9.69108
9.69108
9.69108
9.69108
9.69108
9.69108
