24.7321
24.0958
22.6155
20.7736
20.3748
19.3044
17.1746
16.6719
16.5942
16.2693
15.4084
15.2038
14.4212
14.0848
13.3287
13.1444
13.0308
12.5575
12.3588
12.2512
11.9611
11.6977
11.6083
11.5659
11.0068
10.9051
10.8968
10.8066
10.6555
10.5571
10.5201
10.459
10.3871
10.2973
10.289
10.0876
10.0876
10.0876
9.8931
9.8931
9.8931
9.74477
9.74477
9.74477
9.72942
9.72942
9.72942
9.72942
9.63273
9.63273
9.63273
9.63273
9.63273
9.63273
9.63273
9.63273
9.63273
9.63273
9.63273
9.63273
9.63273
9.63273
9.63273
9.63273
9.63273
9.63273
9.63273
9.63273
9.63273
9.63273
9.63273
9.63273
9.63273
9.63273
9.63273
9.63273
9.63273
9.63273
9.63273
9.63273
9.63273
9.63273
9.63273
9.63273
9.63273
9.63273
9.63273
9.63273
9.63273
9.63273
9.63273
9.63273
9.63273
9.63273
9.63273
9.63273
9.63273
9.63273
9.63273
9.63273
