1 0
1.41579 0.00394344
1.73849 0.00556246
2.01063 0.00663146
2.25157 0.00767795
2.45752 0.00874899
2.64232 0.00927749
2.82892 0.00944454
2.99882 0.0107673
3.16706 0.0113419
3.32177 0.0135697
3.47349 0.0147958
3.61446 0.0159848
3.75243 0.0168379
3.88265 0.0182128
4.01585 0.018078
4.14774 0.0183907
4.27115 0.0183919
4.38798 0.0192914
4.49849 0.0198919
4.60671 0.0211277
4.70653 0.0196301
4.80457 0.0196107
4.91562 0.0200715
5.00825 0.0204165
5.11307 0.0198244
5.19994 0.0198639
5.29973 0.019031
5.39001 0.018906
5.48821 0.0177886
5.57857 0.0183964
5.65951 0.0192079
5.7524 0.0206339
5.84027 0.0210816
5.92342 0.0211064
6.01033 0.0207623
6.09008 0.0215344
6.17485 0.0219929
6.26018 0.0221112
6.34089 0.0233686
6.42357 0.0228109
6.49817 0.0222856
6.56967 0.0230907
6.64701 0.023483
6.72277 0.023719
6.80028 0.0233435
6.86839 0.0231478
6.94254 0.0233335
7.01814 0.0242153
7.08819 0.0238731
7.15445 0.0227986
7.22466 0.0232982
7.29139 0.023135
7.36512 0.022998
7.42298 0.0222385
7.4888 0.0230728
7.55966 0.0243266
7.62492 0.0244863
7.69501 0.0248243
7.75531 0.0250625
7.82303 0.0251076
7.8819 0.0250607
7.94236 0.0256331
8.00028 0.0268291
8.06071 0.0281015
8.13165 0.0283795
8.19509 0.0288358
8.26262 0.0290495
8.32484 0.0294464
8.38189 0.0301391
8.44225 0.0298427
8.49874 0.0293278
8.55705 0.0303797
8.62651 0.0315034
8.68019 0.032389
8.74569 0.0333981
8.8005 0.0330471
8.85372 0.0324476
8.90843 0.0324499
8.96787 0.0332337
9.02162 0.0338287
9.08597 0.0343146
9.14905 0.0351402
9.20406 0.0355411
9.25163 0.0355155
9.30232 0.0352727
9.36416 0.0347955
9.41451 0.0348382
9.47163 0.0339244
9.52463 0.0338075
9.57581 0.0338221
9.62334 0.0339419
9.67527 0.0338467
9.72169 0.0338977
9.77246 0.0342407
9.81613 0.0332365
9.86683 0.034026
9.91591 0.0344632
9.96726 0.0341486
10.007 0.0345753
