1 0
1.41837 0.00462209
1.73787 0.0066022
1.99697 0.00816882
2.23001 0.00926301
2.44397 0.00998746
2.64377 0.0106644
2.82737 0.0104997
3.00082 0.0107841
3.17207 0.0125096
3.32404 0.013495
3.47249 0.0138819
3.6113 0.0139184
3.75027 0.0145412
3.88354 0.0153467
4.01981 0.0153292
4.14978 0.0153267
4.27629 0.0162785
4.40243 0.0175938
4.50347 0.0197888
4.60595 0.0204505
4.71977 0.0207854
4.81605 0.0218848
4.93047 0.0224317
5.0436 0.022959
5.1391 0.0234913
5.22521 0.0230956
5.31772 0.0224615
5.40145 0.0215723
5.49982 0.021318
5.58502 0.0218767
5.66853 0.0222774
5.74803 0.0221481
5.8356 0.0218367
5.91743 0.0229021
5.99512 0.0237191
6.07026 0.024192
6.16588 0.0245571
6.25549 0.0246439
6.33294 0.0251484
6.40726 0.0250712
6.47992 0.0259063
6.55161 0.0262586
6.62456 0.0268442
6.70602 0.0269755
6.76876 0.0269767
6.84234 0.0268886
6.90191 0.0276833
6.97467 0.0280585
7.04732 0.0274985
7.10822 0.0291755
7.17843 0.0299749
7.24961 0.0300161
7.31561 0.0309616
7.38635 0.0319473
7.4559 0.0316939
7.52775 0.032948
7.59497 0.0319753
7.65016 0.0315767
7.72088 0.0320102
7.78965 0.032081
7.84969 0.0321035
7.91805 0.0332049
7.98329 0.0342505
8.03971 0.0345008
8.0982 0.0358929
8.16264 0.036444
8.22944 0.0367002
8.28207 0.0368053
8.34158 0.0370851
8.39824 0.0380256
8.4521 0.0388168
8.50924 0.039458
8.56574 0.039669
8.62916 0.0401198
8.6819 0.0406541
8.73743 0.0409649
8.79259 0.0417474
8.84627 0.0414115
8.90516 0.0426099
8.95819 0.0425704
9.01269 0.0423968
9.06722 0.042758
9.12887 0.0441091
9.18445 0.0444353
9.2419 0.0437228
9.30456 0.0443567
9.35713 0.0449068
9.41789 0.0444544
9.46077 0.0450308
9.51978 0.0464301
9.56741 0.0461148
9.61734 0.045105
9.66266 0.0460914
9.72353 0.0463308
9.77751 0.046327
9.82985 0.0473008
9.88736 0.0471495
9.9363 0.0477419
9.98641 0.0475495
