0.99732 0
0.998404 0.00108444
0.997742 0.000911822
0.998411 0.000929607
0.998944 0.000895695
0.999187 0.000770728
0.999467 0.000708988
0.999515 0.000615864
0.999798 0.00061259
0.99971 0.000554961
0.999924 0.000545482
0.999912 0.000498099
1.00013 0.000509113
0.999959 0.000502763
1.00004 0.000475696
1.00011 0.000450336
1.00022 0.000436159
1.00019 0.000412477
1.00009 0.000402214
1.00014 0.000384672
1.0001 0.000368028
1.00003 0.000357634
1.00003 0.000341732
1.00007 0.000329407
1.00004 0.000317377
1.00001 0.00030578
1.00005 0.000296883
1.00015 0.000300719
1.00012 0.000291246
1.00009 0.000283529
1.00021 0.000301475
1.00021 0.000291907
1.00017 0.000286916
1.00011 0.0002832
1.00013 0.000275415
1.00015 0.000268635
1.00013 0.000262267
1.00016 0.000257443
1.00017 0.000251004
1.00024 0.000254343
1.00026 0.000248405
1.00025 0.000242428
1.0003 0.000240672
1.00025 0.000239528
1.00025 0.000234146
1.00027 0.000229454
1.00027 0.00022452
1.00026 0.000219837
1.00027 0.000215518
1.00027 0.000211248
1.00019 0.000220665
1.0002 0.000216543
1.00018 0.000213086
1.00022 0.000212978
1.00022 0.00020907
1.00018 0.000209838
1.00017 0.000206399
1.00018 0.000203147
1.00015 0.000201909
1.00014 0.000198588
1.00014 0.000195318
1.00009 0.000198375
1.00007 0.000196637
1.00006 0.000193652
1.00007 0.000190852
1.00007 0.000187939
1.00009 0.000185589
1.00007 0.000183585
1.00006 0.000181155
1.00008 0.000179685
1.00004 0.000180722
1.00003 0.000178826
1.00001 0.000177689
1.00002 0.000175502
1.00002 0.000173335
1.00002 0.00017104
1 0.000170147
0.999948 0.0001765
0.999956 0.000174437
0.999967 0.000172599
0.999957 0.000170769
0.999943 0.000169269
0.999977 0.000170609
0.999984 0.000168724
0.999988 0.000166777
0.999983 0.000164895
0.999976 0.000163157
0.999985 0.00016153
0.99997 0.000160382
0.999984 0.000159171
0.99999 0.000157534
0.999993 0.000155851
1.00001 0.000155537
1.00001 0.000153897
1 0.000152403
1.00001 0.000151149
1.00003 0.000150009
1.00001 0.000149445
0.999965 0.000154418
0.999975 0.000153226
