37.4986
35.0627
33.005
30.9722
29.1574
27.2109
25.7787
24.0306
22.7309
21.2497
20.4495
19.7372
19.434
19.0532
18.3712
17.8061
17.3681
16.7266
16.321
15.8835
15.4408
15.1157
15.0506
14.6308
14.3262
14.0544
13.6022
12.9921
12.7573
12.6708
12.68
12.4823
12.3859
12.397
12.4463
12.1723
12.016
11.9025
11.8602
11.808
11.6144
11.885
11.8924
11.9609
12.164
11.9255
11.9592
11.7904
11.7924
11.8362
11.9314
11.6918
11.7186
11.7158
11.5198
11.4481
11.1892
10.7936
10.3069
9.97531
9.5858
9.30227
9.1318
9.02191
8.83408
8.37052
8.00289
7.79726
7.42977
7.18697
7.191
6.99979
6.93393
6.91501
6.75911
6.79567
6.74492
6.88264
6.89927
6.95011
6.73225
6.64277
6.66558
6.78998
6.83504
6.81485
6.84524
6.81678
6.68946
6.74723
6.88985
6.97113
6.94084
6.92415
6.74477
6.81191
6.815
6.66335
6.72176
6.87701
