28.1566
27.0339
24.6848
22.8093
21.6415
21.4896
19.6917
19.1557
18.1562
18.1562
17.5561
16.8326
16.1821
15.2272
14.4509
14.2725
13.5006
13.3056
12.715
12.2776
12.1659
12.1659
11.7935
11.3744
11.002
11.002
11.002
10.9419
10.866
10.8058
10.7885
10.6528
10.5378
10.5378
10.4756
10.4756
10.4756
10.4756
10.4756
10.2283
10.2283
10.2283
10.2283
10.2283
10.2283
10.2283
10.2283
10.2283
10.2283
10.2283
10.2283
10.2283
10.2283
10.2283
10.2283
10.2283
10.2283
10.2283
10.2283
10.2283
10.2283
10.2283
10.2283
10.2283
10.2283
10.2283
10.2283
10.2283
10.2283
10.2283
10.2283
10.2283
10.2283
10.2283
10.2283
10.2283
10.2283
10.2283
10.2283
10.2283
10.2283
10.2283
10.2283
10.2283
10.2283
10.2283
10.2283
10.2283
10.2283
10.2283
10.2283
10.2283
10.2283
10.2283
10.2283
10.2283
10.2283
10.2283
10.2283
10.2283
10.2283
10.2283
10.2283
10.2283
10.2283
10.2283
10.2283
10.2283
10.2283
10.2283
10.2283
10.2283
10.2283
10.2283
10.2283
10.2283
10.2283
10.2283
10.2283
10.2283
10.2283
10.2283
10.2283
10.2283
10.2283
10.2283
10.2283
10.2283
10.2283
10.2283
10.2283
10.2283
10.2283
10.2283
10.2283
10.2283
10.2283
10.2283
10.2283
10.2283
10.2283
10.2283
10.2283
10.2283
10.2283
10.2283
10.2283
10.2283
10.2283
10.2283
10.2283
10.2283
10.2283
10.2283
10.2283
10.2283
10.2283
10.2283
10.2283
10.2283
10.2283
10.2283
10.2283
10.2283
10.2283
10.2283
10.2283
10.2283
10.2283
10.2283
10.2283
10.2283
10.2283
10.2283
10.2283
10.2283
10.2283
10.2283
10.2283
10.2283
10.2283
10.2283
10.2283
10.2283
10.2283
10.2283
10.2283
10.2283
10.2283
10.2283
10.2283
10.2283
10.2283
10.2283
10.2283
10.2283
10.2283
10.2283
10.2283
10.2283
10.2283
10.2283
10.2283
10.2283
10.2283
10.2283
10.2283
10.2283
10.2283
10.2283
10.2283
10.2283
10.2283
10.2283
10.2283
10.2283
10.2283
10.2283
10.2283
10.2283
10.2283
10.2283
10.2283
10.2283
10.2283
10.2283
10.2283
10.2283
10.2283
10.2283
10.2283
10.2283
10.2283
10.2283
10.2283
10.2283
10.2283
10.2283
10.2283
10.2283
10.2283
10.2283
10.2283
10.2283
10.2283
10.2283
10.2283
10.2283
10.2283
10.2283
10.2283
10.2283
10.2283
10.2283
10.2283
10.2283
10.2283
10.2283
10.2283
10.2283
10.2283
10.2283
10.2283
10.2283
10.2283
10.2283
10.2283
10.2283
10.2283
10.2283
10.2283
10.2283
10.2283
10.2283
10.2283
10.2283
10.2283
10.2283
10.2283
10.2283
10.2283
10.2283
10.2283
10.2283
10.2283
10.2283
10.2283
10.2283
10.2283
10.2283
10.2283
10.2283
10.2283
10.2283
10.2283
10.2283
10.2283
10.2283
10.2283
10.2283
10.2283
10.2283
10.2283
10.2283
10.2283
10.2283
10.2283
10.2283
10.2283
10.2283
10.2283
10.2283
10.2283
10.2283
10.2283
10.2283
10.2283
10.2283
10.2283
10.2283
10.2283
10.2283
10.2283
10.2283
10.2283
10.2283
10.2283
10.2283
10.2283
10.2283
10.2283
10.2283
10.2283
10.2283
10.2283
10.2283
10.2283
10.2283
10.2283
10.2283
10.2283
10.2283
10.2283
10.2283
10.2283
10.2283
10.2283
10.2283
10.2283
10.2283
10.2283
10.2283
10.2283
10.2283
10.2283
10.2283
10.2283
10.2283
10.2283
10.2283
10.2283
10.2283
10.2283
10.2283
10.2283
10.2283
10.2283
10.2283
10.2283
10.2283
10.2283
10.2283
10.2283
10.2283
10.2283
10.2283
10.2283
10.2283
10.2283
10.2283
10.2283
10.2283
10.2283
10.2283
10.2283
10.2283
10.2283
10.2283
10.2283
10.2283
10.2283
10.2283
10.2283
10.2283
10.2283
10.2283
10.2283
10.2283
10.2283
10.2283
10.2283
10.2283
10.2283
10.2283
10.2283
10.2283
10.2283
10.2283
10.2283
10.2283
10.2283
10.2283
10.2283
10.2283
10.2283
10.2283
10.2283
10.2283
10.2283
10.2283
10.2283
10.2283
10.2283
10.2283
10.2283
10.2283
10.2283
10.2283
10.2283
10.2283
10.2283
10.2283
10.2283
10.2283
10.2283
10.2283
10.2283
10.2283
10.2283
10.2283
10.2283
10.2283
10.2283
10.2283
10.2283
10.2283
10.2283
10.2283
10.2283
10.2283
10.2283
10.2283
10.2283
10.2283
10.2283
10.2283
10.2283
10.2283
10.2283
10.2283
10.2283
10.2283
10.2283
10.2283
10.2283
10.2283
10.2283
10.2283
10.2283
10.2283
10.2283
10.2283
10.2283
10.2283
10.2283
10.2283
10.2283
10.2283
10.2283
10.2283
10.2283
10.2283
10.2283
10.2283
10.2283
10.2283
10.2283
10.2283
10.2283
10.2283
10.2283
10.2283
10.2283
10.2283
10.2283
10.2283
10.2283
10.2283
10.2283
10.2283
10.2283
10.2283
10.2283
10.2283
10.2283
10.2283
10.2283
10.2283
10.2283
10.2283
10.2283
10.2283
10.2283
10.2283
10.2283
10.2283
10.2283
10.2283
10.2283
10.2283
10.2283
10.2283
10.2283
10.2283
10.2283
10.2283
10.2283
10.2283
10.2283
10.2283
10.2283
10.2283
10.2283
10.2283
10.2283
10.2283
10.2283
10.2283
10.2283
10.2283
10.2283
10.2283
10.2283
10.2283
10.2283
10.2283
10.2283
10.2283
10.2283
10.2283
10.2283
10.2283
10.2283
10.2283
10.2283
10.2283
10.2283
10.2283
10.2283
10.2283
10.2283
10.2283
10.2283
10.2283
10.2283
10.2283
10.2283
10.2283
10.2283
10.2283
10.2283
10.2283
10.2283
10.2283
10.2283
10.2283
10.2283
10.2283
10.2283
10.2283
10.2283
10.2283
10.2283
10.2283
10.2283
10.2283
10.2283
10.2283
10.2283
10.2283
10.2283
10.2283
10.2283
10.2283
10.2283
10.2283
10.2283
10.2283
10.2283
10.2283
10.2283
10.2283
10.2283
10.2283
10.2283
10.2283
10.2283
10.2283
10.2283
10.2283
10.2283
10.2283
10.2283
10.2283
10.2283
10.2283
10.2283
10.2283
10.2283
10.2283
10.2283
10.2283
10.2283
10.2283
10.2283
10.2283
10.2283
10.2283
10.2283
10.2283
10.2283
10.2283
10.2283
10.2283
10.2283
10.2283
10.2283
10.2283
10.2283
10.2283
10.2283
10.2283
10.2283
10.2283
10.2283
10.2283
10.2283
10.2283
10.2283
10.2283
10.2283
10.2283
10.2283
10.2283
10.2283
10.2283
10.2283
10.2283
10.2283
10.2283
10.2283
10.2283
10.2283
10.2283
10.2283
10.2283
10.2283
10.2283
10.2283
10.2283
10.2283
10.2283
10.2283
10.2283
10.2283
10.2283
10.2283
10.2283
10.2283
10.2283
10.2283
10.2283
10.2283
10.2283
10.2283
10.2283
10.2283
10.2283
10.2283
10.2283
10.2283
10.2283
10.2283
10.2283
10.2283
10.2283
10.2283
10.2283
10.2283
10.2283
10.2283
10.2283
10.2283
10.2283
10.2283
10.2283
10.2283
10.2283
10.2283
10.2283
10.2283
10.2283
10.2283
10.2283
10.2283
10.2283
10.2283
10.2283
10.2283
10.2283
10.2283
10.2283
10.2283
10.2283
10.2283
10.2283
10.2283
10.2283
10.2283
10.2283
10.2283
10.2283
10.2283
10.2283
10.2283
10.2283
10.2283
10.2283
10.2283
10.2283
10.2283
10.2283
10.2283
10.2283
10.2283
10.2283
10.2283
10.2283
10.2283
10.2283
10.2283
10.2283
10.2283
10.2283
10.2283
10.2283
10.2283
10.2283
10.2283
10.2283
10.2283
10.2283
10.2283
10.2283
10.2283
10.2283
10.2283
10.2283
10.2283
10.2283
10.2283
10.2283
10.2283
10.2283
10.2283
10.2283
10.2283
10.2283
10.2283
10.2283
10.2283
10.2283
10.2283
10.2283
10.2283
10.2283
10.2283
10.2283
10.2283
10.2283
10.2283
10.2283
10.2283
10.2283
10.2283
10.2283
10.2283
10.2283
10.2283
10.2283
10.2283
10.2283
10.2283
10.2283
10.2283
10.2283
10.2283
10.2283
10.2283
10.2283
10.2283
10.2283
10.2283
10.2283
10.2283
10.2283
10.2283
10.2283
10.2283
10.2283
10.2283
10.2283
10.2283
10.2283
10.2283
10.2283
10.2283
10.2283
10.2283
10.2283
10.2283
10.2283
10.2283
10.2283
10.2283
10.2283
10.2283
10.2283
10.2283
10.2283
10.2283
10.2283
10.2283
10.2283
10.2283
10.2283
10.2283
10.2283
10.2283
10.2283
10.2283
10.2283
10.2283
10.2283
10.2283
10.2283
10.2283
10.2283
10.2283
10.2283
10.2283
10.2283
10.2283
10.2283
10.2283
10.2283
10.2283
10.2283
10.2283
10.2283
10.2283
10.2283
10.2283
10.2283
10.2283
10.2283
10.2283
10.2283
10.2283
10.2283
10.2283
10.2283
10.2283
10.2283
10.2283
10.2283
10.2283
10.2283
10.2283
10.2283
10.2283
10.2283
10.2283
10.2283
10.2283
10.2283
10.2283
10.2283
10.2283
10.2283
10.2283
10.2283
10.2283
10.2283
10.2283
10.2283
10.2283
10.2283
10.2283
10.2283
10.2283
10.2283
10.2283
10.2283
10.2283
10.2283
10.2283
10.2283
10.2283
10.2283
10.2283
10.2283
10.2283
10.2283
10.2283
10.2283
10.2283
10.2283
10.2283
10.2283
10.2283
10.2283
10.2283
10.2283
10.2283
10.2283
10.2283
10.2283
10.2283
10.2283
10.2283
10.2283
10.2283
10.2283
10.2283
10.2283
10.2283
10.2283
10.2283
10.2283
10.2283
10.2283
10.2283
10.2283
10.2283
10.2283
10.2283
10.2283
10.2283
10.2283
10.2283
10.2283
10.2283
10.2283
10.2283
10.2283
10.2283
10.2283
10.2283
10.2283
10.2283
10.2283
10.2283
10.2283
10.2283
10.2283
10.2283
10.2283
10.2283
10.2283
10.2283
10.2283
10.2283
10.2283
10.2283
10.2283
10.2283
10.2283
10.2283
10.2283
10.2283
10.2283
10.2283
10.2283
10.2283
10.2283
10.2283
10.2283
10.2283
10.2283
