32.0357
29.4392
28.1582
27.045
25.4796
23.5664
22.1528
21.0849
19.991
19.3345
18.6589
18.0885
17.6908
16.8666
16.0823
15.29
14.674
14.2069
13.6993
13.3277
12.9141
12.5669
12.2711
12.1069
11.8787
11.6373
11.2857
11.005
10.9966
10.9676
10.8965
10.8271
10.7702
10.6749
10.5907
10.5281
10.4977
10.4756
10.4756
10.4746
10.4521
10.348
10.2283
10.2283
10.2283
10.2283
10.2283
10.2283
10.2283
10.2283
10.2283
10.2283
10.2283
10.2283
10.2283
10.2283
10.2283
10.2283
10.2283
10.2283
10.2283
10.2283
10.2283
10.2283
10.2283
10.2283
10.2283
10.2283
10.2283
10.2283
10.2283
10.2283
10.2283
10.2283
10.2283
10.2283
10.2283
10.2283
10.2283
10.2283
10.2283
10.2283
10.2283
10.2283
10.2283
10.2283
10.2283
10.2283
10.2283
10.2283
10.2283
10.2283
10.2283
10.2283
10.2283
10.2283
10.2283
10.2283
10.2283
10.2283
10.2283
10.2283
10.2283
10.2283
10.2283
10.2283
10.2283
10.2283
10.2283
10.2283
10.2283
10.2283
10.2283
10.2283
10.2283
10.2283
10.2283
10.2283
10.2283
10.2283
10.2283
10.2283
10.2283
10.2283
10.2283
10.2283
10.2283
10.2283
10.2283
10.2283
10.2283
10.2283
10.2283
10.2283
10.2283
10.2283
10.2283
10.2283
10.2283
10.2283
10.2283
10.2283
10.2283
10.2283
10.2283
10.2283
10.2283
10.2283
10.2283
10.2283
10.2283
10.2283
10.2283
10.2283
10.2283
10.2283
10.2283
10.2283
10.2283
10.2283
10.2283
10.2283
10.2283
10.2283
10.2283
10.2283
10.2283
10.2283
10.2283
10.2283
10.2283
10.2283
10.2283
10.2283
10.2283
10.2283
10.2283
10.2283
10.2283
10.2283
10.2283
10.2283
10.2283
10.2283
10.2283
10.2283
10.2283
10.2283
10.2283
10.2283
10.2283
10.2283
10.2283
10.2283
10.2283
10.2283
10.2283
10.2283
10.2283
10.2283
10.2283
10.2283
10.2283
10.2283
10.2283
10.2283
10.2283
10.2283
10.2283
10.2283
10.2283
10.2283
10.2283
10.2283
10.2283
10.2283
10.2283
10.2283
10.2283
10.2283
10.2283
10.2283
10.2283
10.2283
10.2283
10.2283
10.2283
10.2283
10.2283
10.2283
10.2283
10.2283
10.2283
10.2283
10.2283
10.2283
10.2283
10.2283
10.2283
10.2283
10.2283
10.2283
10.2283
10.2283
10.2283
10.2283
10.2283
10.2283
10.2283
10.2283
10.2283
10.2283
10.2283
10.2283
10.2283
10.2283
10.2283
10.2283
10.2283
10.2283
10.2283
10.2283
10.2283
10.2283
10.2283
10.2283
10.2283
10.2283
10.2283
10.2283
10.2283
10.2283
10.2283
10.2283
10.2283
10.2283
10.2283
10.2283
10.2283
10.2283
10.2283
10.2283
10.2283
10.2283
10.2283
10.2283
10.2283
10.2283
10.2283
10.2283
10.2283
10.2283
10.2283
10.2283
10.2283
10.2283
10.2283
10.2283
10.2283
10.2283
10.2283
10.2283
10.2283
10.2283
10.2283
10.2283
10.2283
10.2283
10.2283
10.2283
10.2283
10.2283
10.2283
10.2283
10.2283
10.2283
10.2283
10.2283
10.2283
10.2283
10.2283
10.2283
10.2283
10.2283
10.2283
10.2283
10.2283
10.2283
10.2283
10.2283
10.2283
10.2283
10.2283
10.2283
10.2283
10.2283
10.2283
10.2283
10.2283
10.2283
10.2283
10.2283
10.2283
10.2283
10.2283
10.2283
10.2283
10.2283
10.2283
10.2283
10.2283
10.2283
10.2283
10.2283
10.2283
10.2283
10.2283
10.2283
10.2283
10.2283
10.2283
10.2283
10.2283
10.2283
10.2283
10.2283
10.2283
10.2283
10.2283
10.2283
10.2283
10.2283
10.2283
10.2283
10.2283
10.2283
10.2283
10.2283
10.2283
10.2283
10.2283
10.2283
10.2283
10.2283
10.2283
10.2283
10.2283
10.2283
10.2283
10.2283
10.2283
10.2283
10.2283
10.2283
10.2283
10.2283
10.2283
10.2283
10.2283
10.2283
10.2283
10.2283
10.2283
10.2283
10.2283
10.2283
10.2283
10.2283
10.2283
10.2283
10.2283
10.2283
10.2283
10.2283
10.2283
10.2283
10.2283
10.2283
10.2283
10.2283
10.2283
10.2283
10.2283
10.2283
10.2283
10.2283
10.2283
10.2283
10.2283
10.2283
10.2283
10.2283
10.2283
10.2283
10.2283
10.2283
10.2283
10.2283
10.2283
10.2283
10.2283
10.2283
10.2283
10.2283
10.2283
10.2283
10.2283
10.2283
10.2283
10.2283
10.2283
10.2283
10.2283
10.2283
10.2283
10.2283
10.2283
10.2283
10.2283
10.2283
10.2283
10.2283
10.2283
10.2283
10.2283
10.2283
10.2283
10.2283
10.2283
10.2283
10.2283
10.2283
10.2283
10.2283
10.2283
10.2283
10.2283
10.2283
10.2283
10.2283
10.2283
10.2283
10.2283
10.2283
10.2283
10.2283
10.2283
10.2283
10.2283
10.2283
10.2283
10.2283
10.2283
10.2283
10.2283
10.2283
10.2283
10.2283
10.2283
10.2283
10.2283
10.2283
10.2283
10.2283
10.2283
10.2283
10.2283
10.2283
10.2283
10.2283
10.2283
10.2283
10.2283
10.2283
10.2283
10.2283
10.2283
10.2283
10.2283
10.2283
10.2283
10.2283
10.2283
10.2283
10.2283
10.2283
10.2283
10.2283
10.2283
10.2283
10.2283
10.2283
10.2283
10.2283
10.2283
10.2283
10.2283
10.2283
10.2283
10.2283
10.2283
10.2283
10.2283
10.2283
10.2283
10.2283
10.2283
10.2283
10.2283
10.2283
10.2283
10.2283
10.2283
10.2283
10.2283
10.2283
10.2283
10.2283
10.2283
10.2283
10.2283
10.2283
10.2283
10.2283
10.2283
10.2283
10.2283
10.2283
10.2283
10.2283
10.2283
10.2283
10.2283
10.2283
10.2283
10.2283
10.2283
10.2283
10.2283
10.2283
10.2283
10.2283
10.2283
10.2283
10.2283
10.2283
10.2283
10.2283
10.2283
10.2283
10.2283
10.2283
10.2283
10.2283
10.2283
10.2283
10.2283
10.2283
10.2283
10.2283
10.2283
10.2283
10.2283
10.2283
10.2283
10.2283
10.2283
10.2283
10.2283
10.2283
10.2283
10.2283
10.2283
10.2283
10.2283
10.2283
10.2283
10.2283
10.2283
10.2283
10.2283
10.2283
10.2283
10.2283
10.2283
10.2283
10.2283
10.2283
10.2283
10.2283
10.2283
10.2283
10.2283
10.2283
10.2283
10.2283
10.2283
10.2283
10.2283
10.2283
10.2283
10.2283
10.2283
10.2283
10.2283
10.2283
10.2283
10.2283
10.2283
10.2283
10.2283
10.2283
10.2283
10.2283
10.2283
10.2283
10.2283
10.2283
10.2283
10.2283
10.2283
10.2283
10.2283
10.2283
10.2283
10.2283
10.2283
10.2283
10.2283
10.2283
10.2283
10.2283
10.2283
10.2283
10.2283
10.2283
10.2283
10.2283
10.2283
10.2283
10.2283
10.2283
10.2283
10.2283
10.2283
10.2283
10.2283
10.2283
10.2283
10.2283
10.2283
10.2283
10.2283
10.2283
10.2283
10.2283
10.2283
10.2283
10.2283
10.2283
10.2283
10.2283
10.2283
10.2283
10.2283
10.2283
10.2283
10.2283
10.2283
10.2283
10.2283
10.2283
10.2283
10.2283
10.2283
10.2283
10.2283
10.2283
10.2283
10.2283
10.2283
10.2283
10.2283
10.2283
10.2283
10.2283
10.2283
10.2283
10.2283
10.2283
10.2283
10.2283
10.2283
10.2283
10.2283
10.2283
10.2283
10.2283
10.2283
10.2283
10.2283
10.2283
10.2283
10.2283
10.2283
10.2283
10.2283
10.2283
10.2283
10.2283
10.2283
10.2283
10.2283
10.2283
10.2283
10.2283
10.2283
10.2283
10.2283
10.2283
10.2283
10.2283
10.2283
10.2283
10.2283
10.2283
10.2283
10.2283
10.2283
10.2283
10.2283
10.2283
10.2283
10.2283
10.2283
10.2283
10.2283
10.2283
10.2283
10.2283
10.2283
10.2283
10.2283
10.2283
10.2283
10.2283
10.2283
10.2283
10.2283
10.2283
10.2283
10.2283
10.2283
10.2283
10.2283
10.2283
10.2283
10.2283
10.2283
10.2283
10.2283
10.2283
10.2283
10.2283
10.2283
10.2283
10.2283
10.2283
10.2283
10.2283
10.2283
10.2283
10.2283
10.2283
10.2283
10.2283
10.2283
10.2283
10.2283
10.2283
10.2283
10.2283
10.2283
10.2283
10.2283
10.2283
10.2283
10.2283
10.2283
10.2283
10.2283
10.2283
10.2283
10.2283
10.2283
10.2283
10.2283
10.2283
10.2283
10.2283
10.2283
10.2283
10.2283
10.2283
10.2283
10.2283
10.2283
10.2283
10.2283
10.2283
10.2283
10.2283
10.2283
10.2283
10.2283
10.2283
10.2283
10.2283
10.2283
10.2283
10.2283
10.2283
10.2283
10.2283
10.2283
10.2283
10.2283
10.2283
10.2283
10.2283
10.2283
10.2283
10.2283
10.2283
10.2283
10.2283
10.2283
10.2283
10.2283
10.2283
10.2283
10.2283
10.2283
10.2283
10.2283
10.2283
10.2283
10.2283
10.2283
10.2283
10.2283
10.2283
10.2283
10.2283
10.2283
10.2283
10.2283
10.2283
10.2283
10.2283
10.2283
10.2283
10.2283
10.2283
10.2283
10.2283
10.2283
10.2283
10.2283
10.2283
10.2283
10.2283
10.2283
10.2283
10.2283
10.2283
10.2283
10.2283
10.2283
10.2283
10.2283
10.2283
10.2283
10.2283
10.2283
10.2283
10.2283
10.2283
10.2283
10.2283
10.2283
10.2283
10.2283
10.2283
10.2283
10.2283
10.2283
10.2283
10.2283
10.2283
10.2283
10.2283
10.2283
10.2283
10.2283
10.2283
10.2283
10.2283
10.2283
10.2283
10.2283
10.2283
10.2283
10.2283
10.2283
10.2283
10.2283
10.2283
10.2283
10.2283
10.2283
10.2283
10.2283
10.2283
10.2283
10.2283
10.2283
10.2283
10.2283
10.2283
10.2283
10.2283
10.2283
10.2283
10.2283
10.2283
10.2283
10.2283
10.2283
10.2283
10.2283
10.2283
10.2283
10.2283
10.2283
10.2283
10.2283
10.2283
10.2283
10.2283
10.2283
10.2283
10.2283
10.2283
10.2283
10.2283
10.2283
10.2283
10.2283
10.2283
