29.6931
27.6552
25.1645
22.8635
21.3989
19.3458
17.9865
17.9865
15.8085
15.5346
15.0462
14.9721
14.2755
13.809
13.602
13.4867
13.0572
12.8233
12.2976
12.2697
11.9019
11.9015
11.9004
11.7928
11.7381
11.6505
11.492
11.3672
11.1456
11.0581
10.527
9.69559
8.62337
7.95424
7.95424
7.95424
7.80826
7.43545
7.34748
7.2015
7.08912
6.82415
6.78884
6.78884
6.78884
6.72744
6.72744
6.66677
6.30023
6.30023
6.30023
6.23716
6.23716
6.23716
6.23716
6.23716
6.23716
6.23716
6.23716
6.23716
6.23716
6.23716
6.23716
6.23716
6.23716
6.23716
6.23716
6.23716
6.23716
6.23716
6.23716
6.23716
6.23716
6.23716
6.23716
6.23716
6.23716
6.23716
6.23716
6.23716
6.23716
6.23716
6.23716
6.23716
6.23716
6.23716
6.23716
6.23716
6.23716
6.23716
6.23716
6.23716
6.23716
6.23716
6.23716
6.23716
6.23716
6.23716
6.23716
6.23716
