786.585
773.234
741.013
717.71
692.384
671.045
649.755
611.007
594.575
562.031
534.579
517.492
478.606
456.329
454.98
439.455
431.839
428.708
422.081
417.337
414.068
407.148
399.135
391.318
385.766
374.286
369.599
365.237
361.069
355.935
344.456
343.101
336.673
334.163
327.872
323.727
323.049
319.13
317.056
315.626
315.316
311.133
311.133
310.104
307.083
307.083
305.36
300.004
299.293
296.764
296.34
293.894
290.941
289.881
289.881
289.404
288.344
288.344
285.599
285.599
285.599
283.581
283.581
282.507
282.507
280.335
280.335
280.335
280.335
280.335
280.29
280.29
280.29
280.29
280.29
280.29
280.29
279.677
279.677
279.677
277.393
276.918
276.918
276.918
276.918
275.959
275.959
275.959
275.804
274.844
274.844
274.844
274.844
274.793
274.793
274.793
274.793
274.793
274.793
274.793
271.39
271.39
271.39
271.39
271.39
271.39
271.39
271.39
271.39
271.39
271.39
271.39
271.39
271.39
271.39
271.39
271.39
271.39
271.39
271.39
271.39
271.39
271.39
271.39
271.39
271.39
271.39
271.39
271.39
271.39
271.39
271.39
271.39
271.39
271.39
271.39
271.39
271.39
271.39
271.39
270.724
270.724
270.724
270.724
270.724
270.724
270.724
270.724
270.724
270.724
270.724
270.724
270.724
270.724
270.724
270.724
270.724
270.724
270.724
270.724
269.646
269.646
269.646
269.646
269.646
269.646
269.646
269.646
269.646
269.646
269.646
269.646
269.646
269.646
269.646
269.646
269.646
269.646
269.646
269.646
269.646
269.646
269.646
269.646
269.646
269.646
269.646
269.646
269.646
269.646
269.646
269.646
269.646
269.646
269.646
269.646
269.646
269.646
269.646
269.646
