833.116
788.893
712.666
672.239
654.803
602.883
580.309
563.357
544.548
541.161
530.289
508.572
508.572
493.572
475.77
467.273
462.728
458.522
452.087
435.538
431.361
426.157
408.757
406.511
402.812
389.747
382.865
373.277
368.358
365.485
363.508
357.317
356.68
355.365
350.754
346.934
342.606
342.147
331.951
329.79
324.358
323.221
321.631
320.494
318.773
317.636
315.635
311.46
309.591
306.326
304.456
299.656
299.64
296.302
296.302
296.035
295.894
294.658
294.658
293.482
279.11
279.11
278.064
278.064
277.455
276.932
276.322
276.322
276.322
276.22
276.22
276.199
274.441
274.441
274.441
274.441
274.441
274.441
274.441
274.441
274.441
274.441
274.441
274.441
274.441
274.441
274.441
274.441
274.441
274.441
274.441
274.441
274.441
274.441
274.441
274.441
274.441
274.441
274.441
274.441
272.928
272.928
272.928
272.928
272.928
272.928
272.928
272.928
272.928
272.928
272.928
272.928
272.928
272.928
272.928
272.928
272.928
272.928
272.928
272.928
269.646
269.646
269.646
269.646
269.646
269.646
269.646
269.646
269.646
269.646
269.646
269.646
269.646
269.646
269.646
269.646
269.646
269.646
269.646
269.646
269.646
269.646
269.646
269.646
269.646
269.646
269.646
269.646
269.646
269.646
269.646
269.646
269.646
269.646
269.646
269.646
269.646
269.646
269.646
269.646
269.646
269.646
269.646
269.646
269.646
269.646
269.646
269.646
269.646
269.646
269.646
269.646
269.646
269.646
269.646
269.646
269.646
269.646
269.646
269.646
269.646
269.646
269.646
269.646
269.646
269.646
269.646
269.646
269.646
269.646
269.646
269.646
269.646
269.646
269.646
269.646
269.646
269.646
269.646
269.646
