953.45
888.819
829.84
784.411
741.983
711.588
682.531
643.72
608.525
586.1
568.895
551.774
535.645
513.235
494.503
478.335
468.855
460.742
453.7
445.599
437.545
427.87
418.129
408.899
398
386.964
382.517
376.246
370.369
363.416
355.962
348.807
343.06
334.773
327.394
320.341
315.523
314.972
313.766
311.607
310.002
308.758
307.347
305.101
301.514
298.553
297.415
296.756
296.127
295.516
294.946
294.851
294.347
293.793
293.265
292.665
291.997
291.185
290.009
289.099
288.527
288.015
287.248
286.2
285.53
285.288
284.153
282.522
281.836
281.267
280.727
280.248
279.861
279.172
278.316
277.886
276.478
275.163
274.812
274.811
274.811
274.811
274.811
274.811
274.811
274.811
274.811
274.811
274.811
274.811
274.811
274.811
274.811
274.811
274.811
274.811
274.811
274.811
274.811
274.811
274.811
274.811
274.811
274.811
274.811
274.811
274.811
274.811
274.811
274.811
274.811
274.811
274.811
274.811
274.811
274.811
274.811
274.811
274.811
274.811
274.562
273.539
271.621
269.646
269.646
269.646
269.646
269.646
269.646
269.646
269.646
269.646
269.646
269.646
269.646
269.646
269.646
269.646
269.646
269.646
269.646
269.646
269.646
269.646
269.646
269.646
269.646
269.646
269.646
269.646
269.646
269.646
269.646
269.646
269.646
269.646
269.646
269.646
269.646
269.646
269.646
269.646
269.646
269.646
269.646
269.646
269.646
269.646
269.646
269.646
269.646
269.646
269.646
269.646
269.646
269.646
269.646
269.646
269.646
269.646
269.646
269.646
269.646
269.646
269.646
269.646
269.646
269.646
269.646
269.646
269.646
269.646
269.646
269.646
269.646
269.646
269.646
269.646
269.646
269.646
