952.328
883.34
821.117
740.838
680.336
643.651
623.815
601.815
579.1
556.759
528.953
507.823
492.063
476.58
469.175
461.274
449.107
434.294
420.974
411.363
401.404
394.38
388.962
382.152
375.95
369.737
363.351
358.915
354.197
350.45
346.439
342.754
338.431
334.516
330.168
326.44
323.347
320.969
318.62
315.326
312.347
306.282
298.259
294.796
294.259
293.082
291.301
288.342
285.422
283.698
283.371
282.76
280.85
278.615
277.856
277.748
277.259
276.707
276.521
276.276
276.076
275.821
275.57
275.413
275.357
275.094
274.439
273.62
272.284
272.183
272.183
272.181
272.171
272.103
271.807
271.39
271.39
271.39
271.39
271.39
271.39
271.39
271.39
271.39
271.39
271.39
271.39
271.39
271.39
271.39
271.39
271.39
271.39
271.39
271.39
271.39
271.39
271.39
271.39
271.39
271.39
271.39
271.39
271.39
271.39
271.39
271.39
271.39
271.39
271.39
271.39
271.39
271.39
271.39
271.39
271.39
271.39
271.39
271.39
271.39
271.39
271.39
271.39
271.39
271.39
271.39
271.39
271.39
271.39
271.39
271.39
271.39
271.39
271.39
271.39
271.39
271.39
271.39
271.39
271.39
271.339
271.075
270.724
270.724
270.724
270.724
270.724
270.724
270.724
270.724
270.724
270.724
270.724
270.724
270.724
270.724
270.724
270.724
270.724
270.724
270.646
270.259
269.647
269.646
269.646
269.646
269.646
269.646
269.646
269.646
269.646
269.646
269.646
269.646
269.646
269.646
269.646
269.646
269.646
269.646
269.646
269.646
269.646
269.646
269.646
269.646
269.646
269.646
269.646
269.646
269.646
269.646
269.646
269.646
269.646
269.646
269.646
269.646
269.646
269.646
