803.174
716.404
680.485
647.692
607.42
583.281
545.644
532.122
526.936
499.066
491.292
491.292
469.485
466.275
453.631
448.816
445.418
440.088
427.824
417.383
408.375
405.166
398.576
395.548
387.036
386.043
382.489
371.883
362.977
362.977
359.876
350.078
349.897
344.915
337.618
335.805
332.454
329.862
322.833
322.473
320.24
316.444
315.632
311.452
306.565
306.565
304.735
303.289
301.564
299.734
295.937
295.937
295.803
295.161
292.006
290.455
290.455
290.455
287.883
287.883
283.972
283.972
283.972
282.216
282.216
282.216
281.582
281.582
281.096
281.096
280.467
279.982
279.982
279.982
279.982
279.982
279.982
279.982
279.982
278.986
275.021
274.855
274.855
274.855
274.855
274.855
274.855
274.855
274.855
274.855
274.855
274.855
274.855
274.855
274.855
274.855
274.855
274.855
274.855
274.855
270.034
270.034
270.034
270.034
270.034
270.034
270.034
270.034
270.034
270.034
270.034
270.034
270.034
270.034
270.034
270.034
270.034
270.034
270.034
270.034
270.034
270.034
270.034
270.034
270.034
270.034
270.034
270.034
270.034
270.034
270.034
270.034
270.034
270.034
270.034
270.034
270.034
270.034
270.034
270.034
270.034
270.034
270.034
270.034
270.034
270.034
270.034
270.034
270.034
270.034
270.034
270.034
270.034
270.034
270.034
270.034
270.034
270.034
270.034
270.034
270.034
270.034
270.034
270.034
270.034
270.034
270.034
270.034
270.034
270.034
270.034
270.034
270.034
270.034
270.034
270.034
270.034
270.034
270.034
270.034
269.646
269.646
269.646
269.646
269.646
269.646
269.646
269.646
269.646
269.646
269.646
269.646
269.646
269.646
269.646
269.646
269.646
269.646
269.646
269.646
