945.208
856.106
804.599
771.077
718.444
684.859
651.788
622.284
602.007
581.429
560.955
544.676
530.417
514.37
495.624
478.27
471.461
460.669
450.497
441.595
434.579
427.107
418.379
410.535
404.458
395.238
384.455
379.357
375.646
372.612
368.976
364.524
360.559
356.149
352.247
347.22
344.083
340.654
338.307
335.46
329.521
321.015
311.799
306.597
306.223
305.502
304.342
304.116
303.654
303.16
302.049
298.843
296.456
295.846
293.86
291.476
291.3
290.75
290.046
289.363
288.199
286.147
283.192
280.463
279.736
279.47
278.838
278.376
277.749
277.399
276.592
276.074
275.604
274.964
273.585
273.583
273.498
273.016
272.496
272.496
272.495
272.478
272.382
272.177
272.017
271.352
270.17
270.079
270.079
270.079
270.079
270.079
270.079
270.079
270.079
270.076
270.063
270.036
270.034
270.034
270.034
270.034
270.034
270.034
270.034
270.034
270.034
270.034
270.034
270.034
270.034
270.034
270.034
270.034
270.034
270.034
270.034
270.034
270.034
270.034
270.011
269.93
269.8
269.67
269.646
269.646
269.646
269.646
269.646
269.646
269.646
269.646
269.646
269.646
269.646
269.646
269.646
269.646
269.646
269.646
269.646
269.646
269.646
269.646
269.646
269.646
269.646
269.646
269.646
269.646
269.646
269.646
269.646
269.646
269.646
269.646
269.646
269.646
269.646
269.646
269.646
269.646
269.646
269.646
269.646
269.646
269.646
269.646
269.646
269.646
269.646
269.646
269.646
269.646
269.646
269.646
269.646
269.646
269.646
269.646
269.646
269.646
269.646
269.646
269.646
269.646
269.646
269.646
269.646
269.646
269.646
269.646
269.646
269.646
269.646
269.646
269.646
269.646
269.646
269.646
