943.696
843.052
805.014
772.048
725.17
666.56
633.03
609.284
586.451
568.407
554.07
538.108
520.995
504.177
490.77
475.249
463.205
456.484
449.089
441.572
432.406
412.744
385.285
376.444
374.898
371.546
366.876
361.071
355.769
351.209
346.067
340.235
335.142
329.248
323.905
319.984
317.868
316.461
314.683
312.424
309.756
307.046
305.426
303.865
302.033
300.035
297.891
297.683
296.861
295.242
294.216
293.495
291.872
290.521
289.679
288.53
288.225
287.306
286.284
285.135
283.974
282.824
282.025
281.09
280.123
278.87
277.184
276.498
276.031
275.64
275.64
275.638
275.542
275.02
274.149
273.533
272.928
272.928
272.928
272.928
272.928
272.928
272.928
272.928
272.928
272.928
272.928
272.928
272.928
272.928
272.928
272.928
272.928
272.928
272.928
272.928
272.928
272.928
272.928
272.928
272.928
272.928
272.928
272.928
272.928
272.928
272.928
272.928
272.928
272.928
272.928
272.928
272.928
272.928
272.928
272.928
272.928
272.928
272.928
272.928
272.815
272.231
271.017
270.724
270.724
270.724
270.724
270.724
270.724
270.724
270.724
270.724
270.724
270.724
270.724
270.724
270.724
270.724
270.724
270.724
270.649
270.274
269.646
269.646
269.646
269.646
269.646
269.646
269.646
269.646
269.646
269.646
269.646
269.646
269.646
269.646
269.646
269.646
269.646
269.646
269.646
269.646
269.646
269.646
269.646
269.646
269.646
269.646
269.646
269.646
269.646
269.646
269.646
269.646
269.646
269.646
269.646
269.646
269.646
269.646
269.646
269.646
269.646
269.646
269.646
269.646
269.646
269.646
269.646
269.646
269.646
269.646
269.646
269.646
269.646
269.646
269.646
269.646
269.646
269.646
