809.334
714.411
702.398
690.871
653.973
629.971
613.718
590.792
574.808
554.383
539.724
515.461
499.738
492.418
485.499
470.764
464.794
461.099
448.084
436.771
419.159
408.358
401.094
401.094
395.169
376.715
373.677
367.752
364.206
364.019
355.771
355.771
352.134
343.799
340.162
337.525
333.979
331.661
331.661
329.387
308.842
308.842
307.444
304.026
304.026
302.627
300.039
297.087
292.102
292.102
291.88
290.939
289.066
289.066
287.439
287.301
285.59
285.59
284.405
284.405
282.729
282.729
281.709
281.709
281.421
280.401
280.401
279.872
279.872
279.872
278.457
278.457
278.457
278.457
278.457
278.457
278.457
278.457
278.457
278.457
273.615
273.615
273.615
273.615
273.615
273.615
273.615
273.615
273.615
273.615
273.615
273.615
273.615
273.615
273.615
273.615
273.615
273.615
273.615
273.615
269.646
269.646
269.646
269.646
269.646
269.646
269.646
269.646
269.646
269.646
269.646
269.646
269.646
269.646
269.646
269.646
269.646
269.646
269.646
269.646
269.646
269.646
269.646
269.646
269.646
269.646
269.646
269.646
269.646
269.646
269.646
269.646
269.646
269.646
269.646
269.646
269.646
269.646
269.646
269.646
269.646
269.646
269.646
269.646
269.646
269.646
269.646
269.646
269.646
269.646
269.646
269.646
269.646
269.646
269.646
269.646
269.646
269.646
269.646
269.646
269.646
269.646
269.646
269.646
269.646
269.646
269.646
269.646
269.646
269.646
269.646
269.646
269.646
269.646
269.646
269.646
269.646
269.646
269.646
269.646
269.646
269.646
269.646
269.646
269.646
269.646
269.646
269.646
269.646
269.646
269.646
269.646
269.646
269.646
269.646
269.646
269.646
269.646
269.646
269.646
