853.458
749.215
664.927
637.186
621.113
594.01
568.705
558.232
512.699
511.429
484.471
471.677
471.677
461.507
448.289
427.26
420.429
408.243
395.116
391.788
387.827
379.923
373.939
369.181
362.032
358.433
352.231
350.108
344.884
339.173
337.667
331.683
329.378
324.705
321.521
320.66
317.819
314.635
311.587
304.701
294.913
294.913
293.577
292.95
289.623
287.429
284.103
283.475
283.475
282.186
279.149
277.861
277.861
277.861
276.75
276.75
276.35
276.297
275.897
275.815
275.415
275.415
275.415
274.621
274.621
272.183
272.183
272.183
272.183
272.183
272.16
272.16
271.39
271.39
271.39
271.39
271.39
271.39
271.39
271.39
271.39
271.39
271.39
271.39
271.39
271.39
271.39
271.39
271.39
271.39
271.39
271.39
271.39
271.39
271.39
271.39
271.39
271.39
271.39
271.39
271.39
271.39
271.39
271.39
271.39
271.39
271.39
271.39
271.39
271.39
271.39
271.39
271.39
271.39
271.39
271.39
271.39
271.39
271.39
271.39
271.39
271.39
271.39
271.39
271.39
271.39
271.39
271.39
271.39
271.39
271.39
271.39
271.39
271.39
271.39
271.39
271.39
271.39
271.39
271.39
270.724
270.724
270.724
270.724
270.724
270.724
270.724
270.724
270.724
270.724
270.724
270.724
270.724
270.724
270.724
270.724
270.724
270.724
270.724
270.724
269.646
269.646
269.646
269.646
269.646
269.646
269.646
269.646
269.646
269.646
269.646
269.646
269.646
269.646
269.646
269.646
269.646
269.646
269.646
269.646
269.646
269.646
269.646
269.646
269.646
269.646
269.646
269.646
269.646
269.646
269.646
269.646
269.646
269.646
269.646
269.646
269.646
269.646
269.646
269.646
