945.117
855.678
792.924
748.186
718.063
687.506
663.052
639.826
611.743
590.126
567.733
552.391
538.61
527.583
516.486
503.882
490.344
471.762
459.414
452.611
442.843
432.898
424.016
416.66
409.261
401.095
394.827
388.211
382.258
377.916
370.415
362.305
357.675
352.612
346.884
342.011
335.59
329.835
323.149
319.123
313.315
307.764
307.204
306.138
304.855
303.756
301.959
300.524
298.512
296.939
294.736
292.649
292.332
291.191
289.165
288.675
288.54
288.055
287.19
286.588
284.94
283.42
280.837
278.712
278.176
278.146
278.004
277.718
277.365
277.24
277.154
276.879
276.484
276.429
276.426
276.363
276.115
275.745
275.508
275.232
275.171
274.85
274.223
274.021
274.021
274.021
274.021
274.021
274.021
274.021
274.021
274.021
274.021
274.021
274.021
274.021
274.021
274.021
274.021
274.021
273.792
273.085
271.487
270.034
270.034
270.034
270.034
270.034
270.034
270.034
270.034
270.034
270.034
270.034
270.034
270.034
270.034
270.034
270.034
270.034
270.034
270.034
270.034
270.034
270.034
270.034
270.034
270.034
270.034
270.034
270.034
270.034
270.034
270.034
270.034
270.034
270.034
270.034
270.034
270.034
270.016
269.943
269.83
269.667
269.646
269.646
269.646
269.646
269.646
269.646
269.646
269.646
269.646
269.646
269.646
269.646
269.646
269.646
269.646
269.646
269.646
269.646
269.646
269.646
269.646
269.646
269.646
269.646
269.646
269.646
269.646
269.646
269.646
269.646
269.646
269.646
269.646
269.646
269.646
269.646
269.646
269.646
269.646
269.646
269.646
269.646
269.646
269.646
269.646
269.646
269.646
269.646
269.646
269.646
269.646
269.646
269.646
269.646
269.646
269.646
