817.724
778.494
713.634
679.027
657.584
640.188
619.326
582.736
555.344
543.734
520.703
510.366
496.959
487.967
477.602
467.345
457.606
445.962
434.677
425.415
390.191
384.745
384.745
381.94
378.203
374.908
369.125
367.52
364.039
357.628
357.628
355.694
348.306
344.863
343.143
340.566
335.687
334.299
329.421
325.982
307.502
306.98
305.132
303.186
300.816
299.52
296.292
294.693
294.415
293.055
292.269
290.097
289.792
288.155
287.589
286.908
285.371
285.299
284.536
283.972
283.716
283.671
282.261
282.261
282.261
282.261
281.776
281.437
280.952
280.952
277.69
277.643
277.205
276.509
276.343
276.343
276.343
276.343
276.343
276.343
274.811
274.811
274.811
274.811
274.811
274.811
274.811
274.811
274.811
274.811
274.811
274.811
274.811
274.811
274.811
274.811
274.524
274.524
272.462
272.462
272.462
272.462
272.462
272.462
272.462
272.462
272.462
272.462
272.462
272.462
272.462
272.462
272.462
272.462
272.462
272.462
272.462
272.462
272.462
272.462
270.034
270.034
270.034
270.034
270.034
270.034
270.034
270.034
270.034
270.034
270.034
270.034
270.034
270.034
270.034
270.034
270.034
270.034
270.034
270.034
269.646
269.646
269.646
269.646
269.646
269.646
269.646
269.646
269.646
269.646
269.646
269.646
269.646
269.646
269.646
269.646
269.646
269.646
269.646
269.646
269.646
269.646
269.646
269.646
269.646
269.646
269.646
269.646
269.646
269.646
269.646
269.646
269.646
269.646
269.646
269.646
269.646
269.646
269.646
269.646
269.646
269.646
269.646
269.646
269.646
269.646
269.646
269.646
269.646
269.646
269.646
269.646
269.646
269.646
269.646
269.646
269.646
269.646
269.646
269.646
