946.801
864.307
815.393
775.143
738.361
708.64
685.525
653.775
626.86
605.747
587.604
570.268
552.325
536.529
523.252
510.899
500.176
490.176
479.836
469.351
462.782
447.186
427.136
415.956
409.286
401.791
392.772
385.131
381.544
377.181
373.339
367.93
363.256
359.477
353.529
348.452
344.567
340.102
339.494
337.164
333.833
332.494
329.96
326.442
323.432
320.082
317.661
317.076
316.511
315.029
312.043
308.276
306.677
305.034
303.605
302.85
301.758
301.117
300.354
299.348
297.719
293.256
285.709
282.172
282.172
282.17
282.11
281.815
281.23
280.945
280.3
279.732
279.42
278.988
278.885
278.243
277.393
277.393
277.393
277.393
277.121
276.286
274.496
271.846
271.39
271.39
271.39
271.39
271.39
271.39
271.39
271.39
271.39
271.39
271.39
271.39
271.39
271.39
271.39
271.39
271.39
271.39
271.39
271.39
271.39
271.39
271.39
271.39
271.39
271.39
271.39
271.39
271.39
271.39
271.39
271.39
271.39
271.39
271.39
271.39
271.387
271.323
270.998
270.724
270.724
270.724
270.724
270.724
270.724
270.724
270.724
270.724
270.724
270.724
270.724
270.724
270.724
270.724
270.724
270.724
270.636
270.214
269.646
269.646
269.646
269.646
269.646
269.646
269.646
269.646
269.646
269.646
269.646
269.646
269.646
269.646
269.646
269.646
269.646
269.646
269.646
269.646
269.646
269.646
269.646
269.646
269.646
269.646
269.646
269.646
269.646
269.646
269.646
269.646
269.646
269.646
269.646
269.646
269.646
269.646
269.646
269.646
269.646
269.646
269.646
269.646
269.646
269.646
269.646
269.646
269.646
269.646
269.646
269.646
269.646
269.646
269.646
269.646
269.646
269.646
