938.448
872.546
825.276
789.161
754.016
720.707
682.818
655.57
627.454
596.667
578.881
564.507
549.828
534.526
522.227
512.352
499.045
487.068
479.659
471.305
460.674
443.09
416.961
407.402
402.214
395.49
390.959
387.042
381.692
375.294
368.908
363.685
360.646
356.343
354.641
351.407
346.815
339.981
336.317
334.82
332.963
330.497
327.526
323.898
322.681
321.154
319.175
315.729
313.098
311.311
311.032
309.389
305.888
302.235
300.65
299.931
298.838
297.214
296.058
295.174
293.582
290.034
283.547
280.393
280.39
280.374
280.344
280.318
280.25
280.177
280.039
279.76
278.931
277.629
277.442
277.296
276.889
276.218
275.184
274.055
272.872
272.606
272.606
272.606
272.606
272.606
272.606
272.606
272.606
272.606
272.606
272.606
272.606
272.606
272.606
272.606
272.606
272.606
272.606
272.606
272.606
272.606
272.606
272.606
272.606
272.606
272.606
272.606
272.606
272.606
272.606
272.606
272.606
272.606
272.606
272.606
272.606
272.606
272.606
272.606
272.402
271.317
270.034
270.034
270.034
270.034
270.034
270.034
270.034
270.034
270.034
270.034
270.034
270.034
270.034
270.034
270.034
270.034
270.034
270.034
270.034
270.034
270.034
270.034
270.034
270.034
270.034
270.034
270.034
270.034
270.034
270.034
270.034
270.034
270.034
270.034
270.034
270.034
270.034
270.034
270.02
269.945
269.836
269.675
269.646
269.646
269.646
269.646
269.646
269.646
269.646
269.646
269.646
269.646
269.646
269.646
269.646
269.646
269.646
269.646
269.646
269.646
269.646
269.646
269.646
269.646
269.646
269.646
269.646
269.646
269.646
269.646
269.646
269.646
269.646
269.646
269.646
269.646
269.646
269.646
