938.013
861.089
809.84
769.099
731.19
700.04
671.874
643.957
609.22
580.619
552.385
534.308
508.699
489.513
474.916
463.827
451.451
439.671
430.422
424.324
415.874
404.736
392.911
382.421
369.865
364.201
358.371
352.898
348.993
345.879
341.712
336.408
329.494
324.46
321.481
320.438
319.111
315.852
311.991
309.604
307.121
304.269
301.895
299.419
298.079
296.906
295.221
293.753
291.634
290.105
288.913
287.747
286.326
285.123
283.4
281.737
281.453
281.162
280.234
279.255
279.109
279.086
278.939
278.655
278.495
278.388
277.805
277.139
277.139
277.139
277.139
277.139
277.139
277.139
277.133
276.955
276.197
275.179
274.838
274.439
274.222
273.284
271.494
271.156
270.826
270.724
270.724
270.724
270.724
270.724
270.724
270.724
270.724
270.724
270.724
270.724
270.724
270.724
270.724
270.724
270.724
270.724
270.724
270.724
270.724
270.724
270.724
270.724
270.724
270.724
270.724
270.724
270.724
270.724
270.724
270.724
270.724
270.724
270.724
270.724
270.666
270.37
269.687
269.646
269.646
269.646
269.646
269.646
269.646
269.646
269.646
269.646
269.646
269.646
269.646
269.646
269.646
269.646
269.646
269.646
269.646
269.646
269.646
269.646
269.646
269.646
269.646
269.646
269.646
269.646
269.646
269.646
269.646
269.646
269.646
269.646
269.646
269.646
269.646
269.646
269.646
269.646
269.646
269.646
269.646
269.646
269.646
269.646
269.646
269.646
269.646
269.646
269.646
269.646
269.646
269.646
269.646
269.646
269.646
269.646
269.646
269.646
269.646
269.646
269.646
269.646
269.646
269.646
269.646
269.646
269.646
269.646
269.646
269.646
269.646
269.646
269.646
269.646
269.646
269.646
