808.435
775.853
730.404
658.183
637.469
606.405
580.923
568.535
554.467
540.18
517.302
502.688
491.108
468.691
460.651
457.574
446.53
440.257
433.151
430.266
376.479
376.479
374.035
369.16
365.369
357.234
357.234
350.942
344.676
339.121
333.109
329.9
323.31
318.463
317.506
316.013
313.519
312.027
308.357
306.498
304.436
301.813
301.813
297.881
297.881
297.881
295.913
294.357
294.357
292.014
292.014
290.458
288.577
288.577
288.18
286.547
286.547
285.076
283.107
282.172
281.809
280.648
279.752
277.298
277.298
276.402
275.64
275.64
275.64
275.64
275.64
274.526
274.042
272.928
272.928
272.928
272.928
272.928
272.928
272.928
272.928
272.928
272.928
272.928
272.928
272.928
272.928
272.928
272.928
272.928
272.928
272.928
272.928
272.928
272.928
272.928
272.928
272.928
272.928
272.928
272.928
272.928
272.928
272.928
272.928
272.928
272.928
272.928
272.928
272.928
272.928
272.928
272.928
272.928
272.928
272.928
272.928
272.928
272.928
272.928
270.724
270.724
270.724
270.724
270.724
270.724
270.724
270.724
270.724
270.724
270.724
270.724
270.724
270.724
270.724
270.724
270.724
270.724
270.724
270.724
269.646
269.646
269.646
269.646
269.646
269.646
269.646
269.646
269.646
269.646
269.646
269.646
269.646
269.646
269.646
269.646
269.646
269.646
269.646
269.646
269.646
269.646
269.646
269.646
269.646
269.646
269.646
269.646
269.646
269.646
269.646
269.646
269.646
269.646
269.646
269.646
269.646
269.646
269.646
269.646
269.646
269.646
269.646
269.646
269.646
269.646
269.646
269.646
269.646
269.646
269.646
269.646
269.646
269.646
269.646
269.646
269.646
269.646
269.646
269.646
