922.116
817.062
761.721
713.648
688.904
668.347
636.913
601.856
579.945
563.443
544.462
525.47
510.591
498.076
485.185
470.539
446.168
420.795
409.207
400.392
397.097
394.068
388.719
382.475
376.741
370.476
365.175
360.711
356.231
350.725
345.55
343.223
341.555
338.554
334.664
330.403
327.387
326.007
324.775
322.998
321.758
320.301
318.136
315.347
313.518
312.227
311.574
310.482
309.068
307.152
304.598
302.66
299.999
298.46
296.802
294.964
293.507
292.514
291.63
289.81
287.736
285.927
284.906
283.336
283.317
283.253
282.897
282.343
281.627
280.613
280.436
280.419
280.31
280.014
279.658
279.614
279.333
278.864
278.859
278.849
278.683
277.941
276.018
273.358
272.463
272.344
272.159
272.145
272.115
272.054
271.66
270.975
270.784
270.784
270.784
270.784
270.784
270.782
270.65
270.153
269.646
269.646
269.646
269.646
269.646
269.646
269.646
269.646
269.646
269.646
269.646
269.646
269.646
269.646
269.646
269.646
269.646
269.646
269.646
269.646
269.646
269.646
269.646
269.646
269.646
269.646
269.646
269.646
269.646
269.646
269.646
269.646
269.646
269.646
269.646
269.646
269.646
269.646
269.646
269.646
269.646
269.646
269.646
269.646
269.646
269.646
269.646
269.646
269.646
269.646
269.646
269.646
269.646
269.646
269.646
269.646
269.646
269.646
269.646
269.646
269.646
269.646
269.646
269.646
269.646
269.646
269.646
269.646
269.646
269.646
269.646
269.646
269.646
269.646
269.646
269.646
269.646
269.646
269.646
269.646
269.646
269.646
269.646
269.646
269.646
269.646
269.646
269.646
269.646
269.646
269.646
269.646
269.646
269.646
269.646
269.646
269.646
269.646
269.646
269.646
