776.604
721.587
711.812
670.642
644.959
619.353
610.029
585.564
578.802
545.556
524.768
511.481
502.143
487.976
478.955
465.907
457.436
437.77
427.152
423.989
403.845
398.37
392.386
382.793
376.586
374.405
365.961
361.499
359.135
354.969
354.826
344.382
341.009
333.078
327.49
327.49
323.657
323.344
315.316
315.316
314.308
312.608
309.629
308.287
305.073
302.127
298.914
297.711
297.711
297.711
295.961
294.757
294.757
291.887
291.887
291.613
289.869
288.86
288.332
286.293
275.815
275.792
275.792
275.792
275.792
275.792
275.586
275.021
275.021
274.621
274.621
273.577
273.177
271.39
271.39
271.39
271.39
271.39
271.39
271.39
271.311
271.311
271.311
271.311
271.311
271.311
269.646
269.646
269.646
269.646
269.646
269.646
269.646
269.646
269.646
269.646
269.646
269.646
269.646
269.646
269.646
269.646
269.646
269.646
269.646
269.646
269.646
269.646
269.646
269.646
269.646
269.646
269.646
269.646
269.646
269.646
269.646
269.646
269.646
269.646
269.646
269.646
269.646
269.646
269.646
269.646
269.646
269.646
269.646
269.646
269.646
269.646
269.646
269.646
269.646
269.646
269.646
269.646
269.646
269.646
269.646
269.646
269.646
269.646
269.646
269.646
269.646
269.646
269.646
269.646
269.646
269.646
269.646
269.646
269.646
269.646
269.646
269.646
269.646
269.646
269.646
269.646
269.646
269.646
269.646
269.646
269.646
269.646
269.646
269.646
269.646
269.646
269.646
269.646
269.646
269.646
269.646
269.646
269.646
269.646
269.646
269.646
269.646
269.646
269.646
269.646
269.646
269.646
269.646
269.646
269.646
269.646
269.646
269.646
269.646
269.646
269.646
269.646
269.646
269.646
