947.565
876.805
827.873
777.775
731.296
692.15
658.638
629.923
609.886
582.775
558.86
543.43
529.709
513.992
497.845
482.869
468
454.286
444.032
435.284
430.553
421.183
411.343
405.055
396.723
386.456
376.913
369.063
362.652
356.155
350.643
345.98
342.124
337.652
334.63
331.952
329.561
326.747
323.237
320.671
319.866
318.717
317.479
315.239
313.963
312.192
309.899
307.377
304.159
302.765
300.8
299.238
297.715
296.383
293.443
290.622
289.185
288.665
287.837
287.455
286.657
285.997
285.565
284.658
283.269
281.96
281.834
281.268
280.565
280.565
280.564
280.535
280.421
280.165
280.014
279.875
279.513
279.152
279.02
279.018
278.758
277.948
276.384
273.92
273.72
273.72
273.72
273.72
273.72
273.72
273.72
273.72
273.72
273.72
273.72
273.72
273.72
273.718
273.637
273.22
272.493
272.062
270.894
269.646
269.646
269.646
269.646
269.646
269.646
269.646
269.646
269.646
269.646
269.646
269.646
269.646
269.646
269.646
269.646
269.646
269.646
269.646
269.646
269.646
269.646
269.646
269.646
269.646
269.646
269.646
269.646
269.646
269.646
269.646
269.646
269.646
269.646
269.646
269.646
269.646
269.646
269.646
269.646
269.646
269.646
269.646
269.646
269.646
269.646
269.646
269.646
269.646
269.646
269.646
269.646
269.646
269.646
269.646
269.646
269.646
269.646
269.646
269.646
269.646
269.646
269.646
269.646
269.646
269.646
269.646
269.646
269.646
269.646
269.646
269.646
269.646
269.646
269.646
269.646
269.646
269.646
269.646
269.646
269.646
269.646
269.646
269.646
269.646
269.646
269.646
269.646
269.646
269.646
269.646
269.646
269.646
269.646
269.646
269.646
269.646
