797.043
770.629
745.788
722.687
670.111
646.424
630.828
601.656
587.356
556.232
546.072
533.206
524.562
496.454
479.897
474.904
458.862
454.898
446.254
439.074
416.875
404.808
396.295
396.295
392.423
381.496
377.624
368.195
361.446
356.533
354.728
349.816
346.403
338.954
337.613
331.773
331.773
328.969
326.816
324.358
317.434
317.434
314.63
312.905
311.772
307.549
301.523
299.545
298.665
298.521
297.802
296.479
295.616
294.527
294.527
292.189
292.189
291.155
291.155
288.469
277.707
277.707
277.707
277.707
275.813
275.813
275.813
275.02
275.02
275.02
275.02
275.02
275.02
275.02
275.02
275.02
275.02
275.02
275.02
275.02
272.928
272.928
272.928
272.928
272.928
272.928
272.928
272.928
272.928
272.928
272.928
272.928
272.928
272.928
272.928
272.928
272.928
272.928
272.928
272.928
272.928
272.928
272.928
272.928
272.928
272.928
272.928
272.928
272.928
272.928
272.928
272.928
272.928
272.928
272.928
272.928
272.928
272.928
272.928
272.928
270.724
270.724
270.724
270.724
270.724
270.724
270.724
270.724
270.724
270.724
270.724
270.724
270.724
270.724
270.724
270.724
270.724
270.724
270.724
270.724
269.646
269.646
269.646
269.646
269.646
269.646
269.646
269.646
269.646
269.646
269.646
269.646
269.646
269.646
269.646
269.646
269.646
269.646
269.646
269.646
269.646
269.646
269.646
269.646
269.646
269.646
269.646
269.646
269.646
269.646
269.646
269.646
269.646
269.646
269.646
269.646
269.646
269.646
269.646
269.646
269.646
269.646
269.646
269.646
269.646
269.646
269.646
269.646
269.646
269.646
269.646
269.646
269.646
269.646
269.646
269.646
269.646
269.646
269.646
269.646
