759.091
709.562
690.691
673.889
643.659
584.123
582.325
557.372
533.457
515.663
499.379
498.944
477.52
472.918
426.063
420.661
402.194
397.708
395.897
390.191
385.996
381.535
373.359
367.294
364.28
359.839
354.427
348.198
343.471
343.471
340.274
337.255
332.712
326.93
325.993
325.993
323.782
322.404
320.193
319.751
316.958
314.747
312.214
312.214
310.872
309.367
308.692
304.793
304.793
299.63
299.189
297.794
295.687
294.555
292.72
292.72
291.693
288.981
285.88
285.88
283.319
283.319
283.319
283.319
282.455
282.455
281.301
280.437
280.437
280.437
280.28
279.659
279.659
279.659
278.866
278.866
278.849
278.849
278.849
278.849
272.496
272.496
272.496
272.163
272.163
272.118
272.118
272.118
270.784
270.784
270.784
270.784
270.784
270.784
270.784
270.784
270.784
269.646
269.646
269.646
269.646
269.646
269.646
269.646
269.646
269.646
269.646
269.646
269.646
269.646
269.646
269.646
269.646
269.646
269.646
269.646
269.646
269.646
269.646
269.646
269.646
269.646
269.646
269.646
269.646
269.646
269.646
269.646
269.646
269.646
269.646
269.646
269.646
269.646
269.646
269.646
269.646
269.646
269.646
269.646
269.646
269.646
269.646
269.646
269.646
269.646
269.646
269.646
269.646
269.646
269.646
269.646
269.646
269.646
269.646
269.646
269.646
269.646
269.646
269.646
269.646
269.646
269.646
269.646
269.646
269.646
269.646
269.646
269.646
269.646
269.646
269.646
269.646
269.646
269.646
269.646
269.646
269.646
269.646
269.646
269.646
269.646
269.646
269.646
269.646
269.646
269.646
269.646
269.646
269.646
269.646
269.646
269.646
269.646
269.646
269.646
269.646
269.646
269.646
269.646
