21.9078
21.2312
20.1448
19.1633
16.9806
16.3252
15.0051
14.4769
14.2399
13.4764
13.2168
12.6399
12.1244
12.1244
11.5566
11.4985
10.9743
10.9743
10.8335
10.7441
10.7441
10.7358
10.5552
10.5469
10.4253
10.3876
10.2577
10.2494
10.2217
10.1932
10.1773
10.1324
10.1039
10.1039
10.1004
10.0895
10.0066
9.94231
9.94231
9.94231
9.63211
9.63211
9.63178
9.63178
9.63178
9.45715
9.45715
9.45715
9.45715
9.45715
9.31297
9.31297
9.31297
9.31297
9.31297
9.31297
9.31297
9.31297
9.31297
9.31297
9.31297
9.31297
9.31297
9.31297
9.31297
9.31297
9.31297
9.31297
9.31297
9.31297
9.31297
9.31297
9.31297
9.31297
9.31297
9.31297
9.31297
9.31297
9.31297
9.31297
9.31297
9.31297
9.31297
9.31297
9.31297
9.31297
9.31297
9.31297
9.31297
9.31297
9.31297
9.31297
9.31297
9.31297
9.31297
9.31297
9.31297
9.31297
9.31297
9.31297
