29.1672
26.6566
24.8528
23.2443
21.9456
20.8394
20.0788
19.4589
18.6564
17.9674
17.2916
16.393
15.5174
15.1042
14.694
14.3553
13.7624
13.4321
13.0562
12.6782
12.4347
12.1483
11.9684
11.7721
11.613
11.4547
11.2924
11.1347
11.0145
10.8509
10.6331
10.4788
10.1923
9.88258
9.82447
9.78448
9.72721
9.69519
9.68821
9.67452
9.65516
9.65067
9.6411
9.63176
9.62872
9.60698
9.54174
9.52192
9.52192
9.52192
9.51622
9.4918
9.45715
9.45715
9.45715
9.45715
9.45686
9.44616
9.39245
9.31297
9.31297
9.31297
9.31297
9.31297
9.31297
9.31297
9.31297
9.31297
9.31297
9.31297
9.31297
9.31297
9.31297
9.31297
9.31297
9.31297
9.31297
9.31297
9.31297
9.31297
9.31297
9.31297
9.31297
9.31297
9.31297
9.31297
9.31297
9.31297
9.31297
9.31297
9.31297
9.31297
9.31297
9.31297
9.31297
9.31297
9.31297
9.31297
9.31297
9.31297
