25.4611
22.6519
21.8275
21.1184
19.3495
18.6294
17.4135
16.9111
15.3137
15.2947
14.2747
13.6795
13.5362
13.0059
12.797
12.6368
12.1115
11.7986
11.5537
10.9364
10.7702
10.696
10.3809
10.3809
10.3137
10.2983
10.1737
10.1584
10.0878
10.0383
10.0245
10.022
9.95866
9.95866
9.95765
9.70283
9.70283
9.70283
9.70283
9.70283
9.66696
9.53115
9.36901
9.36901
9.36901
9.36901
9.36901
9.36901
9.36901
9.36901
9.36901
9.31297
9.31297
9.31297
9.31297
9.31297
9.31297
9.31297
9.31297
9.31297
9.31297
9.31297
9.31297
9.31297
9.31297
9.31297
9.31297
9.31297
9.31297
9.31297
9.31297
9.31297
9.31297
9.31297
9.31297
9.31297
9.31297
9.31297
9.31297
9.31297
9.31297
9.31297
9.31297
9.31297
9.31297
9.31297
9.31297
9.31297
9.31297
9.31297
9.31297
9.31297
9.31297
9.31297
9.31297
9.31297
9.31297
9.31297
9.31297
9.31297
