29.1637
26.6732
25.0899
23.3564
22.0184
21.0271
19.8576
18.8221
17.8137
16.7242
15.721
15.1945
14.6532
13.8872
13.499
13.1189
12.8836
12.5933
12.1818
11.8598
11.6043
11.2581
10.8651
10.6877
10.568
10.4655
10.3623
10.3067
10.2496
10.1588
10.1242
10.0829
10.0539
10.0139
9.97619
9.95661
9.91919
9.8044
9.70283
9.70283
9.70217
9.69765
9.67773
9.59793
9.46548
9.37932
9.36901
9.36901
9.36901
9.36901
9.36901
9.3689
9.36669
9.35957
9.34007
9.31668
9.31297
9.31297
9.31297
9.31297
9.31297
9.31297
9.31297
9.31297
9.31297
9.31297
9.31297
9.31297
9.31297
9.31297
9.31297
9.31297
9.31297
9.31297
9.31297
9.31297
9.31297
9.31297
9.31297
9.31297
9.31297
9.31297
9.31297
9.31297
9.31297
9.31297
9.31297
9.31297
9.31297
9.31297
9.31297
9.31297
9.31297
9.31297
9.31297
9.31297
9.31297
9.31297
9.31297
9.31297
