29.0018
26.7114
25.1037
23.9242
22.5604
21.3274
20.3579
19.3878
18.0299
16.9713
16.4495
15.7829
14.8709
14.5021
14.0679
13.587
12.9669
12.4707
12.1084
11.7244
11.426
11.3134
11.1652
11.0077
10.8838
10.7389
10.6566
10.5875
10.5312
10.4455
10.3589
10.2972
10.2372
10.1896
10.16
10.1145
10.1145
10.1145
10.1145
10.1145
10.1145
10.1145
10.1145
10.1145
10.1145
10.1145
10.1145
10.1145
10.1145
10.1145
10.0802
9.93266
9.65444
9.52192
9.52192
9.52192
9.52192
9.52192
9.52192
9.52192
9.50983
9.44173
9.31297
9.31297
9.31297
9.31297
9.31297
9.31297
9.31297
9.31297
9.31297
9.31297
9.31297
9.31297
9.31297
9.31297
9.31297
9.31297
9.31297
9.31297
9.31297
9.31297
9.31297
9.31297
9.31297
9.31297
9.31297
9.31297
9.31297
9.31297
9.31297
9.31297
9.31297
9.31297
9.31297
9.31297
9.31297
9.31297
9.31297
9.31297
