29.0843
26.5302
24.9657
23.0933
21.2595
20.1879
19.3323
18.3617
17.6036
16.9795
16.1672
15.2653
14.5322
13.9678
13.5968
13.1307
12.7635
12.4947
12.1514
11.9151
11.6906
11.3597
11.1874
11.0716
10.9564
10.8186
10.6919
10.5983
10.5049
10.4332
10.399
10.3822
10.3338
10.29
10.2493
10.2044
10.1529
10.12
10.1087
10.0617
10.0113
9.91575
9.90672
9.89016
9.89016
9.89016
9.89016
9.89016
9.89016
9.89016
9.88051
9.8359
9.75029
9.64836
9.63211
9.63211
9.63211
9.63211
9.63211
9.63211
9.62717
9.60317
9.56588
9.5465
9.47889
9.37871
9.31297
9.31297
9.31297
9.31297
9.31297
9.31297
9.31297
9.31297
9.31297
9.31297
9.31297
9.31297
9.31297
9.31297
9.31297
9.31297
9.31297
9.31297
9.31297
9.31297
9.31297
9.31297
9.31297
9.31297
9.31297
9.31297
9.31297
9.31297
9.31297
9.31297
9.31297
9.31297
9.31297
9.31297
