25.2552
22.8352
20.684
20.3319
19.0619
17.9647
16.8071
16.3717
16.0725
15.5966
14.8239
14.381
14.3141
14.1676
13.4569
13.1206
13.0638
12.8406
12.6538
12.5485
12.1413
12.0729
11.8438
11.4977
11.3365
11.1918
10.9859
10.9819
10.7267
10.4788
10.1932
10.1122
10.1122
10.1039
10.1039
10.0776
10.0221
10.0221
10.0221
10.0186
9.71829
9.71829
9.71829
9.63325
9.63325
9.63325
9.63325
9.63325
9.63325
9.63325
9.63325
9.63325
9.63325
9.63325
9.63325
9.63325
9.63325
9.63325
9.63325
9.63325
9.3948
9.3948
9.38382
9.38382
9.36847
9.36847
9.36847
9.36847
9.36847
9.31297
9.31297
9.31297
9.31297
9.31297
9.31297
9.31297
9.31297
9.31297
9.31297
9.31297
9.31297
9.31297
9.31297
9.31297
9.31297
9.31297
9.31297
9.31297
9.31297
9.31297
9.31297
9.31297
9.31297
9.31297
9.31297
9.31297
9.31297
9.31297
9.31297
9.31297
