26.2612
23.8224
20.7095
19.4412
18.9914
18.1372
17.5901
16.964
16.3795
15.6445
14.5752
13.3366
13.0689
13.0689
12.7756
12.1484
12.0263
11.5327
11.3511
11.2242
11.1539
10.9613
10.8259
10.7697
10.2356
10.2356
10.2356
10.2065
10.1503
10.0631
10.0921
10.0631
9.84704
9.79154
9.75713
9.75713
9.70619
9.67178
9.65643
9.64746
9.64746
9.63211
9.63211
9.5688
9.5688
9.5688
9.32832
9.31297
9.31297
9.31297
9.31297
9.31297
9.31297
9.31297
9.31297
9.31297
9.31297
9.31297
9.31297
9.31297
9.31297
9.31297
9.31297
9.31297
9.31297
9.31297
9.31297
9.31297
9.31297
9.31297
9.31297
9.31297
9.31297
9.31297
9.31297
9.31297
9.31297
9.31297
9.31297
9.31297
9.31297
9.31297
9.31297
9.31297
9.31297
9.31297
9.31297
9.31297
9.31297
9.31297
9.31297
9.31297
9.31297
9.31297
9.31297
9.31297
9.31297
9.31297
9.31297
9.31297
