29.2081
26.8272
24.8031
22.7722
21.1215
19.9624
19.0283
18.2768
17.6477
16.9034
16.3316
15.906
15.3961
14.9753
14.591
14.1626
13.7759
13.3838
13.0324
12.7343
12.434
12.0958
11.5321
11.2148
11.1304
11.0545
10.9409
10.8535
10.7662
10.6983
10.6501
10.5231
10.3276
10.1198
10.1044
10.0292
9.91793
9.84631
9.69332
9.41925
9.35389
9.31297
9.31297
9.31297
9.31297
9.31297
9.31297
9.31297
9.31297
9.31297
9.31297
9.31297
9.31297
9.31297
9.31297
9.31297
9.31297
9.31297
9.31297
9.31297
9.31297
9.31297
9.31297
9.31297
9.31297
9.31297
9.31297
9.31297
9.31297
9.31297
9.31297
9.31297
9.31297
9.31297
9.31297
9.31297
9.31297
9.31297
9.31297
9.31297
9.31297
9.31297
9.31297
9.31297
9.31297
9.31297
9.31297
9.31297
9.31297
9.31297
9.31297
9.31297
9.31297
9.31297
9.31297
9.31297
9.31297
9.31297
9.31297
9.31297
