29.0741
26.201
24.2369
22.9073
21.8006
21.0732
20.4398
19.2644
18.1848
17.6397
16.9618
15.3552
13.5431
12.9595
12.7337
12.5516
12.4356
12.2553
12.104
11.966
11.8088
11.647
11.4348
11.2215
11.0418
10.7875
10.684
10.5622
10.463
10.3384
10.1599
10.1082
10.0345
9.82603
9.59969
9.55207
9.53018
9.47972
9.44794
9.44575
9.44026
9.41198
9.33252
9.31297
9.31297
9.31297
9.31297
9.31297
9.31297
9.31297
9.31297
9.31297
9.31297
9.31297
9.31297
9.31297
9.31297
9.31297
9.31297
9.31297
9.31297
9.31297
9.31297
9.31297
9.31297
9.31297
9.31297
9.31297
9.31297
9.31297
9.31297
9.31297
9.31297
9.31297
9.31297
9.31297
9.31297
9.31297
9.31297
9.31297
9.31297
9.31297
9.31297
9.31297
9.31297
9.31297
9.31297
9.31297
9.31297
9.31297
9.31297
9.31297
9.31297
9.31297
9.31297
9.31297
9.31297
9.31297
9.31297
9.31297
