26.1006
24.3188
22.5915
21.2004
20.3996
19.7953
18.7387
17.9676
17.4174
16.5665
15.7966
15.7591
15.1462
14.6735
14.4974
13.927
13.6419
12.9338
12.4933
12.0013
10.9361
10.9361
10.8281
10.6818
10.6818
10.3869
10.3059
10.1809
10.0999
10.0999
10.0999
10.0999
10.0999
9.99442
9.88993
9.88993
9.83963
9.83963
9.69108
9.69108
9.69108
9.68231
9.68231
9.39552
9.39552
9.3948
9.3948
9.3948
9.3948
9.32832
9.3948
9.3948
9.3948
9.3948
9.3948
9.3948
9.3948
9.3948
9.3948
9.3948
9.31297
9.31297
9.31297
9.31297
9.31297
9.31297
9.31297
9.31297
9.31297
9.31297
9.31297
9.31297
9.31297
9.31297
9.31297
9.31297
9.31297
9.31297
9.31297
9.31297
9.31297
9.31297
9.31297
9.31297
9.31297
9.31297
9.31297
9.31297
9.31297
9.31297
9.31297
9.31297
9.31297
9.31297
9.31297
9.31297
9.31297
9.31297
9.31297
9.31297
