25.6794
22.7818
20.6519
19.738
18.5226
18.2098
17.3044
16.5868
16.1425
15.5362
15.3893
14.945
14.5649
14.0887
13.6865
13.2288
12.942
12.8267
12.3903
12.293
11.2451
11.1389
11.1389
11.0355
10.9293
10.7149
10.7149
10.6912
10.6429
10.4956
10.1207
10.1207
10.1207
9.9658
9.87169
9.86031
9.64295
9.38254
9.31297
9.31297
9.31297
9.31297
9.31297
9.31297
9.31297
9.31297
9.31297
9.31297
9.31297
9.31297
9.31297
9.31297
9.31297
9.31297
9.31297
9.31297
9.31297
9.31297
9.31297
9.31297
9.31297
9.31297
9.31297
9.31297
9.31297
9.31297
9.31297
9.31297
9.31297
9.31297
9.31297
9.31297
9.31297
9.31297
9.31297
9.31297
9.31297
9.31297
9.31297
9.31297
9.31297
9.31297
9.31297
9.31297
9.31297
9.31297
9.31297
9.31297
9.31297
9.31297
9.31297
9.31297
9.31297
9.31297
9.31297
9.31297
9.31297
9.31297
9.31297
9.31297
