25.41
22.8291
20.462
20.2745
18.9839
17.757
17.7088
16.614
16.2265
14.8239
14.1629
13.8829
13.4898
13.2818
13.2056
12.8288
12.5043
12.2282
11.7683
11.1628
11.2351
10.9034
10.8747
10.8315
10.5748
10.518
10.4086
10.3469
10.3318
10.275
10.0229
10.0229
10.0229
10.0229
9.97435
9.95239
9.8422
9.8422
9.8422
9.71829
9.8422
9.8422
9.8422
9.8422
9.8422
9.8422
9.8422
9.8422
9.8422
9.8422
9.31297
9.31297
9.31297
9.31297
9.31297
9.31297
9.31297
9.31297
9.31297
9.31297
9.31297
9.31297
9.31297
9.31297
9.31297
9.31297
9.31297
9.31297
9.31297
9.31297
9.31297
9.31297
9.31297
9.31297
9.31297
9.31297
9.31297
9.31297
9.31297
9.31297
9.31297
9.31297
9.31297
9.31297
9.31297
9.31297
9.31297
9.31297
9.31297
9.31297
9.31297
9.31297
9.31297
9.31297
9.31297
9.31297
9.31297
9.31297
9.31297
9.31297
