29.325
27.0512
25.533
23.6587
21.3584
19.771
19.023
18.3379
17.7036
17.02
16.4342
15.6034
14.6247
13.6405
13.1553
12.9914
12.6619
12.2244
11.9237
11.5538
11.428
11.3169
11.2154
11.0724
10.9025
10.7439
10.4943
10.2389
10.2322
10.2026
10.1487
10.127
10.0902
10.0688
9.99424
9.85992
9.78065
9.75598
9.72526
9.6799
9.66051
9.65536
9.64761
9.63469
9.62553
9.59616
9.56806
9.54871
9.45432
9.31929
9.31297
9.31297
9.31297
9.31297
9.31297
9.31297
9.31297
9.31297
9.31297
9.31297
9.31297
9.31297
9.31297
9.31297
9.31297
9.31297
9.31297
9.31297
9.31297
9.31297
9.31297
9.31297
9.31297
9.31297
9.31297
9.31297
9.31297
9.31297
9.31297
9.31297
9.31297
9.31297
9.31297
9.31297
9.31297
9.31297
9.31297
9.31297
9.31297
9.31297
9.31297
9.31297
9.31297
9.31297
9.31297
9.31297
9.31297
9.31297
9.31297
9.31297
