29.3817
27.152
25.6571
24.1731
22.7121
21.4564
20.6156
19.8431
19.0194
18.1968
17.4924
16.5898
15.518
15
14.4215
13.9411
13.6414
13.2608
13.0822
12.8581
12.6175
12.4045
12.1375
11.8794
11.7364
11.578
11.4434
11.2593
11.0859
10.9636
10.7646
10.5858
10.5124
10.4428
10.3737
10.3341
10.281
10.1447
9.96169
9.88294
9.82998
9.66312
9.40792
9.31297
9.31297
9.31297
9.31297
9.31297
9.31297
9.31297
9.31297
9.31297
9.31297
9.31297
9.31297
9.31297
9.31297
9.31297
9.31297
9.31297
9.31297
9.31297
9.31297
9.31297
9.31297
9.31297
9.31297
9.31297
9.31297
9.31297
9.31297
9.31297
9.31297
9.31297
9.31297
9.31297
9.31297
9.31297
9.31297
9.31297
9.31297
9.31297
9.31297
9.31297
9.31297
9.31297
9.31297
9.31297
9.31297
9.31297
9.31297
9.31297
9.31297
9.31297
9.31297
9.31297
9.31297
9.31297
9.31297
9.31297
