29.311
26.7262
24.7133
22.8112
21.2712
20.2245
19.2408
18.147
17.1948
16.5398
16.1165
15.5651
14.9175
14.6161
14.3381
14.1217
13.6785
13.3044
13.0575
12.9189
12.7162
12.5217
12.3125
12.1039
11.8975
11.6408
11.4203
11.2488
11.071
10.9337
10.7704
10.563
10.3365
10.1602
10.1118
10.1071
10.1019
10.0846
10.0393
10.0221
10.0099
9.94439
9.80684
9.71812
9.71199
9.67568
9.63325
9.63325
9.63325
9.63325
9.63325
9.63325
9.63325
9.63325
9.63325
9.63325
9.63325
9.63325
9.63325
9.63325
9.61863
9.53878
9.39478
9.39436
9.39246
9.38829
9.37982
9.36967
9.36847
9.36836
9.36453
9.34328
9.31297
9.31297
9.31297
9.31297
9.31297
9.31297
9.31297
9.31297
9.31297
9.31297
9.31297
9.31297
9.31297
9.31297
9.31297
9.31297
9.31297
9.31297
9.31297
9.31297
9.31297
9.31297
9.31297
9.31297
9.31297
9.31297
9.31297
9.31297
