25.0435
22.799
21.5378
20.3056
19.9824
19.2826
18.3555
17.8997
17.0684
16.9089
15.5362
14.785
14.785
14.0268
13.589
13.4424
13.0032
12.6257
12.2236
12.2236
11.7213
11.7213
11.4774
11.3592
11.1846
11.0656
10.9837
10.6901
10.6083
10.6083
9.84704
9.83169
9.83169
9.76169
9.70619
9.69084
9.69084
9.65643
9.65337
9.63211
9.63211
9.63211
9.6274
9.6274
9.52192
9.52192
9.52192
9.52192
9.52192
9.52192
9.45715
9.45715
9.45715
9.45715
9.45715
9.45715
9.31297
9.31297
9.31297
9.31297
9.31297
9.31297
9.31297
9.31297
9.31297
9.31297
9.31297
9.31297
9.31297
9.31297
9.31297
9.31297
9.31297
9.31297
9.31297
9.31297
9.31297
9.31297
9.31297
9.31297
9.31297
9.31297
9.31297
9.31297
9.31297
9.31297
9.31297
9.31297
9.31297
9.31297
9.31297
9.31297
9.31297
9.31297
9.31297
9.31297
9.31297
9.31297
9.31297
9.31297
