28.8553
25.635
22.6558
21.1546
20.1801
19.154
17.8546
16.5794
15.5707
14.7334
14.3771
14.0333
13.5031
12.8931
12.3658
12.0011
11.8304
11.625
11.4845
11.199
10.9203
10.852
10.7856
10.6761
10.598
10.4496
10.3672
10.3135
10.279
10.2192
10.1988
10.1955
10.1952
10.1862
10.1481
10.1145
10.1145
10.1145
10.1145
10.1145
10.0838
9.94929
9.66506
9.44253
9.44237
9.43846
9.41728
9.3936
9.38501
9.34986
9.31297
9.31297
9.31297
9.31297
9.31297
9.31297
9.31297
9.31297
9.31297
9.31297
9.31297
9.31297
9.31297
9.31297
9.31297
9.31297
9.31297
9.31297
9.31297
9.31297
9.31297
9.31297
9.31297
9.31297
9.31297
9.31297
9.31297
9.31297
9.31297
9.31297
9.31297
9.31297
9.31297
9.31297
9.31297
9.31297
9.31297
9.31297
9.31297
9.31297
9.31297
9.31297
9.31297
9.31297
9.31297
9.31297
9.31297
9.31297
9.31297
9.31297
