23.6979
22.0099
21.2905
20.915
20.3899
18.7423
18.0049
17.5394
16.9854
16.4053
16.0218
15.8755
15.1134
14.33
13.4769
13.0154
13.0154
12.7455
12.3855
12.33
10.7441
10.5552
10.5206
10.5025
10.4577
10.4422
10.375
10.2975
10.2458
10.1676
10.1609
10.0996
10.0861
10.0765
10.0186
10.0186
10.0186
10.0186
10.0186
10.0186
9.91798
9.91798
9.91798
9.91798
9.91798
9.91798
9.91798
9.91798
9.91798
9.91798
9.36901
9.36901
9.36901
9.36901
9.36901
9.31297
9.31297
9.31297
9.31297
9.31297
9.31297
9.31297
9.31297
9.31297
9.31297
9.31297
9.31297
9.31297
9.31297
9.31297
9.31297
9.31297
9.31297
9.31297
9.31297
9.31297
9.31297
9.31297
9.31297
9.31297
9.31297
9.31297
9.31297
9.31297
9.31297
9.31297
9.31297
9.31297
9.31297
9.31297
9.31297
9.31297
9.31297
9.31297
9.31297
9.31297
9.31297
9.31297
9.31297
9.31297
