24.7321
24.0958
22.6155
20.7736
20.3748
19.3044
17.1746
16.6719
16.5942
16.2693
15.2304
14.9681
14.5578
13.8793
12.8257
12.4596
12.4427
12.3549
12.0087
12.0087
11.1628
11.1628
10.9595
10.9466
10.7432
10.5619
10.5619
10.4486
10.3755
10.2944
10.2623
10.0787
10.0787
10.0029
9.99693
9.92113
9.92113
9.92113
9.92113
9.92113
9.88631
9.88631
9.88631
9.88631
9.82807
9.82807
9.71605
9.71605
9.71605
9.71605
9.63325
9.63325
9.63325
9.63325
9.63325
9.63325
9.63325
9.63325
9.63325
9.63325
9.31297
9.31297
9.31297
9.31297
9.31297
9.31297
9.31297
9.31297
9.31297
9.31297
9.31297
9.31297
9.31297
9.31297
9.31297
9.31297
9.31297
9.31297
9.31297
9.31297
9.31297
9.31297
9.31297
9.31297
9.31297
9.31297
9.31297
9.31297
9.31297
9.31297
9.31297
9.31297
9.31297
9.31297
9.31297
9.31297
9.31297
9.31297
9.31297
9.31297
