0.0512072
-1.36208
24.5633
-1.11977
-0.668965
-0.22166
0.0696865
0.403163
-16.219
-0.379954
1.97751
-0.430994
-1.01002
-0.715264
12.7021
0.286302
-1.48592
0.648307
4.06719
-2.512
-1.58923
0.450441
19.212
0.415466
-19.4056
-0.417173
-1.43111
-3.43615
-0.071007
-1.32987
1.58836
-0.429366
0.0480957
-0.628125
-1.43333
34.8695
0.797703
1.82307
1.04967
0.0740416
-29.8595
-3.42038
-1.32453
-0.125383
-5.63452
-1.75126
-5.58355
1.2185
-0.011269
0.0538655
-0.242729
0.949207
6.02646
1.41028
-0.614851
1.16498
-0.348968
-1.3402
-1.42808
1.6453
-4.46767
0.253956
-2.01294
0.360553
-6.10033
-6.93982
0.278934
-1.26771
-0.229275
-8.84818
-0.491194
0.810493
0.182417
1.44964
3.15702
-0.644571
-2.39442
-1.52422
-0.838794
1.85473
2.90472
1.05954
-0.538228
-0.0277389
-3.99603
20.1095
1.05725
0.295804
-1.36011
0.510269
-0.152231
-0.205633
2.61502
0.888511
0.504818
0.528811
47.0139
-4.0443
1.23454
-1.05398
0.155259
20.8497
-7.39455
-1.34755
7.49384
-17.5709
0.426274
0.36088
-0.326347
-1.43937
7.94871
-4.09415
0.377559
1.85425
-6.53717
0.0622233
-0.00232971
-2.57103
-1.60014
1.96794
1.87385
7.16555
17.2907
1.15207
-0.532624
1.3033
2.49362
-1.81488
-0.904941
1.10417
-1.43097
-1.1565
2.21879
0.500593
-1.07553
2.84941
-24.5897
-0.0625338
9.31399
0.383643
2.44272
-0.775355
-2.55982
222.966
-5.41481
-0.348779
11.0678
0.0305384
-1.43187
1.42122
5.45691
-15.7363
-3.16403
0.145657
-0.745129
-22.4561
-7.46548
-0.0376978
-2.34934
-0.181743
-2.21333
7.71798
-85.0247
0.439042
1.07646
1.24058
2.51046
-19.606
-4.71571
-0.172339
-33.8978
20.2824
-7.37798
-0.0249112
11.4934
-0.609428
0.723105
1.65883
4.8129
-4.98524
0.229112
-1.32591
-0.791427
3.65044
0.957326
0.178244
0.48715
-0.135989
0.559458
-3.47233
0.193676
2.14056
-0.0448236
-0.889154
-1.20829
-0.20276
0.428062
-1.74319
-6.43038
-0.19174
-0.923886
0.777752
0.373244
0.882295
0.456212
0.249778
-0.728455
2.31679
1.17529
0.841751
-3.21218
1.43358
2.05776
-10.8307
-1.0468
0.0727448
0.355904
0.27264
34.123
5.26302
1.63308
1.54678
60.9645
1.28463
0.59801
-3.725
0.808536
0.742729
1.0213
-1.13368
-2.7418
0.970112
-1.82074
0.717137
-0.588041
-0.389164
-0.384161
1.97111
-2.89778
-3.14498
0.927537
-0.0841626
-0.672377
12.6464
-19.6471
0.998044
0.0656322
-0.848209
-3.08756
-4.68511
0.167383
3.42749
10.4
2.52617
0.840193
0.37672
-0.241126
-0.578378
0.215449
-0.962841
0.618316
0.220112
-0.657138
-5.82817
7.51471
1.92985
-0.691182
4.92043
0.591989
-1.19785
1.14189
-2.38778
-0.0916959
-0.372622
-0.767935
-0.512996
0.280938
-0.429254
-1.14786
1.61862
3.28293
0.503598
0.281199
-1.76659
2.62052
-1.35486
-0.636752
-0.897006
-0.718391
3.36069
-0.0442325
-0.983506
0.939878
14.1114
-0.59737
-0.523611
0.0467366
49.3072
-0.0854265
-0.621363
-0.325732
-0.336712
0.813256
0.207718
-3.11968
-1.44512
0.929465
0.463733
205.067
-0.689331
0.836662
0.0973453
0.777848
-2.72501
-2.65375
1.94364
2.5893
7.66633
0.506409
-1.2301
0.584329
-0.497999
-0.63509
-0.893345
0.48715
0.0652707
0.488061
5.28135
0.903689
-0.659763
-0.101535
2.21415
0.531711
2.13371
-1.19314
-0.532817
0.514791
1.091
-2.02308
1.7222
-0.859434
-1.0804
2.46856
6.975
2.01409
0.0276704
-2.83095
-0.216714
-1.32709
1.37254
0.0905171
0.189669
-2.13391
0.633187
-0.0320783
0.274228
-0.537813
0.607166
3.54262
-1.46849
7.34013
-1.95797
0.927285
0.935893
2.09108
-11.9567
2.02138
-2.7886
-0.847491
-0.779246
-5.43835
0.238167
-0.347581
2.15034
4.4624
0.766788
-1.3672
0.116254
0.838512
-1.97662
-3.04663
0.331992
-0.142234
0.783504
-0.289079
-0.426244
-1.44217
-2.27577
-0.610552
-4.25302
-0.0255341
-0.128794
-0.878665
1.55783
4.88047
-0.347602
-76.3983
0.977688
1.50021
0.719301
0.493698
-0.759494
3.35025
-0.494986
-0.923527
0.444149
-0.254989
0.479726
-0.292736
0.5398
-1.4321
-2.86387
4.32821
-6.4373
1.74677
0.142729
-8.38608
-0.500772
1.85032
23.9292
-0.761843
0.527246
-0.667217
-0.661593
-0.15067
-0.379092
0.649032
-1.8573
-2.92814
-2.79508
-12.4722
-1.97963
-0.0614748
0.677676
2.1765
8.94727
0.947798
0.455571
-2.21261
-0.0551915
-0.678869
0.557038
0.275017
-3.31122
0.595135
0.201586
-0.919468
-0.50724
0.197361
-1.95935
0.255173
-7.8715
0.362279
-0.105826
-2.00344
2.74038
-1.09636
-1.5126
-0.199514
-0.00479183
-1.05004
-2.52507
-2.82337
-0.132303
4.28435
1.25509
-7.84742
-0.554524
-1.10859
-2.00401
0.0331871
-0.622062
-1.20335
4.40145
-21.153
-0.0731448
8.27817
-1.89434
-0.550864
6.36078
0.287887
5.12868
0.0732478
-0.380793
4.61987
17.2768
0.442417
0.842059
7.2031
0.435913
-2.49356
2.08073
5.17688
-0.380928
4.33007
-0.574618
-0.859306
-3.95128
-7.86958
-1.05428
-1.13313
-34.1024
3.13795
1.13635
-1.44912
-0.0265709
0.147782
-1.04081
0.299444
-1.01161
-1.23246
-0.363721
-1.7331
0.479829
0.0144288
1.50806
2.0371
-3.09857
0.734521
0.629439
-0.319906
2.67569
0.249136
1.16501
-0.385412
-0.0762799
0.575655
18.8115
-2.1698
3.86186
8.30266
-2.30618
-0.911273
0.503384
-1.58499
0.73923
-0.0464602
4.30617
-3.12337
-1.32863
3.4536
-14.1359
-0.53997
-0.044882
-1.99826
0.040944
0.103763
-20.7451
-0.88574
0.737782
0.299082
16.6401
-0.778564
0.364901
0.299622
-0.643682
0.734414
-1.31429
-0.755409
-0.152612
-0.214555
-1.38309
-0.479163
-0.632415
-1.83316
1.46398
2.29032
1.86869
-0.543107
-2.72451
-0.0192155
0.220435
4.29752
49.3316
-0.195711
0.239823
1.01552
3.08857
-4.19582
2.45574
-0.66745
-0.680201
0.0601625
-2.12073
-2.25047
-3.46554
4.11142
1.40275
1.7415
0.654792
6.84141
0.290749
-11.0861
0.439356
-0.245056
0.0779606
-0.118416
2.38064
0.752083
-0.677526
0.449257
0.64507
4.36082
2.48306
0.0343135
-0.683602
0.499618
-0.136491
-0.0627299
4.58138
-2.59169
0.375271
0.627888
-5.85817
2.08125
-1.13443
-0.180728
-0.586331
-0.33262
1.14077
-0.505547
1.22841
-0.0518641
-3.96332
-1.47754
0.687023
0.208568
-0.0516474
1.81785
1.25491
-0.55315
-0.917976
-0.214838
-1.48634
-0.427357
-2.1066
7.55536
4.63446
-2.65602
0.420429
2.37771
0.174109
13.2876
-0.521865
-1.06847
-1.10181
-2.4536
-1.3043
0.111472
1.10838
-1.37146
0.869051
-0.628621
0.0135747
-0.436865
-0.0315214
8.96632
0.752359
0.50157
-5.34768
-0.184221
-0.0659108
2.31613
0.848317
0.736648
-1.76166
-0.78819
1.13857
-0.381529
0.862464
-3.21339
-3.91882
-0.490029
0.171572
3.68696
-0.199552
-1.08717
-0.386414
-0.242632
14.0931
1.42836
-6.12829
-2.08098
-0.475187
-6.11185
1.1943
0.061764
2.25637
4.10741
-3.99368
0.476702
-8.88501
1.9047
-2.6374
-0.233036
1.10001
-0.209318
-11.3063
1.83954
-0.981828
-0.46998
-0.724888
-1.00177
12.8296
4.68376
3.95497
1.57534
-0.870295
-8.11464
-0.00887803
-7.18366
0.486723
0.881489
-0.295751
0.541706
-0.489207
-0.902973
-0.107456
-3.11203
7.40151
0.719417
-0.356152
-0.545177
0.87608
-2.28489
-0.126801
-1.29517
-10.5925
-1.66581
0.614137
4.46858
-2.43186
0.394971
-8.37895
-3.59734
0.797943
139.835
0.250367
3.16391
-1.24785
-0.0558926
2.42504
5.6564
-2.32085
-21.8428
-12.0859
2.62983
-0.475259
0.988451
0.827253
-3.98369
-18.3792
-1.47143
0.828647
1.53941
0.563023
6.0821
-0.427243
0.503576
0.58022
-11.8963
-0.029774
0.616441
0.108694
-0.741012
1.12418
-0.141069
2.4769
5.22305
0.621234
-0.404894
0.608108
-2.06715
0.0339001
1.04451
-0.728945
1.93094
-0.67102
-1.03825
8.10712
5.30699
-0.891755
-0.116951
0.789334
0.140995
0.20237
-0.167293
-10.6175
0.710168
-0.0434425
3.45507
-8.49606
2.54022
-14.2897
1.44566
1.07791
-1.17867
-5.46944
0.195037
0.559822
-1.29387
-1.1731
0.091227
-0.187177
0.166855
-8.77621
0.186699
1.09859
-0.162404
0.487952
0.376767
-0.180504
3.13965
-0.670356
0.617685
-0.468831
-2.00512
-2.60867
1.03276
1.67721
3.99796
0.21872
-54.8032
1.04212
-0.219703
-0.55961
1.89403
0.424842
0.675394
-0.249981
0.0923112
0.841351
-3.59927
-8.53204
-0.20995
3.23404
0.292303
1.75699
2.09916
1.08003
0.172052
0.996152
0.115843
-0.992354
-1.74204
-0.759423
-5.14009
-0.206116
1164.92
-0.412231
2.04293
1.50228
-27.7513
-1.66933
0.342386
-0.536199
0.0531806
-1.2488
-2.77131
-2.39954
2.45133
0.124612
1.2102
0.854411
-0.555352
1.70517
-1.83806
0.295674
0.807082
2.22673
-1.05674
5.14451
-0.834591
-0.315102
0.844957
-0.988456
0.0975737
-0.273068
-0.382278
-24.6667
-0.11949
-1.25822
-2.60733
0.462265
4.42281
7.71434
-0.844778
-0.0526794
-0.342894
-1.75005
-0.945529
-2.41052
1.22346
-3.67012
1.97156
1.15376
5.02748
3.06734
0.0299831
3.81225
0.446463
0.362975
-0.929658
0.49197
1.86723
-2.47493
-1.48583
-0.304281
0.00839557
-0.606141
-2.0139
0.690051
-2.86643
0.662938
-1.26607
-1.94379
-6.38734
-7.5822
12.0446
0.313046
-1.99586
0.817676
1.43978
-0.945668
0.578962
-6.54382
-1.08611
45.7503
2.15721
171.752
-0.666609
0.457738
0.588024
26.3507
0.665439
-0.483205
-0.458895
9.61114
-0.461229
0.502806
-0.416483
-0.255144
-0.52398
0.767666
2.38063
28.1144
-0.934519
-4.75138
0.167091
-0.818053
0.182111
-1.34125
-1.96512
-1.01947
1.0275
-2.32486
1.01636
-3.81581
-0.284385
0.853448
0.765209
-0.305327
0.714398
-8.16222
0.783218
-0.642757
-1.25084
1.3636
0.249194
16.8424
-0.322874
0.545482
-0.178586
1.29506
0.530599
-0.510367
20.0546
-0.597568
-0.435969
-0.646324
-1.46038
-0.893818
-0.639591
0.699671
-3.2773
40.1999
0.364511
1.68496
-1.22702
25.0051
-0.386424
0.164377
13.0393
-0.576706
1.54033
0.00559241
-1.33945
-25.8368
0.276667
0.453123
0.380874
-5.39444
-8.49172
-0.357663
8.88032
-8.75347
-1.50835
-1.01733
3.90392
4.67315
0.0514206
0.569166
0.100303
-0.392582
-0.665482
1.25229
-1.53627
1.75879
-0.853179
-1.43047
-1.85926
-1.78558
1.32324
1.50532
-0.765908
4.9104
3.73921
-0.480865
-3.51925
-0.64049
2.9796
1.77625
1.36919
2.41531
6.75179
0.41965
-0.25982
0.510848
0.0373916
1.1055
5.80529
-3.17331
1.17217
0.570159
0.654577
-1.04414
4.00818
-0.384787
-1.33422
-0.612638
2.56269
0.239298
1.97211
-0.0248251
5.85861
0.474214
59.5508
-1.0508
2.39506
-26.1555
-1.92239
0.635185
3.47674
-1.23236
0.319877
2.19725
0.111673
-0.0715204
-0.438447
0.0800068
-0.722487
-2.07739
-3.10055
0.496932
-4.44033
1.82318
0.646909
-0.498864
-2.45289
0.753866
2.38638
2.30817
1.22891
1.57498
1.46553
0.73166
0.125281
1.19969
-0.241005
0.854155
0.19806
2.80622
-7.52972
-0.721632
-0.215567
-1.62578
-0.467693
-0.998361
4.03959
-3.12923
0.199607
0.505022
2.8908
0.0616283
0.836448
-0.237568
0.71148
-0.0978634
2.56685
-5.29076
1.18799
3.85541
-0.729103
-0.523274
-0.531053
-3.0441
-177.18
0.352645
12.0977
0.0878727
0.0458189
-1.89479
-0.373369
-29.6535
0.404073
4.90669
-0.209661
0.273262
0.265225
-120.074
0.173521
-1.12825
-0.0308693
1.3523
-23.9167
0.815943
-1.1336
5.29033
-1.37521
14.5729
-13.1899
-0.280167
-1.40423
-4.70424
-3.45537
0.25777
-0.385769
-4.36215
-3.04301
-0.861906
-0.194315
0.241328
0.21827
-0.309601
-0.467512
-0.506297
-0.341481
-4.76036
-1.35845
32.8017
-0.637591
-1.05086
-0.272427
1.98678
-0.371979
-9.25446
-10.6227
2.01838
2.35549
-0.729336
0.453853
1.37821
0.509263
1.36018
-0.106087
-0.935784
1.48045
-10.7376
0.434729
0.171674
89.0932
-0.0449753
-0.701646
0.76074
4.49784
3.91056
-7.07087
0.0230875
1.33733
146.572
-5.81915
-2.22982
-0.146701
0.753684
-0.17215
-0.21606
-0.0696862
3.40888
-4.8076
-4.62317
0.429525
-1.12865
-0.737546
-0.0658997
0.786533
-4.03037
44.9502
11.061
1.96379
0.382656
0.307656
1.67342
-5.09225
-0.446123
0.143928
2.97121
0.507664
10.6583
-5.77339
0.433215
8.16794
-0.260086
1.02739
2.20922
-1.00219
0.0206499
-0.424104
-2.61782
3.9873
1.98166
-1.01021
0.972496
0.0265125
-1.89262
-1.8219
0.340357
0.144514
3.68645
-0.7248
-1.06393
-3.25381
-0.102249
-6.17032
2.69635
-0.287693
-255.816
-3.13376
0.230203
0.325576
-2.52496
-13.1992
1.31764
-0.597857
-0.732645
0.0781708
-0.892006
-0.252583
1.19585
-0.380516
0.560689
6.82646
0.0293714
0.42429
3.78408
0.906067
-25.9952
0.147618
4.82971
0.596716
0.313073
1.50265
1.92209
0.484437
0.827228
-0.140827
-1.45744
-0.587231
-0.559571
1.81158
-3.90314
0.417709
1.33577
-0.945835
-0.23442
-0.35477
-0.491166
-0.0948824
2.93537
46.1478
0.153371
1.27593
-1.61212
0.11737
2.15898
0.842066
0.876984
-0.338614
-0.615086
-1.72878
0.437226
5.92455
2.00984
-0.557429
-21.7741
1.68752
-0.0560857
3.1666
-0.288587
11.3304
-1.919
-1.50543
25.6069
1.24717
1.08899
1.25897
1.03258
-3.19384
-3.24173
0.525939
0.476086
-6.23382
3.77245
0.89563
0.643413
0.82087
-0.0628354
-1.16016
-0.801627
-1.65898
3.0472
-1.24148
-0.392625
1.09334
0.336351
-1.59342
-0.669109
-19.4821
-5.70711
-0.879113
0.328309
-0.947822
-16.1638
0.522853
0.100599
0.100806
0.308841
4.38899
-11.4394
11.0396
8.37561
-0.766329
2.37336
1.86958
-1.29371
-0.766449
-0.405369
5.48693
1.72566
-0.660942
-1.07257
-1.40339
0.195991
0.440733
-0.561672
0.289452
-6.51273
1.53572
0.793001
0.111744
0.00769075
0.15307
-1.22615
2.14033
-1.01879
1.65964
4.19867
-5.30033
-1.00489
-0.953055
-0.462507
-1.93404
-0.333268
1.10165
0.460525
-1.51354
-2.25213
0.304401
-2.1378
35.7115
-0.243836
-0.324382
4.59992
1.30174
-0.268469
-3.2006
0.372874
-0.344349
-0.372675
0.789602
3.53108
-0.859361
-0.0655796
0.330607
-1.51064
-2.44731
0.653584
-0.279927
1.20248
-2.052
-1.39826
-6.17676
2.10789
-0.11557
0.803102
0.341628
1.87187
-1.14109
0.928201
-0.178374
-2.09178
1.09515
1.57821
-0.0403596
-0.271159
-0.927197
2.55808
0.0604519
-1.84617
-0.55857
4.33558
1.11626
-2.40721
0.809835
-1.59149
0.829186
-0.890399
2.15254
-2.87446
-7.72902
5.52819
0.670611
-1.70829
-1.90647
-0.0537121
-0.313107
-0.581938
-0.0540419
3.37554
-14.9774
-0.177143
-5.92563
1.08023
1.58757
-0.302149
2.28266
-1.46142
-0.530613
-0.371001
0.0734064
-0.134763
-1.65085
-7.12747
-0.26426
1.63542
-0.496013
-0.0277207
0.789505
-0.0956152
0.262379
0.127824
0.479709
-0.195615
-2.17273
-1.40653
0.518587
2.8728
0.551938
2.61289
1.42886
-0.189323
-0.924538
-1.30602
0.86799
0.0669335
-1.99616
1.40941
-2.20829
1.1202
0.831427
-0.704526
0.791641
0.249834
1.45542
5.64205
-0.0490528
0.078637
-0.38195
0.528709
1.99519
0.439378
0.831025
-0.922525
0.54065
-0.533925
-2.29954
0.571611
0.837192
1.07356
0.18151
-0.0316891
-8.87395
-1.26388
0.0220699
-1.39325
-4.1598
-0.862873
-0.262457
2.78541
0.125867
0.289149
5.57326
-1.48608
-0.68758
-0.0128079
2.47885
0.630527
3.59031
-1.14011
1.69914
1.27563
-0.793495
0.0705779
-0.874443
-0.987004
0.107298
1.02504
2.91096
-3.75915
-2.00462
3.69789
1.77315
1.90031
-3.96144
-1.77932
-0.727475
0.621421
1.64207
-1.53368
2.67743
0.405319
-0.94374
-0.718445
0.613951
0.494901
2.2684
7.12187
0.331697
-0.0192299
-1.54559
0.973276
-0.0847093
1.09274
2.76887
7.20739
-0.86811
-2.41902
-1.61335
1.28369
-5.31086
0.285588
-1.43433
-1.36916
-0.53414
-1.08135
-2.35885
0.0119341
4.98786
0.719042
-1.01436
-0.226017
-0.67206
-2.27236
-0.134157
-0.855413
-0.964531
-0.0917966
0.345633
-0.218647
-0.748579
0.35621
-3.25875
-0.505011
-0.212596
-0.219475
0.515581
-0.561721
0.293276
0.858145
-2.07614
-0.349668
0.039483
5.31132
-1.08658
-0.787779
0.651239
0.305595
-0.732046
-0.0259019
1.54642
0.385135
2.40297
0.372093
0.96286
1.6927
-0.557038
4.51553
0.520358
3.70304
-0.347341
-2.15182
-1.42616
-2.13198
0.948903
0.383344
0.3204
-4.03318
12.2768
3.97947
-0.29707
-1.0081
-0.0231323
1.34581
-5.66431
-0.718164
-0.654881
-0.00735094
2.17726
-4.06832
1.15509
-0.410543
-8.27896
-0.658716
0.769632
-1.37677
2.27818
-0.484798
0.971204
15.8332
4.36513
3.26843
-2.0333
0.228791
0.401597
116.726
0.0850452
-0.806033
38.8909
-2.13825
0.147544
-0.170065
-0.0883153
0.384821
-1.25074
1.15203
-0.270586
-0.388035
-1.25354
1.10476
0.327788
0.385569
16.629
-0.280233
1.66513
-0.932569
2.50924
-1.09987
-4.13922
-1.62971
-0.570218
0.470634
-1.20054
0.0146006
-0.463194
-0.823067
1.66325
3.41404
-19.2495
0.540682
0.716162
38.5711
-0.39094
3.28036
2.25507
-0.439856
23.839
-0.0257024
-0.225686
-1.10094
1.79621
1.02594
142.45
-4.62009
-1.19918
-1.71503
0.0305054
-1.95124
-0.807125
0.894454
0.135756
0.146306
1.46177
-0.283556
-1.15956
-7.79303
-0.722233
1.37321
-0.530364
0.780291
-0.641511
-0.918903
-0.789063
1.07299
-3.09072
2.85493
1.46879
0.313358
0.328741
0.275408
-0.752356
-13.089
-0.0967689
0.0829185
0.0404885
-69.4585
-0.904058
0.60986
0.328603
-0.0794136
-16.1231
0.772994
-0.16534
0.642854
-0.17992
11.0181
0.849129
5.84483
0.749619
0.178708
-1.01395
-2.52668
8.91536
1.9804
1.3693
-0.710946
-1.37943
-3.67108
0.118571
0.350698
-0.422524
0.885927
-0.328424
1.49341
0.859257
-0.335755
1.31949
-0.240761
-1.33083
0.247463
-1.32279
0.227187
-1.55312
-21.1775
1.07413
0.223027
-0.390193
0.588721
1.97429
-1.89356
0.0727976
0.554362
3.96377
-0.536249
-0.609444
0.118016
3.50309
4.23115
9.80308
-0.558664
0.075979
2.57022
0.459302
-2.24033
0.932199
-6.10387
1.71289
-0.691738
-0.729649
0.0817701
-0.297936
2.18406
-0.00673848
1.65254
7.82028
1.35492
-2.70723
-2.14909
-0.718129
-0.816853
1.13917
-1.03756
0.699746
69.0991
0.749328
0.978581
-13.045
-0.248659
-0.228957
-1.26878
0.342458
-0.260291
0.547068
-0.675166
6.06015
0.10028
-0.618969
6.04223
-1.47019
1.65426
-0.460981
1.13529
1.39654
0.645019
0.777382
0.378337
-52.2491
0.5743
1.03629
6.87487
0.311618
0.159429
-1.22685
-2.70362
-4.14523
-0.312982
1.90939
6.12548
-0.405682
-1.66276
-0.119947
-1.49855
-2.2547
7.9614
2.44394
2.52652
0.00403699
2.0306
5.35876
0.0543986
6.53702
0.138591
-0.355594
-0.389677
-2.18628
-0.41821
0.704675
-0.93996
8.70038
0.176421
5.69384
-0.488352
-0.0706682
0.41685
-0.578161
-3.60233
-119.912
3.59486
0.319904
-4.48364
0.146427
0.586115
1.18029
-1.03908
-409.882
-0.434106
-0.79438
-2.70225
-0.665577
-2.02823
-0.616207
25.1863
2.21601
-1.38797
0.411214
0.0259301
0.445727
0.124075
1.0741
-1.24974
0.815995
2.6366
-1.40261
-0.423172
-0.846103
0.799079
0.153534
-2.10496
20.0715
0.763446
-1.04917
-1.80691
-102.849
-7.15774
3.44011
1.33645
0.939264
-0.916946
-1.14418
2.87749
-0.90953
1.24695
0.17775
-1.37966
-8.3328
0.712812
-3.08214
10.7728
0.733081
-2.03822
-0.123265
0.931016
-0.00468133
0.339856
1.60782
0.252628
1.4175
0.0330254
0.70021
0.425946
5.82002
0.827852
1.30951
0.0202381
1.55972
-0.985408
-0.0923425
0.087051
-1.57083
6.34502
-0.443497
-0.784337
4.24481
1.95332
0.546871
1.47386
1.28123
0.888698
0.203841
-9.9253
-0.487176
-6.44668
-3.56183
3.12653
-0.161481
-0.720381
0.390362
0.122256
1.14613
-0.0488916
2.46627
-0.205087
0.0940175
1.29736
2.28201
-3.82363
-1.16178
1.13335
-584.872
0.209977
2.23349
0.47013
-1.00796
-1.16053
0.309088
2.03894
-0.147239
0.314981
6.96206
-0.649028
-1.05065
-0.57449
-0.493236
-0.236206
-5.16544
-0.86148
-8.79741
-12.3039
0.00651939
1.10337
-0.177489
-9.696
-3.3594
-1.41737
2.24287
-7.62861
-3.73985
1.12437
1.10403
-2.79038
1.8825
0.460748
-0.552679
-1.78784
-0.43679
-1.64614
-0.252382
-1.33726
-2.22775e-05
0.163241
-0.0438659
1.82713
0.461159
4.59648
16.5315
0.208237
2.1486
1.37204
-1.54682
-0.85247
8.97814
-0.0652422
0.543754
2.27636
0.0971879
-1.93616
1.24141
0.754868
-0.472692
0.511216
-12.377
-2.2434
2.25113
0.353566
-3.19336
0.654525
-0.90568
2.86464
-0.11097
-2.49589
0.44793
0.784429
0.649934
-0.145455
-1.47904
-0.65407
1.46736
-2.73221
-0.451907
-0.170223
-0.393635
6.293
0.166815
-0.129858
3.11908
0.661126
2.87493
0.358437
-0.343508
0.0418232
5.19956
-0.352478
-3.5595
-4.53708
-0.798112
-0.180601
-3.3941
-0.422389
1.53984
0.684344
-2.61829
0.122178
-0.0564792
-2.1372
0.540891
-1.51104
0.147951
0.0486696
-1.05373
0.35883
-1.10331
-5.57228
-0.398023
3.14694
-0.756365
1.46129
-1.11825
-3.88464
0.828974
-0.22784
-0.131003
-2.21197
0.729509
-1.70077
-1.75921
-0.0322993
0.463024
0.306237
0.369679
1.9765
-0.355513
2.958
28.1004
-0.781353
0.151727
1.59659
-4.38774
0.000773407
0.0697631
-0.0175461
0.252517
2.62079
-2.78026
3.66816
2.41458
1.55504
0.209347
-1.42742
-0.414964
-1.96366
-34.5396
-6.63974
0.282493
2.25351
-1.48915
-1.3477
-0.395417
-1.54599
5.46301
1.0693
0.0727748
-16.9453
-3.02155
0.830521
1.00917
-0.324946
0.4445
-0.833126
-1.98081
-1.92154
0.0502615
-1.06262
-0.457386
3.95391
0.610916
0.809778
-0.718752
2.25185
-0.51546
-0.292393
0.35785
0.914483
-1.62011
1.60053
-0.935846
1.2014
-0.566435
-1.20651
-2.93132
-0.23325
-0.00728254
-0.0709152
-0.201023
-0.81335
-1.52332
-4.67312
-13.5276
-0.0472715
0.0501887
-3.545
-2.95473
-0.754592
-2.92449
-2.37569
0.0883975
-0.842354
1.76642
0.94819
0.0952024
-5.73933
-0.129331
0.938186
0.0370221
-0.374768
0.479353
-0.613519
-0.999369
2.33568
-0.159679
-1.53012
-7.99069
1.00275
-8.62211
6.59637
0.463337
-0.806102
3.14858
1.99264
-2.25314
-9.40856
1.76287
-0.289075
0.470532
-3.76982
4.93226
-0.912441
-0.984688
-14.3151
0.961815
1.1093
-2.76361
0.613477
-0.716144
-2.91081
-1.80158
1.647
356.829
4.53782
-10.6303
2.78274
0.383719
0.619957
-1.50359
-2.12263
-3.52751
0.702462
0.432812
-1.34152
2.71786
0.563089
0.158737
0.56191
2.03245
-2.43939
-3.3218
0.29541
-2.72272
0.437848
-0.0408102
-2.12902
1.50967
0.0877916
-0.24919
0.823671
1.19056
0.316669
-0.349286
0.970538
-0.0983952
0.370244
0.27931
0.186107
0.298914
-1.17686
-3.07312
-2.7005
-2.38531
0.225242
0.815828
0.649819
0.897425
0.835775
1.35523
1.47955
0.704376
0.546997
-1.13372
1.15741
-0.805008
390.599
1.00988
1.65906
-0.0274422
0.0149956
-5.01205
0.133111
-0.972505
-0.0296063
-0.451796
3.60166
-3.77489
3.67887
0.0120728
3.15875
0.88238
-0.801931
-0.66878
-0.870862
1.13919
3.08719
0.615465
0.943643
0.170083
-1.27268
-3.64045
-0.227655
1.8902
56.0861
-0.770181
-0.406674
-0.239326
-0.423227
-0.0593299
0.860941
-0.817686
16.9178
2.27965
0.583177
2.44687
-0.140743
0.610356
0.396007
5.17852
-11.7484
1.38744
0.42875
0.680858
-3.81365
-0.114767
12.2571
0.512798
-0.853312
0.0430575
-1.14453
0.872007
0.681354
-0.133371
0.175829
-1.73396
0.425957
2.3933
0.0448045
-0.452633
-2.34324
-0.612181
-0.49616
0.272295
-1.87679
0.535523
-0.705258
-0.309146
-18.5592
1.31179
2.29017
-2.10831
0.49161
4.26191
1.17847
1.68816
0.872138
-1.1396
-1.11802
-1.3815
-0.391701
-1.16903
0.428412
-6.04081
0.34406
5.05066
-0.787074
-0.0672895
-0.92668
0.386126
-3.14456
-1.23341
-1.46139
0.0970844
-7.44076
0.975935
-0.187672
0.801599
-0.697253
-2.99869
1.89741
-0.698651
-8.11489
-0.0982009
-0.0405809
0.617082
0.488026
-6.38828
0.131497
-1.80142
-1.57674
1.07087
1.53571
1.79343
0.732613
-1.29377
42.2193
0.972431
-0.220919
-0.815966
24.4716
-0.692383
7.40429
2.83759
1.28713
0.240577
-6.66944
0.0855243
2.34188
-34.0674
-1.3548
-1.49012
1.66457
2.34793
-3.56512
-1.58851
-4.98781
0.0234279
-0.524523
0.16244
0.140441
1.73081
5.54025
3.3635
-0.0954781
-0.980981
-0.734905
-2.74737
0.702331
0.50277
2.26806
-1.8121
0.15359
-1.96173
-1.13453
0.72639
-0.549297
1.15978
0.00308253
0.436733
8.85658
-2.5878
-0.972342
0.150405
-1.57029
0.909714
11.298
-1.95705
-1.06539
6.5627
4.97361
0.592674
-0.301322
0.437899
-2.08709
-0.54305
2.50672
2.91938
-0.492728
0.597163
-0.433171
-2.36705
-0.0159334
-1.84875
-2.13799
-1.95703
3.63081
-7.44972
-1.89111
-0.757344
0.170007
-0.790941
0.225204
0.146613
-7.25127
2.34832
13.9118
0.100566
-0.164772
-18.8362
-1.43578
0.397475
-12.2753
1.80182
81.9824
1.33325
-0.42967
0.491158
0.236573
-0.57137
-2.37275
1.0772
-8.79168
1.14357
-0.395227
1.20902
1.17868
7.82528
-1.02746
0.858078
0.684932
0.15849
-0.0694947
-0.147151
1.9306
0.352615
0.0529412
0.968249
1.75205
-0.929088
0.358869
-0.321506
0.617966
-0.0974891
-0.144352
-0.0774001
-0.464616
0.576174
0.425498
1.02808
-6.93044
-3.38009
-11.2141
0.896965
-0.679976
-3.42513
-6.22733
-11.9028
-0.35082
-1.19674
3.1095
-5.76026
4.60641
0.660398
-0.420966
0.731136
8.20339
-1.90265
-0.548451
-0.436444
-2.49047
0.432285
0.975974
-0.210938
115.225
-0.735489
0.25056
37.6116
0.897541
-0.928685
0.183447
1.21359
0.390183
1.16678
-1.0068
-2.74781
-0.376892
-0.393434
-12.453
-2.01291
0.353853
0.691607
1.06905
-1.41986
-1.92159
0.87168
-0.395794
-0.765747
0.217746
0.681239
11.9764
0.430762
-1.81785
0.333009
1.01575
-1.11456
0.679486
-8.94314
-1.71449
0.227864
-0.515096
-0.538521
-0.84949
3.62361
-1.25278
0.120649
1.76222
-1.81365
1.52262
1.43384
-0.430763
-1.72389
0.274767
-0.0274961
-0.336502
0.73194
2.47127
0.420806
0.958732
0.369823
2.60623
-4.61942
-5.11099
-36.5483
-0.860449
17.5008
3.06091
0.603257
0.690976
-0.548095
0.0841485
0.57832
-1.85718
-0.266125
11.0709
3.34601
-1.08065
1.44852
-1.87204
-0.346745
-0.918842
-1.60081
-0.56743
-1.91458
0.973816
-1.37465
4.53172
-0.0898331
1.32418
0.8066
2.39349
1.63198
-0.0625896
0.321003
0.354103
14.3517
0.528402
1.84239
-0.192349
1.27333
6.66877
-0.593638
0.267477
-7.02755
-2.23662
-0.745496
-9.83778
-2.03546
2.40729
-1.02147
-0.891075
-10.9249
-0.414876
-1.95123
18.0601
-2.01585
-3.3879
0.0787347
-0.320478
-1.6279
0.0177803
13.5681
0.765203
2.45615
1.11059
3.45059
6.07104
0.562714
1.96253
-0.0818096
1.28173
-1.28501
-0.818607
1.05613
0.0659331
2.07382
-0.816402
-1.42982
1.61759
-1.96172
10.6114
-1.89962
-0.181323
-0.955112
0.0629848
-3.38993
-4.59841
0.66565
0.442454
0.244053
-0.890964
0.0161774
-0.0601929
1.41897
-0.606871
-0.338146
0.906207
-0.304656
1.38163
-0.0224887
-0.119324
-15.9582
-1.3244
-0.198273
-2.86296
-1.25407
-0.385432
-4.96733
-0.420758
0.206114
-0.148655
-0.523201
1.91963
-0.821608
1.69563
-1.16387
-1.29553
-1.50304
0.466301
-0.324342
-20.6373
0.22081
-1.3947
1.14148
-2.69293
44.9944
5.41852
-0.52067
-1.47574
0.641859
0.38311
0.0662847
0.10888
-0.03592
-2.19746
1.57923
-0.135075
-2.15825
-0.433997
102.058
-1.1917
-6.62217
-1.20387
1.50576
-0.455294
-28.19
8.16447
-4.15781
-6.20777
0.945296
0.28541
-3.02899
1.12161
-1.28525
0.201213
-10.7039
-1.2279
3.37172
-1.18286
1.41622
-0.904294
-0.090355
-0.31218
0.659635
-1.48018
114.429
0.694527
20.2227
0.604292
-0.353484
0.514409
0.927943
-0.311577
-0.257148
-2.8578
-0.209864
-2.44491
0.616573
3.59849
1.02737
0.205502
-0.552125
-0.568289
4.04926
3.14063
0.285085
3.74416
3.70935
-1.40712
-1.04892
0.571866
-14.0667
0.240824
0.860355
0.290037
-1.00379
-4.16672
0.636704
0.6054
0.0525913
0.990567
-0.745326
7.33806
-0.521667
-3.5198
0.0765708
0.210824
0.219515
0.679639
-1.21884
0.956501
0.146457
3.19182
3.49046
-0.47612
-0.46411
0.052528
-0.000329709
-0.495152
-0.515522
-0.75958
0.452824
3.0809
-0.150516
0.474807
3.94824
0.846031
-0.556165
2.05214
-0.1911
0.648567
-0.301033
2.12722
0.00227104
-0.157207
2.02389
25.1618
-7.94213
-3.69532
-0.639882
-3.56301
2.16653
-2.11958
-2.0399
-0.760034
0.534869
0.365718
0.212542
-1.44895
-1.05644
-6.13294
36.8127
-2.5684
-0.257595
2.64691
1.90635
1.73251
-3.34995
-6.43881
0.115472
0.26497
-17.5629
0.305779
0.0844614
-0.381618
-3.35957
-0.30904
-0.928904
0.788125
3.5981
15.4469
0.832567
2.45854
0.453845
1.09785
1.91224
-0.350647
4.43466
-0.333771
-0.348063
-0.532053
-2.32027
-0.0509629
-0.0392765
-0.689579
0.786847
0.516318
-0.837926
0.0201947
0.695938
-1.14769
10.0165
-0.244311
0.563084
-10.7668
-2.35732
3.936
2.03919
0.633461
0.00910546
-1.11857
-0.400959
-6.41986
1.25293
0.705727
-1.17216
0.572691
1.0225
0.212215
0.960659
-0.127701
-1.37391
-2.91902
1.29032
-1.84502
0.21813
4.20592
-0.900867
1.22081
-0.985644
4.21674
1.71589
0.96769
0.965576
-1.3589
-1.68162
0.518701
-1.14114
0.657307
1.23198
-0.878388
0.640768
0.193754
0.753634
-0.481948
-1.09262
-33.7696
-0.563935
0.917007
-4.26635
0.226826
-106.66
251.826
6.9887
-2.41731
-0.655392
-3.47102
4.28352
0.513805
0.661949
-4.10064
-0.8902
0.140545
-1.10738
-1.49521
-0.0496497
1.69565
-5.6144
0.168406
1.17182
0.346042
0.58608
43.8907
0.140552
1.16562
1.31813
2.36326
5.22405
1.31058
-0.382154
4.0764
1.80357
-0.144943
1.41248
5.62188
-0.135306
0.649403
366.746
0.709887
0.101534
0.0744552
-1.03964
-0.973152
-2.4864
-0.567887
-8.81169
-0.22689
0.191076
2.03863
0.922816
2.30449
-1.44118
2.67377
0.21049
1.20329
-0.202022
-0.654834
-0.0641696
0.00166975
1.15716
-0.489153
9.26769
0.194524
-0.151525
-6.19128
-0.509159
1.7095
-0.88169
2.38125
0.603066
5.38032
0.229125
1.82513
-1.068
-0.132522
0.889764
-5.86791
7.70357
-0.784776
1.05262
-1.69259
0.312699
-0.162848
-3.265
0.187407
-10.7507
1.12363
16.1567
0.0301961
11.7501
-0.881556
-1.39638
-1.08555
0.5467
-0.658977
1.75937
0.798584
-1.19944
2.12845
7.19018
2.2278
-1.90863
0.0553046
-1.30885
-0.360996
1.60082
1.43519
0.151161
1.05623
0.205356
0.686219
2.53102
3.13014
-0.122835
4.52329
4.22219
1.42519
-34.1727
-0.283402
0.216816
3.3463
-1.83645
-209.644
-0.0562101
0.58061
4.78624
-29.996
0.418314
-0.702154
-0.837557
18.5532
-5.96252
1.47301
-1.44738
0.312651
3.24703
1.88663
-1.79607
1.21723
-1.86425
0.788687
0.393193
-0.69134
-0.162259
-0.979448
5.264
0.103223
2.41354
-3.24557
-3.17088
0.19101
0.0342725
0.865706
1.30192
0.761148
-0.244013
1.57374
-0.0641345
-4.20726
0.878062
4.16545
-9.01232
4.89681
-6.22956
-1.07458
-0.671377
-0.628127
8.1704
-2.21638
1.06652
-0.47091
0.364665
-1.2256
0.122372
0.963433
-0.226882
-0.251657
0.975597
-0.480414
3.19496
-0.83699
-0.50188
5.22076
0.48792
0.771318
15.1477
1.36214
-1.29961
1.10099
-1.54139
4.7943
1.81458
0.499555
1.44187
-2.47655
0.615053
-5.15877
-1.37352
0.43316
-1.01811
-28.8309
-1.2893
1.25157
1.51318
2.2868
-1.03114
-1.05219
18.1959
-0.864778
0.733348
3.56265
1.14522
3.07786
3.53165
2.31853
-6.23662
-1.26188
-0.0928343
-5.43863
-18.8906
0.259751
1.87711
0.650086
0.617862
1.46446
-1.32475
0.375349
2.32683
-1.25876
0.501328
14.9619
-1.65187
-1.78653
1.38708
4.61083
0.463231
0.768014
0.365775
2.49345
2.83876
0.279413
0.485642
-0.551005
0.0892613
1.84561
-2.88962
2.79986
0.18165
0.403416
-0.767274
2.32366
0.707536
-0.740528
-0.236489
-0.419584
-1.0575
-0.236475
0.851544
0.149397
0.417753
-8.63067
2.92153
-5.9521
2.13231
6.24429
0.501943
-2.02771
-0.233518
0.883134
1.88487
0.626715
-0.143015
0.417028
-0.898425
-1.11861
11.6709
1.46762
-45.6727
0.900856
0.161688
-15.9057
-4.02483
-28.1481
5.70025
-0.646909
-0.49514
0.717955
-4.71884
-0.213124
-0.387681
-2.07769
4.71524
-1.45421
1.92227
1.77198
-4.5676
-3.41323
-0.662145
1.38024
0.901654
0.11064
-0.709934
19.7556
0.131443
-1.1475
0.418689
-0.907271
-3.11074
0.260826
0.538849
-0.677481
-0.555631
0.436078
0.237517
-1.702
-1.74
0.167617
-1.97174
-7.52152
0.468356
-0.712186
-0.533301
-1.24081
-1.27699
0.16689
0.347022
-0.894879
-2.52081
3.74591
-7.37581
-0.4521
10.6455
-0.0866364
-1.64921
3.74833
10.8051
5.30296
-0.599305
0.286159
-1.46763
0.558238
1.63267
-3.6248
1.72551
0.600092
4.32402
1.22959
0.294862
-0.5059
-1.07159
-0.595454
-5.33182
-2.33045
1.17725
4.32993
10.3212
0.934728
-0.78019
-0.50097
0.0968921
-0.216067
1.19661
0.383412
-4.30889
0.595186
-2.10768
-0.934803
-1.13082
-1.40179
5.93488
-2.63657
0.00552709
-0.0212274
6.33833
-0.552293
-0.279307
0.188921
39.9398
-0.0897647
-0.0264663
-0.125093
2.20301
-0.225342
-4.74144
-0.40525
-2.58949
-2.3385
0.00861267
10.0658
-0.167323
-11.4515
5.57673
9.38618
-2.46166
-3.59101
0.762104
-0.54275
-0.51078
5.65756
-0.308541
-0.377486
0.144721
-0.0483177
0.360818
8.66181
-1.11653
44.9144
0.145699
-0.808451
-1.50797
2.6038
-2.83713
-0.302064
-0.658038
-0.299771
-1.19816
1.52802
6.88702
-1.53265
-0.217335
-74.1039
4.06064
-0.319383
-0.00485436
-1.57866
-0.758761
2.04792
0.718831
-1.80397
-2.985
-0.0782727
-1.64029
-0.136265
-6.73103
-0.876901
0.803716
1.59512
-1.9734
-1.14618
5.73668
-25.9897
0.231443
-1.34921
-0.223453
-0.701161
-0.591255
-2.56924
6.31593
-4.74942
0.660907
3.69013
-0.577747
0.226879
2.06861
0.871454
6.63798
-0.598555
0.192948
-6.26888
0.139731
4.51784
2.58389
0.434076
-0.547271
-0.337873
-3.26297
0.62101
0.345518
0.196592
-0.62567
2.38111
-0.0760823
0.126982
3.28584
1.35535
3.79959
-0.104401
-2.28597
2.03462
-12.5042
0.442727
-0.899283
-0.0788859
-33.484
0.901563
6.58422
2.04475
-2.88382
0.0447636
1.45765
-0.948634
1.01866
7.0659
1.97032
-1.77418
-0.923853
-11.7039
3.59796
-0.983447
-2.10229
-3.43928
-5.02445
-0.277966
0.938523
-1.86278
-2.76241
-0.254331
-1.14887
-1.97681
-173.645
-0.122567
-11.9241
0.72756
1.02732
-0.179249
2.43562
0.0939172
0.259866
-0.64762
1.65156
-0.73468
6.05111
-6.68289
-1.1939
0.503898
45.3786
-0.254976
-9.31491
2.09802
0.00905905
1.16671
0.210683
1.8408
-3.87396
-2.69295
-0.318172
-1.83814
-0.77195
0.00338976
3.50918
0.304629
-6.13834
-0.873843
-2.11958
0.823612
1.41575
-0.822724
-0.779271
-5.05583
0.641933
0.101952
-22.6982
-3.02872
-0.884082
1.63432
0.463514
0.303704
-9.51407
1.90525
1.1534
0.433168
-2.5528
-3.3218
0.113765
2.34935
5.61885
-1.53865
0.219079
2.14659
0.540624
6.24023
7.31548
-2.16013
-1.19219
1.76995
-0.901292
0.309392
-1.47282
0.763884
-0.824336
2.857
28.9939
-3.90492
0.151104
0.217354
2.74785
1.60035
-0.138798
0.194848
0.399373
-0.819008
-0.327936
-0.456897
-6.14981
-23.031
1.16761
1.40609
-1.27796
-0.43509
-0.44335
-0.149292
0.96407
0.0695608
0.432679
-3.18128
0.249416
-0.302795
-2.46325
-9.27289
-0.0713564
-2.95237
0.94503
5.92861
3.57998
-0.889514
-0.234051
6.31117
1.61366
0.905641
-0.814611
-1.08416
1.69751
-0.383477
-6.21764
0.0716938
-1.92421
-0.310228
0.741644
0.841589
1.79702
0.1641
-0.847774
7.4134
0.010698
0.0157274
-0.482889
0.0790641
0.171052
-5.72592
2.67808
-1.04196
-8.1747
3.11625
-2.62254
-2.90048
1.00008
6.04109
-0.552754
-0.502401
-0.536679
0.793911
-0.412063
-7.75332
-3.21254
2.95174
0.50985
0.302059
-0.914564
0.584856
4.13003
-0.153227
-1.44629
1.75257
0.615115
-0.177119
4.61736
-0.0359257
0.378397
0.46059
0.465362
0.135757
0.0873609
0.143521
-1.15397
-4.69522
-0.108612
-2.79568
0.439832
1.66774
1.9764
-26.1799
-1.52976
5.66942
9.50483
-0.330104
-2.24266
13.2348
-0.423166
4.00912
-1.39332
-0.0940563
13.1797
-0.835878
-0.319534
0.227183
-0.212976
0.936403
0.162488
-0.524175
-5.14762
2.51793
-0.310686
3.00071
0.740619
-0.0581231
0.510685
2.17552
0.441486
-2.24115
4.12526
-1.36319
-0.74192
8.5798
-0.816577
0.0844157
-0.37013
0.176851
-2.96064
9.76937
2.29383
4.00382
-1.63323
0.571066
-2.30328
-0.807817
-0.768126
0.76728
-0.407353
1.75524
0.563536
0.0938748
-5.44219
-0.0296494
-1.40121
-0.479076
-1.0787
0.291517
0.862577
-0.292894
0.829798
8.39136
1.5375
1.5684
5.77107
-4.19507
-0.0714103
-0.809149
-0.288737
-0.0848002
7.34344
-1.88329
-2.68669
2.05661
1.15025
1.56229
-2.12752
1.9611
-1.27139
4.59515
1.18281
0.928776
0.612128
26.3854
-3.56764
-0.410631
3.71528
-0.396575
-0.210079
-4.36769
4.49597
-1.74296
-223.35
-9.51237
-7.26299
-50.434
5.08862
-0.920668
0.453296
1.36706
-0.555263
1.47848
1.18047
-1.6696
1.03893
0.813196
-21.6224
153.834
-0.49962
0.491308
-1.07861
10.3723
-0.634152
-1.26078
3.26678
0.821172
0.0874397
-0.915131
-1.65102
-2.00517
-0.399279
0.598021
0.904102
-2.70785
1.84944
0.397706
-0.296324
0.323891
-0.637178
0.260387
1.3166
9.28383
2.11712
0.566507
-1.60592
9.77167
7.53485
-0.262718
5.20957
-2.32731
-1.09436
-1.98053
0.194574
-8.36495
2.4415
-0.195523
-0.0315047
-0.805534
6.51501
-0.0220719
5.40259
-0.22156
0.739896
-0.440897
-0.106727
10.9484
1.44748
-0.765167
-1.88939
-3.7977
0.249331
0.439709
-7.23753
3.66848
0.0751955
-0.995287
0.77017
0.0492832
0.590339
-0.809565
16.8121
0.889351
0.173275
0.207597
-1.44269
-4.16079
-0.16694
-7.58403
0.916776
-0.617473
-0.947885
-8.34721
7.07294
0.410933
3.71364
-0.652197
1.2982
-0.296383
-1.67831
0.296426
0.0421245
0.430442
7.74416
0.371519
1.46789
0.628631
-1.1124
-4.18239
0.755856
1.49233
1.55701
-21.0592
0.279641
0.188683
1.00225
1.99872
0.247156
1.49022
0.299734
-18.5789
-1.44227
-0.0741947
-4.97651
-0.488522
-2.36616
0.292138
-0.250227
0.824962
0.0523767
-25.055
1.01554
0.0696575
-2.64046
0.946173
-1.36969
-0.297255
-1.47872
-0.389486
0.860539
1.74932
-14.2836
-0.149396
-1.363
-0.0560151
-2.58926
-5.05294
8.84076
0.870644
0.874545
-0.281432
-0.447803
-4.28682
-0.937329
-2.02977
-1.78236
10.3895
-0.814157
0.696763
0.247243
-2.02791
-0.329842
-0.955907
1.42796
1.75631
-1.00129
4.66441
2.81322
-0.440377
1.29502
-1.22732
1.35975
-75.3466
0.368066
11.2217
0.545105
2.13583
2.87556
1.09419
-1.23348
-0.0801112
1.85849
-2.5339
-1.27994
-2.83562
-1.48851
-0.188563
3.8184
0.113849
-67.8043
5.11881
-0.40305
-0.112567
-0.249372
5.87604
-0.125643
0.441739
0.976764
2.33023
5.00902
27.245
-0.209536
3.63047
6.32507
-2.4932
-1.12739
1.87011
-4.70452
11.1939
-2.92129
-48.389
-2.58144
-0.417537
7.00596
1.19088
-0.376107
0.411874
1.16577
0.491832
3.22494
-2.44647
-0.130509
-0.505671
-1.66575
-0.230372
0.950512
-3.81321
3.05244
15.4233
-3.64856
0.167522
-0.935632
1.66233
-2.79073
-0.234511
5.13294
1.15687
0.742433
-4.61626
-0.328772
-2.6836
0.926172
-1.5585
1.40889
0.579694
-5.32382
-0.662282
-0.140052
-0.427001
-1.13511
0.0360427
-237.938
-0.327138
0.756464
2.16706
-0.577535
0.922406
0.3551
1.61424
-0.305455
0.674209
4.22589
0.288431
3.37633
-3.78101
0.854837
-0.433074
5.18714
-2.83089
1.7473
0.244786
0.880966
0.978344
0.555282
-0.603433
-0.391763
0.440791
0.725366
40.9431
-2.76595
0.151539
1.04888
-16.678
0.267292
-12.1081
0.716045
1.81712
-0.617997
-0.371203
-0.433123
-21.6881
-0.139922
0.273603
5.97195
-0.803962
1.34835
17.7361
-0.95967
1.82801
-0.781163
0.61448
3.4621
-0.74538
0.100437
0.490859
-1.34758
-0.324838
-0.345786
0.129432
0.850747
-4.05242
-0.537618
-0.462924
1.32692
-0.546646
-0.443116
1.11979
-0.403637
-0.0130513
1.1336
-3.3421
10.4839
0.291888
1.90147
-2.05504
1.1303
2.21733
-0.496185
-1.43006
0.184566
1.2848
-0.113118
-0.868231
-0.674316
-0.67936
0.161981
-311.898
3.71231
-1.17371
6.08013
0.174513
-0.555344
-0.813801
-4.02598
0.71515
0.297545
-2.12661
0.32224
-0.214396
-0.82719
-0.524734
-0.816738
-1.32938
0.691252
-1.12041
-0.737637
-0.504769
-0.703789
0.882383
-1.35997
0.293134
0.558377
0.38389
-2.59134
0.468572
-20.2653
-1.36716
0.807714
-0.28035
-1.55053
0.946475
-1.36557
0.599233
1.99763
-1.2741
0.107008
1.64962
4.12856
-1.31184
-0.718507
-0.778884
0.0814135
-0.183764
1.75786
0.414596
-1.32394
2.39137
-6.6562
-0.247847
0.25173
-0.580475
-0.0556013
-0.57998
-0.394317
-1.74124
-3.94707
-0.299442
-0.218846
-14.8157
-2.68326
0.552405
0.827792
-1.96643
1.10734
1.73479
1.60346
16.3863
-1.26287
-1.26564
0.349223
0.0701356
-0.42781
3.22588
7.2654
-1.89863
0.741725
-0.217895
-1.03425
-0.895404
-0.370643
1.09575
-10.7582
7.05291
0.0724598
0.105518
-0.908895
-1.32168
-0.00675414
-23.0522
0.528051
16.2967
-0.57214
-0.330697
1.13111
-0.874234
-1.92356
0.697614
1.52377
-2.35048
3.96134
-0.815678
-1.60671
0.113286
0.403641
2.15461
0.368848
-1.26619
-0.864449
-0.179048
1.00332
2.73772
0.827138
0.0318153
1.50804
-0.607525
0.544329
0.50765
4.67095
7.65405
2.49995
0.600732
0.867511
-0.490526
-0.0819208
-0.659197
3.72142
0.950339
0.15291
0.720965
-0.972667
-1.79815
-0.0324882
0.647101
-0.45464
0.694977
-0.0653506
0.738419
0.851524
-4.60625
17.1292
-0.0463917
-0.8714
-0.0913016
0.128607
-0.169874
-1.30375
3.81107
-1.67482
1.96978
5.17874
0.288235
0.645476
1.02466
-0.0237096
4.11036
-1.57157
0.109265
-7.49019
1.29543
-0.297272
-0.0814485
-2.25488
-0.57593
0.428309
-0.266227
5.36565
-0.975237
-0.51698
5.62601
-0.981668
-1.15637
-0.424149
-0.333599
0.829601
-21.9499
-0.280897
0.214705
-5.56377
0.032701
4.38944
2.04722
-0.0183808
-0.735533
-2.02844
0.189473
-2.2941
0.447825
0.522855
-2.81956
0.927028
-2.53189
1.59625
1.95918
-2.00421
-0.803786
-0.720837
-7.41295
-0.902613
-1.49126
1.17507
-0.469989
1.93099
4.26611
-16.7574
-0.912433
-0.8598
18.751
0.462821
1.55354
0.794052
0.499118
1.56997
7.32449
-0.767103
-1.14015
-0.655196
-0.426338
-1.67949
-0.276365
2.9368
-0.428078
-0.443189
5.56289
0.973982
-1.62524
0.702485
-0.604064
4.49867
-0.855837
1.12319
1.18708
0.825991
1.54302
186.182
-2.08012
-1.0205
13.6733
-2.99885
0.266375
-0.387246
7.9556
0.86376
-0.965153
0.475899
-4.82982
-4.65923
0.730126
-10.1755
-1.0589
-31.3725
0.441413
-0.68665
-0.07303
-0.121847
1.4954
0.526725
2.07766
0.717108
3.11728
0.802887
0.407371
0.408406
-1.45934
0.183485
2.64226
0.523707
-0.519636
1.27794
-1.08535
1.07796
-0.162853
-9.90385
8.24144
10.3027
-0.648202
27.8906
-2.23807
-0.362637
-0.49105
-16.4392
-0.0816298
-1.64787
-1.82012
0.212334
-6.18368
7.45854
0.945562
-1.5153
-0.944773
1.08075
-0.754277
-1.99421
-1.95053
-1.2849
2.73043
0.678059
-10.5111
1.45324
2.01739
-2.06134
4.10711
-0.679462
-0.202064
9.26945
0.948255
1.73026
1.73939
2.90854
2.84674
0.0922373
-0.728936
-1.02519
0.745316
-0.651062
1.89627
0.249071
-0.624824
0.462292
0.3463
0.528919
-0.0187451
0.177847
-0.657469
50.1368
-0.995491
-1.02459
-12.7549
1.91367
2.35314
0.207197
-0.0673556
0.269112
-0.0621104
-1.60319
-0.790037
0.383585
-0.925181
-0.361619
0.755857
2.07266
1.04651
-0.0156002
8.41016
-165.496
0.869105
-2.80003
1.48371
-1.59417
3.2971
0.42909
0.0442228
0.234386
1.16235
1.48219
4.8147
-30.34
0.350303
0.290257
0.0127445
23.3174
-3.53706
1.79778
1.6109
-2.6594
0.363806
-0.20067
0.554015
-0.200335
10.8463
-0.320696
2.64359
-13.0458
-0.332002
-0.86901
0.732336
-2.57585
0.542177
-14.866
-0.590209
1.67294
-0.27232
-4.22117
-0.397589
0.488271
1.40407
1.60174
-7.6025
0.269908
-3.40185
0.567318
-0.445344
-0.200187
1.27688
-0.612448
1.46045
2.07635
-0.209946
3.21728
-0.401834
-1.65536
0.342442
-0.698532
14.8943
-0.206716
-0.062296
0.977935
-0.835864
5.28821
-8.69101
1.89234
1.01457
-54.3579
-1.26663
1.60341
47.6831
-2.89617
-0.0154915
1.1129
0.174319
-0.933271
-1.4603
0.809911
0.219699
-0.0359172
-1.85865
0.549354
1.85563
-3.58372
0.299882
0.341972
-2.34705
-8.4339
0.872347
-4.88517
-4.87843
-0.234745
-3.77843
2.51059
32.6371
0.0713864
-0.84598
-1.34044
0.0926403
-0.578937
0.3732
0.321395
2.06926
-1.97408
-1.23067
4.51516
1.18157
-1.01134
0.148994
0.258229
-1.14783
-3.7591
-0.538682
13.599
-1.45707
2.47972
0.0778513
-4.0864
5.4416
-36.1934
0.707578
0.56761
0.0297589
-11.7667
-1.96247
1.74738
0.32231
13.9175
-0.263237
0.29089
-2.08898
-1.28805
-30.2325
1.27769
-0.411799
0.234311
-2.38266
-69.3189
1.94233
-6.23396
12.2801
-1.60004
0.933282
-0.0677932
-3.13408
4.61899
0.178639
1.09389
0.476211
-2.50343
-10.3956
-2.70767
-1.55353
0.222365
-0.945862
2.14728
1.0842
-0.732636
1.95557
-1.08584
0.204084
0.331692
-2.20978
-0.131947
-2.79133
-1.19952
-0.0771168
-1.13836
3.08324
78.9873
-0.516477
-1.07349
0.126455
-0.369974
-0.177894
1.58919
4.00725
0.580715
1.70539
2.5387
-0.679135
0.0932725
-1.29786
0.371994
-0.817588
0.406163
0.304345
-0.0401053
-0.693644
0.414624
1.95135
5.71638
0.838257
1.37139
0.393073
1.30929
-23.0806
-3.39121
1.35282
-2.26224
0.34928
-3.0908
-80.3368
-7.44777
2.79712
-1.78653
-0.371967
-4.08426
-0.594203
114.982
0.491488
-2.17528
0.387499
-3.17546
-2.44975
-11.1892
-0.0612767
-1.41062
0.910497
0.742672
-4.02415
0.0388466
0.565255
-0.82157
2.6984
0.104983
0.46515
5.55143
-0.42277
-3.79557
-0.209816
-1.59192
-5.19567
-9.60119
29.6092
-1.81782
1.20141
-0.496253
-0.661831
1.80272
0.0696899
-2.33854
-2.618
0.514777
-0.513195
1.0866
0.513839
1.31559
3.39751
-2.07658
5.17129
-41.3734
2.54274
3.94784
0.111296
-3.46924
1.37768
-0.661747
0.45857
-1.58754
3.47358
-1.77358
-0.131569
12.306
2.38594
0.949831
-0.344395
2.87504
-25.8577
2.6318
0.962496
-2.80086
0.429619
2.07709
-2.31221
2.29617
-1.32016
0.866467
0.661693
0.552726
0.511577
-0.20329
0.0751066
-0.0144474
0.585607
18.1888
-0.334073
0.717873
-3.17354
3.04464
-1.95191
41.0275
0.321451
1.36582
-0.0339581
-22.457
-1.26107
0.246981
-2.12165
3.29462
56.3094
-2.19936
1.90151
2.50677
0.90522
0.556838
-0.648026
-0.710203
1.76423
1.34031
-0.170806
-4.18559
-0.220192
-0.955446
0.709497
-2.85358
-70.55
0.372783
0.736975
1.89071
0.201347
-3.84398
9.56435
0.59939
-0.344512
-1.54631
0.471415
10.1705
3.37433
-0.0387826
-2.8426
-0.367226
-4.09752
2.9247
-0.29963
44.7196
7.32723
-2.41504
-1.15575
0.564928
-3.47116
90.8461
-1.25208
0.214723
-1.25132
2.16139
1.50705
0.537703
0.248603
-0.809429
22.2045
-0.877674
0.125714
-4.6482
-269.433
1.43351
-168.722
0.841686
0.866994
-8.23251
-0.76529
0.213185
-1.63391
-0.427513
0.0837495
-0.668817
-1.16116
-0.479383
-0.106253
-0.612458
-0.616369
0.137928
-2.73208
0.655817
2.51465
1.22835
-1.22528
-5.71875
-0.171769
1.64287
-3.39003
2.06425
0.131085
2.44958
1.33975
0.433948
-2.34874
-4.17305
-0.25433
-0.127072
-4.3367
-3.92807
0.889798
1.78362
67.1911
-0.0807532
1.1025
-1.16901
1.05619
6.05089
0.0980848
-4.04961
-5.6557
-1.12681
-0.282494
0.507375
7.82879
-1.12475
-6.33612
-8.60078
1.15593
0.195089
0.0471024
1.80761
-0.429305
0.340937
1.17067
-0.0194693
-0.753406
1.36974
1.53347
-1.57918
0.388057
0.537204
-0.535482
0.333977
-1.16587
0.0136022
2.8976
-0.774949
4.39938
4.06225
-2.22376
1.94393
-0.161318
-0.227642
-3.54062
0.163221
-0.348598
-2.19479
3.77451
0.0594449
-0.10788
-0.617699
-0.391483
2.42386
-0.195764
-0.136764
0.793016
-2.80864
0.184985
-0.32076
1.87388
30.671
4.00722
0.347784
3.15852
1.65565
-4.2353
-3.46898
-2.01277
1.06243
0.31719
-0.797666
0.910163
0.175842
0.451969
-1.27993
-6.36118
-0.659324
-44.631
-27.6491
0.179156
-3.84138
-0.426845
-0.239391
-0.233349
0.48454
0.281022
-1.42198
1.90741
-10.0409
2.11143
0.577085
0.316344
3.83525
0.135234
2.64985
1.32777
0.184913
0.419115
0.24071
-1.47364
1.40694
-0.477668
-0.566491
-0.12913
-0.813749
-1.23187
-1.66803
-0.312081
-0.63743
-1.86169
-0.278595
-0.683677
1.73474
2.48858
-13.9284
34.6796
5.5233
-4.72983
3.24408
-0.395217
-0.0320074
-3.08478
3.03685
-0.756101
-1.23745
-1.76806
6.59846
3.68322
-1.06761
0.659689
0.684257
-2.45053
-0.860287
1.64884
1.31691
-0.734015
-0.374601
1.16856
0.0422837
0.419273
3.17058
0.408034
0.106869
-0.393638
0.497916
-1.11649
0.184151
7.07847
0.490887
0.370157
1.13535
2.54846
-3.26639
-3.81807
2.08668
-1.64432
-2.18851
-0.389465
-0.751891
21.5435
-0.793885
-0.161097
-1.49268
1.25296
-1.59489
7.15646
0.1859
-1.39961
0.372372
1.44579
3.79689
-0.832904
-2.44878
0.12007
0.587444
-1.3604
3.28307
-0.829859
-0.352877
2.0111
22.3513
-422.354
0.637481
-1.64163
-0.325817
1.6658
0.376582
-0.480542
-21.2938
-0.251918
0.14852
-1.12566
0.934157
1.44385
32.6293
0.81038
-3.10578
-1.08357
5.5312
11.8562
0.399131
2.89118
1.40134
-0.171862
-0.574221
-0.861413
-1.30712
-5.74822
0.0986256
0.39734
-1.30771
0.584353
-0.663636
-21.8449
-1.79495
-1.3081
-0.69154
-1.25663
-0.498542
0.409084
-1.94722
0.391969
-0.47588
-1.18939
3.06784
0.206619
0.70321
0.552579
14.9686
2.31535
-3.10643
-2.21623
-7.40494
-0.236706
-2.41441
0.579491
21.4526
1.47485
2.38768
0.624633
1.09263
0.840175
-5.59437
-1.37988
1.02358
0.443158
-0.443281
4.81493
-6.6989
-0.137103
-0.519809
7.90624
9.81969
0.505702
-18.8917
0.280142
1.08189
-24.0548
4.504
-2.61558
302.581
1.43436
-1.29766
13.8595
0.310748
0.0234308
-1.19799
3.3742
-1.86165
-1.08483
1.56586
0.441083
-0.12675
-1.1743
-1.30207
-2.27483
-1.07795
-0.874994
1.51994
5.77585
0.0915982
-0.694487
4.4942
-0.275305
4.17424
0.663114
-0.22538
-0.547634
2.31636
4.4259
46.9796
-0.0887272
9.29018
-1.05784
-0.969428
-0.845652
2.92033
2.98806
2.47776
0.382598
-3.2793
-5.59242
-3.16493
8.71023
-1.91342
26.9815
1.63529
0.398857
0.0345268
-2.78497
-1.18075
-1.81678
-0.279117
-2.84824
-0.178776
-7.45216
-2.44972
-0.625535
-1.01522
1.22532
-0.781071
1.37676
1.13116
1.85518
0.142811
-7.41309
0.321515
0.449639
-0.507812
-0.482535
0.174774
-2.34771
0.668414
-0.120404
1.64201
0.513595
-0.7186
0.0951542
-1.50386
-3.01857
1.01236
0.592278
-0.33841
0.243752
-0.711415
0.68287
-2.19549
-4.06843
0.51479
1.78608
-0.0756992
1.5162
3.11281
-2.84344
-17.746
2.29413
0.766782
5.05847
-0.15658
0.034221
-4.27095
-2.86861
-1.90721
0.872836
0.874985
-0.618199
-0.474376
-1.92947
-0.185667
1.12772
0.06953
-0.889832
-0.329003
-6.86719
1.38771
-1.59703
-1.06181
0.259427
2.27957
-1.05032
5.11972
0.720797
1.54472
4.84661
-1.7645
-8.97886
-0.499213
-6.67615
4.58097
0.415289
-0.0792401
0.15056
0.614239
2.16287
106.691
0.611946
0.193854
0.129236
1.54439
-3.5659
0.420568
2.5227
4.20182
1.05992
0.109831
-0.72376
1.47935
-2.27984
-0.286725
1.09773
-0.146812
0.666486
-1.67977
-0.584606
-0.578046
16.4949
0.524151
-1.17768
0.891072
-3.17163
-0.867504
29.5018
-2.47627
0.608327
1.40214
0.764472
3.23855
0.671853
0.975943
-0.698168
33.3927
-4.6827
-4.12731
10.0515
1.68111
2.12851
-0.140319
1.11581
0.785414
0.422579
1.20931
-0.461209
0.63977
0.422132
0.780518
-1.9628
-3.00617
0.819985
10.3699
-23.4644
1.70962
0.0546884
1.20189
-0.703485
-0.113439
-0.845253
-0.482168
-0.391104
-1.89201
-1.5974
-0.279314
-0.0964465
0.657828
0.316196
-92.6207
-0.209021
0.300209
6.36874
0.0184179
0.615531
0.287459
-6.92838
3.34579
-1.15798
-2.66991
1.18255
-10.2728
-1.74807
-1.32561
-3.59796
1.16009
-0.150592
0.71266
3.31681
0.102846
-9.77517
0.279857
1.54787
0.720583
14.2141
-2.11666
2.78385
0.244591
-6.51965
-4.57316
-1.52304
-0.578379
-4.82467
0.935082
0.0796946
0.813781
-1.47213
1.94467
-3.74806
-41.8806
0.858704
0.508601
2.06925
0.141034
-0.659754
-0.0683102
16.4868
0.172944
-0.108576
0.563595
-0.224338
1.61149
0.431862
-0.208907
2.88576
1.6603
0.393002
-49.0603
1.77791
4.4478
2.95174
1.19959
-0.207027
0.718453
2.27226
-2.67258
0.360081
-4.90756
-0.536626
-1.21973
-1.17578
-0.0674466
1.08635
-1.85901
-1.38359
-1.14466
0.629394
14.016
7.69469
0.740625
2.55112
-7.49545
1.57591
-0.194409
-0.508293
-0.138445
-15.6624
1.90676
6.07008
1.6103
0.775357
-0.397864
0.457573
1.60195
-1.24437
13.8922
-0.249834
0.591377
-0.691531
1.42716
0.112125
0.102816
-1.17087
-0.491079
-1.53289
0.257949
-9.98654
0.41672
-5.88263
-0.0196115
0.805936
10.8787
-1.01928
5.59831
0.531128
1.09528
-0.741648
-1.19869
0.410684
0.616159
3.77615
-0.27653
1.67538
0.177919
-0.458714
-0.669182
1.19469
-1.33278
-1.73405
0.840833
0.177498
1.1219
-11.6309
1.05847
0.156266
1.53052
0.815637
0.234124
1.72571
-0.321771
-0.0164618
0.430714
1.16583
-0.592448
-2.13089
1.3511
-11.4087
5.75007
1.5609
3.72845
13.913
-1.23608
13.0322
4.33809
0.974496
0.370041
-0.695401
-2.85528
-0.441407
-11.4612
-0.47802
0.287198
-6.73198
1.54655
-2.02355
-1.77402
-0.625408
0.227504
-1.2191
-0.715743
0.989893
-3.41677
-0.765324
-0.943905
-0.515114
-4.94622
59.2636
2.32007
2.59026
0.241398
-0.482232
-1.55423
-0.767813
2.72084
6.80772
-0.191562
-1.69108
12.9269
2.99381
-2.01694
1.51885
2.47673
-0.986251
-20.0683
1.7276
0.121945
0.242505
0.393531
2.96417
-1.73566
-0.154232
2.30832
8.84445
-36.82
-0.25049
0.818689
2.09911
-0.82852
0.205076
17.3361
-0.352639
-1.12123
-0.490172
0.749177
-12.7062
0.378387
-0.0012453
0.259155
-0.695928
-0.502362
-3.86933
-0.0684248
-0.747776
-0.0451349
0.787438
-1.99903
1.14048
0.0268792
0.0158758
0.285162
0.439051
0.842109
-0.643236
-2.32427
0.89307
-0.449857
-13.0044
-0.446727
-2.10835
0.0723973
0.997506
0.30793
5.99149
-1.72615
0.460835
-0.719893
0.610949
0.613475
4.27319
1.14586
1.70534
-0.440234
0.83918
1.0852
1.93143
1.32254
3.13348
-3.11205
-0.934409
0.826127
0.103977
1.5951
0.760265
-0.411852
-0.723518
-2.21128
-0.565654
-0.40255
1.35307
1.31522
0.597079
0.799368
-0.245024
0.228875
-1.4209
5.1825
0.206844
0.419116
-0.935433
0.117318
-2.77126
0.722399
1.26834
10.1603
-0.393887
-2.07685
1.69699
-0.17241
7.43675
-3.68632
1.73606
1.61557
-0.126372
2.86939
-0.234641
1.25293
-0.705818
-0.00891417
0.119374
-6.72343
-0.351193
-0.353719
1.48318
-3.26802
26.2263
0.803837
53.3514
-31.957
0.318567
0.231174
0.0351566
1.55168
-0.541149
-1.44115
-1.225
-0.38983
-1.84315
-0.580073
-0.122982
8.85745
0.69035
0.0751507
0.189656
1.14866
0.325518
16.2159
0.720848
0.130741
-0.383492
6.51834
0.660716
-1012.71
-1.04464
0.741313
-0.398208
-0.642188
-1.26398
0.148744
-1.61824
-1.54341
0.484204
113.628
-0.1172
0.316789
-1.60685
-1.61867
0.931047
-0.677173
1.5873
-2.35885
1.89451
-0.0919357
0.0780116
0.601915
-378.204
-2.21445
-1.77526
-0.75912
-3.68298
-0.650781
4.10723
3.26993
0.282472
0.440475
1.70056
-1.62542
1.0649
2.23984
1.06628
-5.59255
18.3008
-4.7291
0.0247175
0.513338
5.83644
0.122497
0.176181
-0.245175
-6.14147
-0.69035
-13.6343
2.14268
-3.8024
0.109868
-5.41191
2.63601
0.950312
-0.496839
-3.04756
-0.261516
0.461805
0.640449
11.8427
-3.0489
-0.711867
-0.931997
-2.22856
0.256181
-1.51407
0.0664572
0.348738
-8.35461
1.30061
3.92596
1.3469
-0.0766247
-1.02913
-1.11466
0.189223
-1.61336
0.0786847
-0.786618
2.13561
0.379667
-90.3491
3.63154
-3.04924
0.0287426
-0.481542
-51.3865
-11.656
0.0249833
-1.65912
-0.470725
0.963552
-1.59909
-0.303357
-2.35957
-0.456713
-15.5749
-0.278034
2.10785
0.66253
-2.99657
-3.00091
0.383487
0.277801
7.32868
-1.57397
-3.25071
1.24384
5.10403
-1.26873
0.865655
-1.42127
0.863892
-1.13735
-9.91682
-0.647662
16.787
2.60304
-7.03787
11.1126
-1.38713
-10.8961
0.644198
0.0749098
8.48808
-2.50658
-1.31086
5.73089
0.719334
0.820482
-0.35682
-1.09449
-0.148352
0.07336
-2.33222
2.62911
-0.576122
-7.58229
1.53231
-1.06471
1.08777
-0.360745
1.01158
-0.160479
1.20545
0.422604
-0.0247954
-0.800736
-8.81982
-0.486508
-0.11095
-0.0921558
3.76077
1.86662
-0.208616
-0.11775
0.305071
4.84689
-0.112453
-1.55928
2.43408
1.90414
2.17857
-0.505846
-0.318561
6.23405
0.106937
0.848197
-0.340817
-0.729947
1.05647
31.3309
-5.07578
0.830466
-1.29709
-0.721086
0.328056
-0.0812134
-0.791914
0.590923
0.885063
-0.410754
-0.0861411
-0.459329
-3.17152
1.46914
0.196105
-0.5402
-0.168637
0.450258
0.63418
0.701097
0.715638
-0.915634
3.06499
-0.761264
-1.5164
-0.779799
-4.57544
0.246764
-0.515855
0.241602
-1.01735
0.383247
1.31581
0.799723
-0.770862
9.77431
-4.24855
-0.430918
0.0073715
-3.63991
0.781126
-0.775717
4.07658
-0.382375
-0.228824
0.319519
-1.01112
2.04967
-0.176173
-1.71982
0.231872
1.7093
-0.503334
0.395847
-0.489608
-2.32709
0.955872
-2.77413
-2.63688
5.55928
-0.187952
-3.82756
-1.01939
1.29847
-6.6145
0.301694
-0.664599
3.55282
1.27793
3.88198
17.8705
3.42493
14.5194
0.447895
0.174864
-0.256789
-1.46701
1.22477
0.715322
-2.26668
-0.392709
0.37495
3.8825
-1.95106
1.85754
-0.409687
3.20798
-0.747448
0.795597
-0.0393524
4.16282
-0.939616
3.07673
0.27136
0.429706
-0.15722
-0.547498
-0.473446
-0.0178383
0.121562
-0.367503
1.10892
0.525847
4.1326
0.614028
0.435399
-1.70137
-0.993218
-2.9638
-4.57464
0.244087
-1.1901
0.547889
13.7026
0.649975
48.1071
-1.71494
-0.864612
-0.162804
0.214398
1.15748
-0.329777
-0.0690824
-0.00975886
-0.576777
-0.324766
1.33788
-7.07612
0.190148
2.4808
-0.743245
-0.158117
-2.04413
3.74238
-1.11639
1.92389
-0.213068
0.229222
0.471351
-0.959419
0.0833002
0.282704
-3.35685
0.846637
1.69043
-1.536
0.789826
2.57396
3.80858
-0.863985
-0.898154
-4.53798
-0.148181
0.526942
3.23682
-0.594916
-3.66589
0.00478233
0.382321
2.88391
-1.74756
-0.010613
4.27178
3.18158
-0.337184
-77.2332
0.0746148
-1.46662
-28.779
-1.41444
0.351771
1.73356
-0.519031
6.08327
0.0518696
-0.727825
-11.7269
-0.303881
21.2831
0.0750128
0.20451
1.89777
-1.74119
-0.733416
-1.28586
11.487
-0.286602
0.633647
-0.0283392
-2.12905
0.650534
-9.02929
0.129214
1.40307
-0.849713
0.830579
13.4139
-0.0540732
0.784497
0.704789
-268.138
2.26874
0.163361
3.09576
-0.0345009
1.91127
9.74796
-0.589056
-0.952253
-65.2327
-0.446776
-0.122969
0.609298
-0.915689
4.73368
0.892571
21.8959
1.79835
-0.152759
1.27984
2.05428
-0.283757
1.23649
-0.652061
-1.06847
0.791433
-1.12339
3.71873
-0.687898
-0.370115
-0.960229
-1.1816
0.705321
-47.3709
0.908555
-12.1142
0.354967
-0.523483
-2.71003
-7.37324
0.226686
-2.41796
-0.559433
-2.14913
3.8985
1.77305
0.668521
1.24876
0.873704
5.10692
3.84207
1.65751
0.961375
-4.39251
-0.60814
-0.595341
-0.0680732
-0.866898
0.299061
-0.487669
1.73294
0.885604
-1.83187
-0.713008
0.153697
-0.642811
-1.52985
0.0591742
0.455802
1.5464
-0.129039
0.826554
0.437954
0.874926
-0.284256
-4.14385
-3.6787
-0.121218
0.319747
1.21779
0.595688
-0.267811
0.840822
0.621854
-0.520337
1.55286
1.47192
-0.923156
-1.34951
7.38039
0.278769
-26.6679
-0.148442
0.834071
0.380994
0.93621
-0.981467
-2.05473
-0.556975
0.8886
-3.52738
-0.0139963
-0.586406
1.38565
-0.522838
-2.20653
-0.112293
1.22086
0.299483
-1.37554
2.79992
-0.247703
0.544419
-1.09924
-0.00421196
-0.77534
0.195964
0.318909
-0.0977436
1.54033
0.143091
-360.087
0.643616
1.04774
0.181721
9.14659
-0.646882
0.602518
1.45944
-6.45274
1.69973
0.300364
-0.0214709
-0.500355
6.22466
-2.69372
-0.469576
0.917461
-0.845995
0.597457
1.2247
-0.0429099
1.07982
-6.64213
-1.01079
-6.50777
0.311001
-68.3041
-10.3648
-0.0398163
-0.0255874
1.47206
-2.38549
0.349012
-3.63896
-1.24878
-2.10595
1.70545
0.0677339
7.3025
5.51552
0.800766
-1.61087
5.74646
6.33206
-0.83853
3.69741
-0.370075
-3.84141
0.94902
0.61718
-0.21328
-7.363
-20.7189
0.556354
1.30636
-4.44037
-1.73833
-3.29847
-7.92912
0.053733
-0.524155
-0.130988
2.05961
-0.14909
-0.0875065
-1.39459
1.56958
3.93773
0.406556
-11.4921
-3.58047
-1.60826
-2.07998
-0.303844
-1.37338
0.104118
-0.385201
-0.596022
8.69449
0.223471
4.8789
1.5854
-0.0270495
-0.493206
-0.381161
-0.380032
-0.328563
0.0937391
-9.15721
0.55624
-0.256376
-8.04732
-1.94639
0.562232
0.295698
-0.21961
4.66335
0.174683
-3.74641
-1.49626
-4.60793
1.16362
1.10431
1.13697
-0.978694
11.6402
-1.06558
-1.68821
-3.41705
-0.464644
0.37455
0.0702429
0.723844
4.11159
-2.25422
-9.04729
0.18984
-2.97308
48.9475
2.34936
-0.602047
1.2683
3.00221
0.319118
2.19449
-2.62545
-0.00703674
1.10949
0.793723
-1.35273
-2.87325
-1.73813
-1.37206
2.20867
-0.784049
-0.463491
-0.973189
-1.99441
-2.65323
-0.155253
-0.552915
0.665163
1.18105
0.901107
0.602248
-0.0443773
-2.13692
2.13426
0.308763
-1.22813
0.450269
3.97266
-0.775874
-0.243386
1.91428
1.8893
-5.48131
-0.938882
0.721953
0.225692
-0.626714
-0.15029
-1.2178
-1.14688
0.156924
-17.5556
0.450872
1.03996
-0.317755
-0.0200211
1.1013
2.06935
0.458526
-0.579693
-0.550218
-6.08676
-0.0161665
2.57735
3.71173
-0.75012
0.457187
0.910898
1.17076
-3.2598
0.647825
-1.23318
2.63107
-1.57014
-1.40426
1.18749
-0.348949
0.369984
0.370917
0.100297
0.702831
0.347967
31.7648
0.0857412
0.0932835
0.587846
-0.497047
-0.107124
0.74483
3.77642
1.44628
-0.611614
0.263026
-2.2951
-0.533689
0.695263
-2.3445
0.0343208
0.0432102
0.206781
22.3731
0.292941
9.04615
1.09653
10.9935
-1.10638
0.228145
-0.464336
-1.15286
4.45871
1.12424
-0.0400612
-0.737527
-9.81757
-0.468314
-0.698208
1.66336
-20.9123
-5.32476
-1.35952
0.349901
-0.181792
-0.0175574
-9.63076
-0.253189
-0.091732
0.709877
-0.550414
1.39339
0.926002
-1.14274
0.582928
5.79548
-2.12617
-0.708645
-0.410151
-0.737476
5.69632
1.00937
-2.21389
0.144284
-3.60583
-1.47107
0.22722
-8.78955
0.177419
1.91226
0.923605
0.150679
0.613844
1.99439
0.810971
0.458055
0.130205
-4.29479
-0.99795
-1.33056
-17.7491
-1.28794
2.41976
-0.109587
3.9997
1.15789
-3.15739
1.32601
0.566705
2.68862
-0.188939
-2.25069
5.18658
0.625949
-1.29449
0.0280874
1.6916
-0.907646
-0.282514
-0.681491
-0.367396
2.34791
0.135184
0.399431
-0.662916
-6.18412
-0.545382
5.16544
2.32299
1.74684
-0.799634
0.864739
1.13327
-1.75914
1.00321
0.183056
-0.318565
-0.791215
-1.37031
-3.94025
0.320493
-0.608176
0.00520489
-4.80457
1.02015
0.166795
0.733907
-0.0150793
0.804733
2.75775
-2.19742
0.667598
-1.8128
-2.72053
0.0234339
0.723474
-1.31368
-2.7205
30.8777
-2.70048
-0.321416
-4.72541
-0.339242
0.131551
-1.84835
0.826715
3.16394
2.16142
-4.60617
-1.31602
29.0166
-1.35749
-0.122309
-0.370927
206.639
4.07114
-0.117861
-5.66091
-0.588742
-0.184457
1.82209
-0.334564
1.6571
0.0685394
0.660888
2.33957
0.171258
-0.981862
-0.349619
0.409726
0.957774
0.141236
-0.487725
-0.216585
-1.11919
0.656828
-0.178652
22.2473
0.199189
-0.531003
-2.27257
11.5818
135.666
-3.14184
-3.59514
-0.690703
-8.04729
-8.85158
0.683136
20.1827
-0.46073
8.68253
1.70489
-0.248439
9.47027
-0.417298
0.350462
-0.542013
-0.574268
0.0491574
-2.22369
0.0280116
4.88658
-0.299396
-32.5566
-1.27843
0.00625454
2.55041
-2.09283
0.3872
-8.6618
-0.354376
9.59856
-0.474038
1.65177
-0.995039
0.346207
-0.201287
-2.46583
-0.411707
-0.926227
-6.08002
3.09894
0.333905
1.23302
0.546349
-2.00935
-0.34853
-2.51928
-61.2467
-0.544989
5.10627
-11.3969
1.00987
-2.27127
2.1802
-0.548911
-12.8846
-2.19787
-0.301805
-0.637822
0.882019
-1.31655
2.35661
-0.24791
0.383542
-0.303878
2.0833
12.2661
-2.05655
0.345105
6.69603
-0.233337
4508.15
-0.844568
2.02807
0.182837
-0.470814
9.36898
-1.23316
-0.57781
3.15421
-0.293081
1.11358
0.881349
2.70048
-0.393269
1.70766
0.28454
-1.70675
0.942557
0.717478
-4.44091
-2.14437
-0.629517
-5.59062
0.768912
3.88432
0.382539
-1.94627
1.73112
1.16034
-1.31213
16.5839
0.0966311
1.49664
0.408049
0.968432
-0.0539621
-1.20721
-12.1836
1.52693
0.287285
-4.87537
0.0101548
-5.7149
1.58225
0.122587
22.8018
-0.271044
-0.683361
0.791666
0.396235
-0.76792
-0.19173
-3.10398
-2.49238
7.27477
2.26815
0.693676
1.60462
1.4989
-0.0137205
0.998769
-0.728265
-0.476078
-2.21114
2.92262
11.5066
-0.872702
-1.63906
0.144899
2.46153
-2.05551
2.42325
-0.384868
1.05002
-1.17034
-2.29351
-31.9913
0.668177
-13.1045
-0.826858
1.05836
-0.909019
-10.6391
1.96032
0.771649
-0.0327222
0.211395
-2.69913
-0.346562
1.24766
0.866911
1.0634
4.05837
-1.91937
-1.82195
0.103674
-1.03897
0.776407
0.864912
0.00589515
1.54335
-0.159956
-1.58854
0.32407
-1.1335
-0.0966577
-2.70705
0.42269
-0.0851063
2.22125
-0.914578
1.23612
-0.0793848
-7.00294
0.537101
-0.78084
1.9691
-0.0330469
1.49312
0.0724697
-1.33357
0.864863
2.48857
0.525061
1.34889
0.339632
0.143076
0.509706
1.04853
0.986848
1.36957
0.47923
7.6337
-0.702627
0.0742698
0.459004
-0.507397
-1.188
0.647505
-0.556663
-0.0369093
-0.653486
0.792963
-1.51419
0.0387981
0.162152
-0.589846
2.03588
0.330002
-0.886402
-0.0220392
-0.203904
-2.18331
-0.397044
-0.253981
-6.92291
2.65359
-0.0529431
0.872607
1.33693
0.139967
0.982742
-0.67399
-1.05111
-0.410113
-2.41426
23.2658
-2.36625
-0.0567506
7.22888
-0.0393922
10.4583
0.500238
1.95283
-0.752734
-0.199232
-9.76551
0.163811
-2.00614
1.46245
0.854336
-0.641197
-3.71343
-1.00344
-0.00654305
0.719654
-1.54083
-1.49244
0.156675
-1.50335
0.941735
0.554572
5.85462
-0.457158
-0.734516
-0.0505338
4.17197
-0.492571
-0.937056
0.57388
0.0625378
12.6367
-3.09118
0.154943
0.575506
-0.302907
-0.266552
-27.9671
-0.479408
1.3339
2.00821
0.147151
0.804173
1.70279
0.0472483
0.0156271
-0.398269
2.38857
0.141594
-0.821849
-3.96336
-1.98085
-0.312966
2.59576
-0.241362
-1.17815
-4.43736
-0.6683
0.680545
19.1987
-2.9622
4.53636
1.10045
3.8927
0.759043
7.91699
1.89693
-0.37943
-0.663962
-0.812639
0.175434
0.720412
-0.30469
0.521425
7.83405
-0.0982982
-0.839931
-0.346957
1.78535
0.247126
0.178795
-0.280024
1.53871
0.574214
-2.76403
-0.0518738
2.0321
0.122476
1.65818
-1.20583
0.51572
0.232967
-9.24068
1.33452
1.56889
-3.0502
1.12398
-1.26836
1.27347
7.91086
1.36458
0.233373
-0.132765
0.202015
-2.10329
-19.6615
1.80782
-10.9373
-3.11022
-0.512403
14.7624
-7.61319
-1.78355
0.529887
-0.0250862
0.59618
-0.376021
0.209821
0.88362
-0.509378
1.11291
-1.81971
-2.00925
-0.386684
-0.142062
-0.114515
0.545037
-0.978114
-1.49962
1.88588
-0.856175
-3.84681
-0.362841
-0.157167
-0.555375
-4.4048
1.83783
-5.23989
0.619408
1.8165
-10.607
-3.78084
0.484227
0.120369
-0.270877
1.53239
-0.225068
0.504663
0.922072
1.44525
-4.07897
4.38064
0.845129
10.9488
3.65152
0.17813
-0.145789
-0.259135
0.0829608
2.56348
3.30788
-0.206475
0.0982919
-10.0315
-0.0506196
-0.77632
0.17904
-0.478765
-0.656629
-1.38227
0.625854
0.593392
1.24286
1.05049
-0.26852
-0.80041
-1.89841
2.75726
0.818747
0.744211
5.15402
-0.62033
0.236471
1.04701
0.881582
-3.72291
2.49214
-1.15878
1.19933
2.57455
-0.160411
-0.169837
0.614779
-0.54379
-111.934
0.124005
3.32924
0.0927362
-0.426535
0.181337
1.5546
-3.24275
0.748175
-2.81384
-13.9818
2.02682
1.26022
-7.49492
6.36172
1.32888
0.680784
0.439061
0.219681
-12.2683
0.0099299
0.83871
-44.5277
-0.271301
0.16544
-18.3693
0.349396
-0.118383
-0.489424
-0.732939
0.364758
2.54255
-4.70521
-0.377811
-2.01657
0.478915
-0.405663
-7.37247
-1.70785
0.165091
0.939031
19.2827
1.08676
6.18131
0.325383
-0.642929
-29.8902
0.998397
3.13365
731.623
-0.460863
-4.77704
-1.23605
0.632207
1.01242
-230.505
1.80633
-0.66346
0.908563
-0.0146201
-2.09721
1.61192
6.8702
0.708509
-2.16423
1.40923
3.70916
1.30712
1.62602
2.1213
0.230825
-0.314682
0.668428
7.45372
2.03451
-0.742476
-0.397085
-0.460348
0.0546449
-8.72454
-0.318873
-8.88542
-3.97005
3.56615
13.0599
-0.610459
-5.05472
0.344429
-0.43449
77.5018
-0.0800993
0.144709
-1.44626
12.5537
-0.219141
-55.8347
-1.3561
0.122319
8.22413
1.37764
0.822913
0.252252
-3.49562
0.609741
1.59828
1.06076
1.47348
1.0584
0.0573918
-0.620482
-0.279874
0.109543
1.59371
-0.0931954
0.789143
3.29123
0.0880644
0.911327
-0.856349
-0.380826
-0.0625713
-1.32903
2.8587
-0.0114794
-1.53589
-13.9432
0.293704
1.28615
4.06868
0.122818
2.97382
-3.34463
0.692659
-1.15312
2.27371
-1.76122
0.863028
-6.5206
-0.345675
-0.320289
5.04665
-1.02044
0.222636
1.01697
1.00378
-2.09202
-0.19489
0.302015
2.49455
0.25388
-0.960306
-3.57321
-8.83207
-3.50415
-3.3763
5.53909
1.50984
-0.325968
0.311334
-1.15868
1.30729
3.78352
0.470312
-6.5073
-0.751842
1.44538
8.41192
-0.0166502
0.407982
-1.52005
-0.625401
-0.547294
-0.678078
0.128443
-1.92801
24.2245
-1.90578
-2.40745
-0.694632
-0.231514
-1.29401
0.697993
1.06217
-0.0934544
2.44484
-0.069668
-0.42474
1.30208
-0.235216
0.180061
0.122787
3.56035
-1.34344
2.79659
0.412737
0.644765
-0.724826
2.87296
-2.37981
-0.611082
-1.52207
-0.228898
10.5307
0.420769
23.3425
30.3243
-0.601962
-0.906121
547.109
-8.84374
991.885
-2.95618
1.22211
-35.6621
-0.243198
-3.92585
-0.833014
0.640814
-1.11485
176.668
0.758782
-0.273679
0.828309
1.24434
-10.7371
-3.10783
0.348084
2.23689
-0.951564
-4.03414
-2.12248
591.068
-1.97556
-0.0688521
0.317093
-0.955609
-9.51357
-0.592481
-7.13381
-0.913605
-0.799305
-0.647967
-1.19446
-0.884746
1.53751
-0.720732
0.78641
2.12622
23.8876
-0.337851
0.66572
1.23798
1.97651
-1.30151
4.89753
0.984391
-1.89057
-0.245229
-1.66223
2.34066
-1.59171
-0.491609
1.18371
-0.855785
-6.18237
1.05184
-2.85588
-7.50318
0.889658
-0.919145
-5.84455
5.67177
-0.223917
2.02089
0.782782
-0.904391
-0.260602
1.37706
1.93403
0.405777
1.40009
0.300786
2.11379
1.07763
-3.71854
-0.750529
-2.73867
1.74061
0.672463
-0.0614535
0.806633
-0.384326
-7.48084
2.60863
-1.9341
-2.32917
-1.57013
-0.219295
0.181705
0.647406
-0.230538
1.26299
1.19922
-0.0980217
-0.189548
-0.0196161
0.066237
-4.80589
-1.08006
-0.873257
-1.97178
3.85033
0.0227948
-0.324157
0.102071
-2.57843
-0.482977
1.26606
6.1239
0.551812
0.449084
-2.0078
1.13632
-0.661817
-5.00659
-1.73207
-0.190829
-7.02139
1.40171
-0.760131
5.10611
-5.6573
-6.18496
42.9191
-0.761953
-0.386696
-15.6463
-0.343946
-1.17984
0.737365
0.517532
3.54182
8.15893
1.05849
0.176927
0.146787
-0.315787
-0.859731
-3.04824
0.269694
-7.49309
-1.81324
-85.2903
-0.112959
-1.29732
0.945374
0.174613
0.814496
-0.431869
-2.38822
-1.23775
1.48337
-2.5664
-1.33163
6.23836
-2.96545
-0.646587
0.0544295
-0.84349
-1.45727
-5.14122
10.2353
-0.521354
15.5084
0.558959
18.7669
-3.80383
2.76941
-0.871808
-0.283935
19.406
0.467452
-0.107885
-37.1202
21.9645
-7.00024
-0.0569036
-1.30125
24.1174
-0.569596
-2.1285
1.9343
-0.243633
-0.77433
2.87084
0.359339
-1.22943
0.398853
4.09844
0.571735
1.26955
-20.9582
0.741751
2.65918
0.568254
-14.7113
-31.4761
-1.60269
1.05907
0.235202
-0.80893
-3.59045
0.447008
1.58166
-0.133281
0.87384
-0.387643
-0.681913
-1.13543
-0.314625
-1.38004
0.752524
-0.302539
15.1664
1.02371
22.162
3.79354
0.798787
-9.72108
-0.57588
1.97127
-0.133181
-4.77309
-2.2203
-0.609676
-1.25645
5.47992
0.535136
-4.20637
3.42425
-0.687259
8.32028
0.0079273
-4.6301
1.44441
0.468254
1.0602
-0.457631
-0.39181
0.343753
-3.50181
-1.19332
1.63606
-0.354268
-5.56867
0.0304651
0.352909
-1.28752
0.0526371
-2.0969
0.502451
1.3711
-1.13787
-6.89913
5.19501
0.14486
1.43137
0.51664
0.139487
5.09996
-2.94199
-0.137715
0.11184
1.97137
1.70115
0.783953
-0.493231
-1.64528
0.738192
-0.280743
-0.361093
-5.87819
0.914521
-0.324733
4.43749
0.773995
-0.241851
0.436416
-2.63442
4.53179
313.926
8.93662
1.40535
0.110364
0.240879
-0.0230457
-24.6467
-4.76208
0.372652
22.1098
0.740086
-2.97277
-0.870265
3.94231
0.452836
-1.57365
-1.20784
-4.27551
0.0238584
-0.301891
0.657215
22.0187
1.15478
42.9915
-370.161
0.271452
0.888644
-0.356568
2.31861
-0.648727
-0.461986
-4.71492
0.422837
1.36013
0.660001
2.42219
0.205686
0.23037
1.57221
-0.604267
1.54867
-2.90949
0.847686
-1.30605
4.60965
-0.72319
2.50998
-0.546596
-0.181893
1.03931
0.598013
0.131535
-3.98643
3.23684
2.73555
-0.661521
-1.33666
-1.41014
2.20931
-0.864695
-0.57821
-0.120205
-0.38163
0.161154
0.242036
2.06352
-4.50641
-0.606899
0.240908
-0.205623
-1.01302
-4.66784
-0.470089
0.916014
0.597141
0.207471
-2.92485
-83.514
-5.19793
0.849492
-0.689361
3.08909
8.20488
1.05909
-0.176683
1.48872
0.575898
217.469
0.128688
-0.47556
4.96335
-8.05527
-4.73161
10.8782
-3.32191
0.502971
-1.0389
1.88117
0.752586
2.24223
2.19796
-1.45857
-0.464171
3.41117
-1.69909
17.3169
1.9912
-0.657845
-5.08482
-0.206334
-0.287495
-2.11151
3.93423
-15.0403
-0.483999
-0.262795
18.2583
0.0389972
-5.1269
0.222185
-1.1003
-1.42877
-0.728248
0.760218
-0.883512
3.24946
1.00386
1.28027
0.092512
-1.29943
16.874
3.43581
-0.320799
-0.158311
-1.7335
7.94268
-1.70246
-11.3541
-0.309231
-0.424602
0.447739
2.83325
-0.332785
-1.05876
0.993264
1.83388
2.63603
0.189838
3.71822
0.247012
-1.47121
-0.808176
5.60171
0.153833
0.0992193
-2.35787
-3.4113
-0.0190883
0.288972
-2.22823
1.27497
-1.82722
-1.13993
0.503075
4.06493
1.15985
-2.69279
3.62203
1.12444
1.12672
4.50537
-1.59905
-4.02615
0.613038
-30.6794
0.467897
-0.700455
-0.45643
3.87192
-3.80259
0.365516
0.689227
-2.13586
-1.97061
-1.7079
-89.8046
-0.210108
0.0699179
-3.65482
3.92782
0.515289
-0.922609
10.4596
0.697196
-5.56642
-6.69254
-0.0229452
-0.628075
-0.930622
-0.00750335
1.77984
1.19607
3.49784
-0.372768
-49.8535
2.78807
-0.440138
-1.07938
1.00625
0.948509
0.524382
0.403846
3.25397
0.524732
-4.77674
1.21143
-0.743114
2.89912
-3.0409
-1.56561
0.0673449
0.10913
-0.552219
1.86415
-3.24202
-0.0505236
-0.657794
-1.74234
-3.75486
-0.968482
0.697039
-1.13958
0.156449
-1.16815
0.28735
-2.77953
-0.246407
-2.45528
19.8443
0.430661
-0.313889
-1.43773
-0.616791
0.55121
-0.770067
-88.2241
2.65162
-0.154385
6.6649
-2.28412
1.81224
-0.542012
1.00336
0.0460024
5.19213
0.00803142
0.242966
-0.838717
-0.537411
-1.21718
0.825076
-3.70061
-0.393073
-1.12768
-0.668396
4.38549
0.764914
-0.672043
-3.68768
0.252953
-1.06176
-1.19024
2.12227
-0.732947
1.18466
-1.62142
0.0395772
0.092416
2.44097
0.565156
-577.12
-15.6933
0.853666
1.81848
0.0323454
-2.02193
-3.12853
-0.179226
1.68303
-7.71675
-11.3012
-0.74606
3.53484
-2.19933
2.95266
0.992294
3.52695
-0.261683
0.910485
-2.58447
-0.286665
1.89186
3.34499
0.0529913
1.33328
3.4066
0.098506
-0.957701
-3.08578
0.892201
-1.55519
-3.13239
3.00717
0.994233
-1.00656
-6.80908
-6.56864
1.25938
-1.24998
-6.25974
-0.212268
-0.90113
0.548724
-0.117927
0.0049055
-1.00761
2.25564
0.0212114
1.07823
1.58974
-0.567405
-0.404244
4.62597
-0.597552
-912.466
0.815631
0.418088
0.0617426
1.60224
-0.171087
-6.14401
-0.0803456
5.15275
1.22115
-0.499983
5.85569
2.4641
-0.033914
0.606629
1.78927
0.627017
-3.95991
-0.57033
40.8329
0.428518
0.0729058
-0.337793
-0.937447
1.1295
1.34314
-0.784241
0.179947
16.8825
-0.765673
-0.586895
0.147019
-0.96248
4.64282
0.304754
-1.55011
-5.27866
1.35001
2.00703
-0.58466
0.247696
-0.798708
0.10381
0.100696
2.30667
4.46774
-6.21157
4.06603
-0.440578
7.0534
-0.410451
-2.81577
-1.77447
0.283841
-2.09153
7.62623
1.24299
-1.9011
2.18996
1.01196
-1.24498
-0.643644
0.707671
-104.423
4.90762
-0.340953
-0.529645
0.183492
-0.860048
-0.544422
-0.431993
-0.581071
-1.24548
-0.797902
-1.21347
-4.06831
-1.43494
0.340957
1.52744
-0.53039
-0.167726
1.48367
-1.83086
0.515008
10.0042
-0.109308
1.25839
22.3738
-0.364032
-1.07684
-2.29957
-8.79742
0.0658311
-2.17987
3.69345
1.26885
4.65487
8.27434
3.4784
-1.59792
-0.556962
0.317441
-1.86805
-1.08351
-1.80185
-134.566
-0.901568
1.01828
-1.06483
8.23265
0.917833
2.11403
2.2255
0.0937704
3.50003
-0.935004
1.39826
3.91405
-0.292614
-4.2708
-0.188032
0.177468
-5.10316
2.11358
0.281546
34.8701
3.42
9.29028
2.05535
-0.100461
-1.71902
1.04608
40.3726
2.31431
-1.81899
2.39704
18.6054
-0.87119
0.366888
-1.99444
-0.471711
-1.15412
-0.487923
-9.19607
-2.30654
183.003
-0.390715
-0.841775
-3.59182
1.32926
5.37718
0.35223
-0.0226377
15.9468
-1.28454
0.237749
10.6749
0.220842
9.24635
0.479218
-22.8638
-1.11711
-1.91582
3.05406
0.161916
3.80879
3.67405
-1.12642
-13.7443
3.78374
0.218338
0.676847
0.894295
-0.795691
-12.5292
1.12513
2.39809
-310.432
-0.640574
16.0347
0.911595
0.831474
-0.662521
-0.0424655
0.947955
1.44664
-2.33408
-4.71788
9.56381
0.163645
-2.27082
-0.413648
0.66211
2.768
5.06276
-1.69999
-11.066
-2.98542
1.35352
0.815203
-0.552582
0.729349
-0.309016
-0.370198
0.316496
11.3924
0.425678
-11840.3
1.13943
-0.861537
0.899594
1.02795
0.180726
-0.0937184
-0.870713
-0.429408
-1.5055
8.44911
-0.0881513
-1.24849
16.4091
2.61243
1.07912
-0.255173
-0.267397
-0.547408
-0.0481789
-0.261877
0.550688
-0.48646
-0.858675
-0.559773
0.0462207
0.3715
-4.9316
0.0946699
-2.53669
-0.595704
-0.105765
-2.65547
-30.681
-3.13953
0.159652
0.32027
-0.356852
-0.110969
0.518792
1.72249
0.205271
0.365071
0.316466
-3.12733
54.6592
3.96789
0.0203806
0.137015
0.196349
17.2872
-1.67291
-2.21469
-1.77012
-0.769355
0.660909
-0.170768
0.11077
8.13742
-0.817369
-0.427368
0.4084
0.304034
0.46079
-19.1826
-1.31732
0.757166
-1.8105
0.249242
-0.0864261
0.388725
0.79631
0.174165
3.5035
-8.30759
0.184161
2.78577
-0.735526
0.215856
8.49976
-1.8823
-1.58761
-0.610616
-6.36384
-9.85447
-2.92264
0.483002
-0.546603
-1.87171
-1.37848
8.63597
19.9172
-0.301358
0.528839
-0.0532806
0.508383
-0.173239
0.210587
0.598896
0.180449
0.644274
0.0156814
2.25841
0.0844842
1.90139
-3.29318
-0.841555
0.23862
-0.64069
-26.3778
2.33208
2.26632
-0.900922
3.42549
-12.2073
-0.354794
0.166126
4.2098
-1.22167
-0.134372
-0.586629
-0.256863
-49.8868
0.270998
17.646
-2.21178
-1.48375
-14.064
-1.34014
0.708925
0.207624
0.438601
-2.33579
6.06896
-1.06916
-0.423504
0.232754
0.826723
-1.06161
-0.106021
-2.2403
-0.689319
-56.6156
2.27823
-10.5369
0.0902192
0.405504
5.26775
0.9439
-0.156184
-11.4253
2.73703
1.42935
2.91561
-2.13848
-110.136
0.889605
-0.670678
20.9822
4.21914
-11.9211
0.273614
-4.68676
0.28579
1.05297
-0.542356
-0.844846
-1.17784
0.605646
-1.08476
-0.411245
0.163656
-0.225285
0.0030648
0.0685807
-0.569135
-0.856538
0.934837
-0.289096
-0.299642
0.134649
5.83864
-4.59368
-0.790006
0.297644
-1.74759
0.429679
3.05347
-0.322262
0.297814
-1.20279
1.35371
0.537526
-0.161093
-0.887447
-1.35674
1.3047
-2.16548
0.10873
-0.890058
2.79326
0.630674
0.282527
-0.43533
25.3439
0.00156764
-1.4492
-0.456248
0.33594
-9.35973
4.35348
2.01531
-0.0136949
2.79039
-2.56901
0.584534
-4.58491
-1.57726
-0.0127863
-0.84848
-0.815077
-1.7403
-1.32191
1.42481
12.1895
-1.46941
-1.19941
-0.101919
0.716486
2.03988
-1.1407
-1.22625
-0.978902
1.46909
1.12825
0.532413
-0.948448
-0.489381
0.652703
-0.267054
-0.263977
-0.286803
0.798637
-1.25621
-0.472433
0.604507
-0.297317
4.01759
2.23358
-0.459386
-1.83711
0.97033
-0.978654
-2.53087
-1.57643
1.12503
-1.83504
0.124069
-2.20856
-0.426596
-0.900923
-3.3599
-0.735265
6.41028
6.00924
0.0694597
0.446997
6.71959
-1.66567
1.70174
-0.355893
0.593835
-0.185501
-1.03939
2.6084
-0.0235596
-0.00393991
-0.387722
-1.1975
2.93661
-0.628279
-5.12949
0.925069
-2.63644
0.232819
0.906693
-0.941015
-0.534974
-0.8846
0.172855
0.0523031
0.209047
-7.47254
-1.04352
-0.202452
-7.99241
0.269961
0.380834
1.82922
3.81318
-0.978061
-0.622102
2.514
-0.267746
-0.0735588
2.52205
-0.366304
-0.221543
-0.892324
-8.86524
1.14771
-2.41273
-0.443401
-1.21018
0.826154
0.129638
-5.54748
0.15464
-9.36527
5.67521
-1.13627
4.53204
-0.744945
-1.13334
-15.0641
-5.58416
12.3824
1.73741
-0.00321863
-3.0173
0.140288
-1.73002
0.617779
-1.60432
6.17577
-2.13591
0.933303
-3.29934
-0.121336
26.8834
-0.862986
23.272
-2.22307
-0.681397
-0.492425
-4.93305
4.2843
-2.6253
-0.0550523
-2.44931
3.8126
-0.0513746
0.842364
1.32661
-4.16949
-0.389604
6.74316
-0.323597
0.568144
-1.84282
0.0668983
-0.644652
-2.48371
-60.5685
-0.371134
-0.198486
0.208076
0.445216
-1.04634
-0.259837
0.487919
1.78878
-0.140492
-1.45041
-0.383442
-0.444169
0.24252
-1.70329
-0.0875625
0.171391
-0.666746
0.272872
1.03997
-4.97269
0.131922
1.3941
3.36196
-11.4397
-13.9346
0.816486
1.5181
1.54657
2.15173
0.554842
-0.747212
-0.1309
0.313455
-2.42205
0.503076
-0.591549
-0.781964
-1.59044
13.72
-0.181754
0.139522
-2.23762
-1.98761
-0.361619
-0.403409
-0.45145
-0.660753
-1.49556
-0.706388
0.912851
3.86993
2.21773
-1.07823
2.62721
3.91786
2.18463
-3.94571
0.436224
0.968881
10.7873
5.52361
1.00629
-2.46711
0.192375
-0.187441
-3.92501
0.382757
-0.765779
1.97442
1.79795
0.40908
-2.66966
-0.425268
-1.98258
-2.61361
21.8524
-1.5095
0.297701
-0.767141
0.798731
0.888128
-1.66207
0.268188
0.257489
-0.599858
-0.778909
1.16786
0.890022
0.624353
0.224502
-1.2827
-0.800689
92.8629
3.22796
-0.47507
5.51979
1.48828
-0.620138
0.498229
-0.125716
0.0634549
0.554451
0.580894
-4.90452
0.499783
-14.4099
-3.65352
0.515599
1.06498
-0.916607
0.257551
1.89828
-1.50369
0.0852036
3.16579
0.667054
-0.641137
0.410893
-0.648213
-2.6227
0.797796
3.59868
-0.264558
0.17473
0.575408
-9.97301
-0.674654
1.61928
-1.32003
5.09499
-2.84932
-6.33463
0.543945
-2.69492
5.51481
-1.8972
-1.19002
-8.28591
0.207828
-3.97549
3.30804
0.765057
1.62758
4.31837
0.158399
0.692217
0.43913
0.130547
-0.490846
-0.546509
2.14895
1.07251
4.77847
0.674948
24.3459
0.127606
2.37856
0.899607
-1.88401
2.17498
-0.664668
1.08089
-0.129184
2.53683
-0.487066
0.560113
-23.105
-2.04537
-0.800117
-0.51483
-0.383581
0.106939
0.858743
1.47446
-0.04266
-2.3122
-1.37556
0.00159049
-0.970268
-0.71037
0.0199654
-23.9987
-17.7967
-0.0760248
-0.317915
0.0764228
1.0565
-0.0773923
-0.439887
1.12568
-5.76905
0.643513
-1.28241
-0.0222395
-0.0714093
0.567509
-0.167469
0.785468
-2.55586
0.260465
0.665193
1.3071
1.28686
-1.8156
4.87552
25.5366
5.6756
1.78192
-1.07132
1.8933
0.141715
-0.0748054
0.585438
-1.25662
-0.575497
-0.745537
-0.31365
0.76122
0.906161
4.72132
-0.28262
-0.266466
3.57572
-168.211
1.14624
-0.16679
0.935439
-1.72113
5.85083
-0.196396
-0.974166
1.25457
5.94303
0.687532
4.32175
0.387345
-1.01048
-0.0211051
4.09473
1.90028
-1.1376
1.99165
-3.31707
-0.354809
-0.957609
-0.694981
0.169225
-1.55325
-0.449792
1.93431
-7.5977
-4.81675
1.64503
15.9265
-2.20104
179.328
-1.17817
10.5846
-0.638141
0.495506
0.338302
1.20355
-0.467878
2.50579
1.77758
-8.21342
0.288712
-0.0835375
8.97152
0.383584
-3.60633
-8.48796
0.552602
-0.594564
-1.71933
0.0436178
2.26364
-0.475199
0.177059
-2.26852
-4.56945
-1.24528
-0.146685
9.6501
-1.28723
-0.622259
-6.53454
0.752952
-1.75476
0.251548
-3.04164
0.965634
0.858321
-1.77355
0.0100356
-1.2388
3.96761
0.394884
-0.398384
2.90922
0.0873536
-1.58639
0.512747
-0.257629
3.7093
-2.16213
1.68584
0.0988763
-0.336666
0.160262
0.810555
-2.83675
1.98695
-2.20199
0.763066
1.90097
0.818387
0.24788
-1.23777
0.548223
-4.14771
1.13425
-1.97137
-11.3142
-0.794123
-2.88342
-0.725614
-1.058
3.9733
-1.23352
2.06328
4.43798
-1.67096
-2.48961
4.8428
-0.330487
2.31604
-0.483783
-0.18199
-2.70602
0.350071
4.98858
-5.74161
0.308249
0.0935761
1.02519
-3.96495
-4.88619
6.45259
-2.50416
15.7409
0.0727087
-0.318427
0.355268
4.9397
-4.89938
0.245352
1.88507
0.0304286
-0.598054
1.04976
-0.0898128
0.735835
4.33358
0.790868
0.565382
0.232517
-0.672983
-8.38857
0.00478899
0.0962336
-0.131852
-0.108893
0.530799
-3.60049
1.00466
0.607242
-2.19966
-2.23489
0.0398656
-1.17459
1.96786
66.5149
-1.0783
0.0025098
-0.742811
2.63013
3.47502
0.912787
-0.355043
12.6716
1.0467
-1.53846
-1.88766
0.403495
-0.506381
-1.93435
0.290774
0.103235
0.681805
0.0310123
6.98517
8.15015
8.61421
11.7356
4.28964
-0.24242
1.70449
0.632575
14.8335
0.0858568
6.51372
-1.40319
-0.817016
-2.47881
-0.726915
-0.730161
-0.862622
4.81525
-0.132256
-7.4332
-0.170833
0.562088
-1.09787
-1.88742
2.6216
-0.295011
0.139574
-0.0930547
-0.0861949
0.0712552
0.164847
-0.95827
-0.0963904
0.105434
-0.255978
-0.0684198
0.261606
0.937925
0.566083
0.696841
3.55157
-0.473871
2.50493
-1.41139
0.000120644
1.97693
0.836809
2.03826
-0.289369
1.16066
1.13071
-39.3573
-5.79267
-0.704861
10.0201
-0.751677
0.963216
-0.393178
-94.1088
-0.423765
1.80409
3.07123
2.05887
0.853037
-1.10809
-0.605568
-0.087959
2.2011
1.19706
0.524198
-10.5287
-0.437003
-1.42491
0.570557
-0.561987
0.423575
-1.19828
-3.99105
2.91327
-6.23522
0.410014
5.21056
-2.38796
-12.707
-3.53537
-0.239211
0.0368325
-3.75654
1.80369
0.484932
1.243
-2.05319
-5.18771
0.706571
-0.601488
-0.155208
-0.403396
-1.69395
8.40532
-0.0323843
0.244302
-0.451552
-0.239202
-0.672277
0.317701
-0.0661366
1.01684
-0.848739
-0.273154
7.32119
-1.87077
-0.179182
-2.70467
2.37252
0.67177
0.388788
2.30072
-0.0782934
-0.353241
5.10385
0.184548
0.128738
-0.917026
-0.666753
-0.384159
-0.209537
46.7116
-0.884274
-6.39053
1.45018
2.08948
0.277212
2.95248
1.0206
-0.875705
-0.196717
-0.778093
-0.93183
-0.393561
-7.3318
3.94492
-0.951941
-0.663837
-1.34566
0.232412
0.567317
-0.315159
0.237687
-4.33631
-1.18845
-0.720953
-0.0317121
-2.86657
0.637217
0.763551
2.36634
-0.356214
2.3148
-11.7496
-0.258507
-25.3661
-0.151096
1.5343
1.12914
0.296185
0.154523
2.00017
0.216653
2.28369
3.07693
-0.809883
-2.51827
-1.71762
-0.78361
-3.60505
44.2892
-4.145
1.8953
-0.11866
-0.305254
-0.666896
1.99975
-0.258019
0.772149
0.335272
-0.53025
0.468987
-5.27394
-1.40633
-1.3671
-0.759192
-0.573827
0.171481
0.584601
1.72725
0.183305
-1.10652
12.0158
-1.96526
5.65521
-0.981442
-3.34108
-0.326402
-0.325201
0.394882
1.16228
-5.22445
3.51124
-0.848449
-2.85153
1.07525
0.448096
-2.33493
2.78177
-1.58271
0.429783
-0.0830304
-9.40922
1.68856
-0.00213721
-129.422
0.313504
0.148468
0.918843
-1.22346
0.013088
-0.165082
0.107065
-0.7369
-0.630739
-2.32946
0.397653
-0.935548
-1.59279
-1.99389
-0.364273
-0.569544
-0.214499
2.07533
11.3636
-20.0761
-0.600893
-0.36702
0.686971
0.317796
3.27925
1.97186
1.02651
-5.46426
-1.44703
0.281449
0.400896
0.539236
0.176702
-1.4214
-0.311089
-13.5448
4.0922
-0.726173
6.8747
-4.25631
-3.08912
-2.90117
-0.486593
4.6141
40.6038
0.387527
0.257843
11.4016
-1.60288
0.670259
-1.77526
0.677412
0.203084
0.0346608
2.654
-0.160677
-0.740725
0.544565
1.66023
0.352192
14.7501
1.04609
1.5399
0.675244
-0.254594
2.56233
1.18389
-0.269131
-9.25661
-0.112023
0.110901
1.45189
-1.12617
1.14068
-0.365098
0.303938
-9.91965
-3.37994
-19.2535
1.99218
0.509117
1.75842
-0.155917
-0.00822568
15.0518
4.57988
0.160347
-51.8542
4.45555
-4.26099
0.946716
0.23428
18.5027
9.65292
-0.805208
-1.13842
-1.90485
-0.786042
0.161411
0.504282
-2.04784
-0.293393
-2.62622
-0.414413
-0.383891
-3.55751
0.981756
-0.0590903
0.771178
-0.973322
-4.54245
0.39787
-1.19177
-1.72107
-0.251743
0.698671
-0.0707542
1.65595
-0.423036
-0.53328
-0.0916694
-2.81196
-0.0231694
-0.0182618
0.0268389
0.449086
2.52344
0.532955
0.15649
-1.12025
2.27234
-1.27463
0.0956239
23.2758
0.710644
3.38293
-2.3401
-0.954432
1.65561
-0.987824
0.289061
-0.310311
-1.48422
-1.51734
1.75539
-3.95966
2.01231
-2.11155
0.321408
0.331151
4.62795
3.13446
1.51403
2.96034
-0.75245
0.904405
-1.01963
1.91201
-2.19394
0.223152
-0.397225
-0.85532
0.722084
-2.11454
1.15075
-0.535398
0.994441
0.676
1.15356
-9.11932
-0.450549
1.06855
-1.69073
-0.388415
-12.3648
3.42751
0.18932
3.42198
2.46224
-7.03878
-1.75361
2.30202
0.471585
-0.747346
-0.116071
-3.82992
-1.32897
2.35351
1.43856
4.15506
0.618206
703.388
1.9228
-0.300081
0.111441
0.747705
-0.441054
-1.41188
0.354228
-0.993899
0.0678111
-9.57283
-1.44979
0.278284
5.32229
-0.265559
-0.389111
-2.00985
0.222585
-0.0453842
-0.582761
15.463
1.28681
0.463481
-5.11502
-1.36084
0.249888
-0.147611
3.43222
0.921208
1.32391
-5.34439
-0.0307101
-0.510997
2.13417
-0.907531
0.393843
-3.2176
-0.969073
-2.31431
0.0720541
0.671049
-0.105768
0.657484
0.846222
0.123206
-0.805174
-1.95624
1.05394
0.601262
3.95639
-1.83655
1.20292
-1.66365
-1.14848
1.21395
0.253757
0.411439
-1.76012
1.43236
-0.150716
0.655278
0.339487
0.589586
-4.95482
-0.799035
-0.673782
-1.65531
-7.19074
-2.20966
-0.518057
-0.964128
-1.47581
-0.955437
3.72563
-0.411228
0.204073
0.299008
-0.418067
-1.47336
-0.148886
-1.30432
-9.40171
-2.29016
-1.42127
0.384413
-0.544594
-1.70095
0.477083
-1.3319
0.277844
3.13229
2.06725
0.361743
0.949936
-0.752711
-0.606666
-0.657604
-0.510782
-2.55865
-4.03034
-3.01389
-1.11653
-3.92993
-16.6332
0.394305
-1.91057
0.105269
-4.16303
2.5909
-1.42679
-0.592708
3.17535
-25.2402
1.00327
0.205315
1.54584
1.06225
1.36493
1.81138
5.34163
0.603415
1.48203
0.863601
-2.72425
-1.68149
-1.55261
-1.38715
-2.08724
-0.79774
-0.796606
0.32759
0.312319
22.2223
4.54517
-4.12652
-2.31393
6.80984
-1.62442
-2.75017
0.604647
0.557361
-0.435385
-0.415757
-2.74212
-0.721947
-1.67473
-0.051572
-13.5775
0.092412
-0.660642
-0.796487
-6.04095
1.10548
15.724
1.56258
0.165781
2.42169
-0.675198
0.858527
-0.0962885
-1.24397
-0.627678
1.96738
2.48024
-0.631408
2.49977
-0.850999
-0.374735
-0.631108
-3.23287
-7.59608
0.00973607
0.409931
-0.257295
-0.772104
-0.231156
-4.7823
-1.52071
-4.40439
-0.877016
0.307302
0.213159
-1.38319
-1.80221
-0.690735
3.34201
-0.108385
-0.653086
4.25616
0.204339
-0.573517
-3.95139
-0.328603
-1.27214
1.0768
-0.423856
-0.0111003
-1.75839
-7.74943
0.39052
-2.78797
-1.01578
1.46455
-0.68934
8.10788
0.715478
-0.508199
-0.724656
0.372144
2.0363
-0.0169627
-1.40037
-0.350583
4.87698
-0.240929
0.696562
0.964421
-1.31894
1.13658
-1.55629
1.40021
0.596592
0.0112931
2.34076
-0.256007
-14.141
-0.407614
8.46906
1.88835
0.720233
-0.432145
-2.72448
-1.30858
0.962887
0.025383
-0.0227654
-0.0766555
0.331185
-2.35004
0.585147
0.425625
-0.135932
0.286445
1.78965
9.51891
2.62677
-0.740354
12.6579
3.07612
-8.29002
-0.341151
-1.0577
-1.50059
0.860911
0.257459
4.70679
-0.319683
-3.39635
3.65924
-0.284491
4.54513
0.471523
8.57572
4.73726
-0.9828
5.71158
3.00364
-0.138966
2.76433
0.252281
3.2279
0.349653
-1.99523
-0.00577575
0.759628
0.405469
0.917594
0.546017
-0.975048
0.361253
-0.926954
-1.25355
-0.223371
-0.0948847
-17.0093
-22.0065
0.157067
0.331467
4.70789
-0.839001
-1.98302
-46.8651
0.210223
-6.18611
-0.164416
-12.1984
-1.97572
-11.4343
0.390374
3.14066
0.531482
-2.31773
-1.0196
0.408956
-1.51112
-0.059392
-0.383993
-0.558188
-0.67271
0.6745
0.352782
-0.476536
0.1423
0.0115223
-0.476886
1.27304
-0.0568525
38.45
-0.715479
-1.3601
0.0297509
1.46548
-0.208531
-0.525215
1.14487
-0.315234
0.596124
-0.064173
0.370465
0.186211
-24.4463
-0.465643
0.476589
-1.02821
0.881832
0.108569
-0.17066
-47.93
10.7321
3.9982
-5.55792
0.296698
-0.191745
-0.436555
0.263926
-0.613669
-0.642176
0.871902
0.936118
-0.349358
-0.00693796
-2.78008
3.90078
-0.427285
-1.14276
-0.564463
-0.814248
-3.42193
-2.07021
0.199308
-1.19696
0.00727273
0.963812
1.96587
-0.268184
0.460936
4.38937
-0.536056
-0.353553
-0.894776
-0.503312
-0.610403
0.439117
-2.25063
5.35893
-1.07362
1.85113
6.82948
-0.266631
-1.50781
2.4699
0.679094
-0.320361
0.301601
0.323153
-0.553587
-11.4174
1.78215
3.56138
-0.806065
-0.0967082
2.08042
5.42212
0.219142
2.05331
0.0221293
-0.817361
11.6083
-0.994073
-0.744019
-0.12963
0.0932309
2.0976
0.201706
-0.752394
-2.28271
-0.819281
0.754373
-4.76994
-22.0068
0.46239
1.07177
2.37339
-0.244429
0.823036
0.780902
-1.33293
-0.463019
-1.09233
-1.15634
-1.07834
0.687097
-1.19761
-2.63032
0.272298
-0.207991
-0.527836
5.93248
-0.00873519
5.63308
-0.273709
0.0135637
0.442065
-0.0984197
-0.133207
-0.903509
-3.45601
0.569704
0.912163
2.30964
0.159629
3.24748
-1.72142
-1.75238
-15.8395
3.76289
-1.49657
0.573898
-0.749886
-8.07412
-3.75102
-10.4101
-35.196
-1.82754
-18.9844
1.32959
-0.274228
-0.941697
-0.402856
-2.51127
5.7603
0.354047
1.73084
0.709117
0.1796
-0.210565
1.14979
0.657039
-1.42814
-0.069866
0.533243
697.916
0.980222
5.22515
11.8446
-2.35271
-0.344812
0.07836
4.43531
-3.52964
0.893578
7.69594
2.56441
0.786851
-0.118562
0.473931
-3.09699
-0.217877
-0.146808
-1.61427
-2.55886
-0.452029
4.10283
-2.21812
-0.307053
-19.1762
-2.85294
1.16281
-0.13502
7.36454
-7.92819
1.59075
-0.579449
-0.0369425
-0.273293
4.05968
2.3225
-0.336578
-1.97388
-1.18526
0.830294
-0.639895
5.18608
-0.709136
1.07625
1.05762
0.627152
12.8424
2.26906
-1.45748
0.359003
-0.036033
1.97582
0.733343
-1.48243
-0.825632
-7.0297
-1.03727
0.195169
8.47522
-0.148622
0.194998
2.41971
7.98498
-0.503339
3.09653
3.28871
-2.55513
1.07952
2.14368
5.2032
-2.74344
0.490865
0.288176
-38.5544
11.3881
-0.252877
1.16056
-0.962829
0.995446
-0.436586
-1.99837
-0.648896
1.55032
2.72094
17.7007
2.62802
-6.16643
1.38774
-0.0707567
1.26019
1.72716
-6.62186
1.19367
1.96188
-0.270934
3.31903
0.440281
11.5027
1.22607
-0.408771
-5.06469
0.64184
-0.80853
0.17373
0.647965
-1.82621
2.07814
0.215976
-1.1398
266.388
-0.421565
15.5343
-0.0159811
0.0467025
1.15007
-0.678614
-11.1367
-0.953214
-0.704694
-0.188613
1.7169
-2.2791
0.142816
-0.190141
40.5079
-1.38012
0.16552
-29.3668
2.35425
1.67067
-0.615769
1.13584
3.72201
0.340971
-0.737304
-69.7244
-1.99852
-3.25443
1.48864
12.7026
0.0259091
1.19101
0.0273308
13.5433
1.34025
-4.426
-0.599221
-4.94024
-0.255251
-1.32616
2.40829
-0.240811
1.2
-0.980713
12.8603
1.98594
2.8067
2.01248
0.787854
-0.521349
-0.279392
0.217383
-0.176852
0.0698414
-7.82571
0.79893
-0.0174644
3.61874
-0.894124
-1.21157
-0.631674
-0.773656
-4.33344
-0.849461
-0.43814
-16.2581
-0.839687
0.757229
-0.231756
-0.933836
-0.775866
-0.292808
-9.12707
-2.13284
0.256394
0.505242
0.232194
0.994639
0.486699
0.0255316
3.28463
-2.36132
0.718259
-0.310919
0.29504
0.271828
-4.30628
0.414226
2.43246
0.264656
2.1174
52.914
0.56541
0.152704
-0.832735
-4.37542
-0.445574
0.560563
0.0494668
-3.75574
1.13469
0.111767
-0.546118
-0.479745
-1.35507
0.123995
0.55531
-12.2984
-0.426054
-0.454573
-1.59525
0.47625
0.070345
1.33644
-0.0116598
10.814
-1.194
0.573329
-9.92643
0.986436
-0.320917
-0.372531
0.335477
11.6029
-1.00753
4.27907
0.188481
-23.5117
0.37918
10.0923
-7.85483
7.77951
-0.666931
-3.67364
0.465102
1.69627
13.1726
18.7855
0.371235
-1.60766
2.5082
-0.596031
0.261641
-0.698322
-6.55092
-0.800062
-5.15641
2.013
0.414178
0.0235843
-0.123508
-0.170718
2.60764
-0.551523
-0.787039
0.276882
5.61725
-0.152613
0.347504
0.778266
-0.688223
0.0843071
0.0478165
-0.00447012
0.456267
-1.28242
0.00948154
-0.260954
-0.794266
12.5562
-0.326017
43.0624
2.03247
1.24447
-0.597993
-0.0542296
1.70597
-0.542563
-5.28647
0.873462
-0.748082
1.61194
1.7749
-0.281035
1.12014
7.06775
0.986352
-2.75538
2.04019
0.128713
-0.428971
-0.327126
-1.2679
-0.492547
0.7944
-0.219685
-0.302359
0.716455
0.959365
-0.692117
8.00333
-2309.56
-1.44662
-0.122399
-0.449285
0.0128699
-1.42798
-0.0677334
3.682
4.53584
-0.859463
0.76501
1.51756
0.253522
1.9266
-0.562733
-1.94503
-0.924516
-0.543103
-1.14768
1.30374
-0.143838
0.803048
0.734952
1.07461
1.9137
-0.479023
6.27651
-2.0135
-3.10942
-2.13406
0.47931
1.88141
0.128941
1.02868
0.525559
0.0294825
-0.0161834
0.126944
-0.151483
1.4183
0.451031
-0.860636
-1.63725
2.16587
-0.315003
-0.822134
-2.43909
-0.00226857
7.2684
-0.226483
-0.190552
171.243
-0.4719
0.216216
0.0292242
-1.24116
-0.0215309
0.385786
-1.15137
1.47793
-1.23691
-11.4184
-10.9939
0.626043
0.944825
-1.17073
-0.323776
-0.944395
1.42639
-0.317985
2.36643
-0.598448
0.156979
0.441705
1.04554
1.71566
-0.150567
-1.69237
0.338266
-1.99201
-4.5906
11.6198
-2.37939
0.367255
0.0296554
0.0219462
-2.10673
0.861977
4.34224
-2.66526
-0.444037
-0.0486062
-0.810673
-5.33109
1.09351
-0.3215
0.0179834
-2.68048
-1.87503
5.05743
6.75586
-1.72827
-1.50934
-1.58347
0.5787
0.925839
6.77202
-0.455875
4.85064
-3.63256
-0.23858
2.44234
0.305663
-3.40349
0.18708
3.0284
-8.57612
-1.79708
-0.436973
0.268199
-6.12258
-6.6193
-5.73148
0.057455
-0.454066
