-0.788268
-0.541882
-1.93109
0.201784
1.08511
0.165511
0.399383
-0.00519356
1.28499
1.00464
-1.81413
-0.531447
0.214281
-2.15272
2.67266
-0.0930216
-2.26302
3.29517
0.030442
5.61364
1.2729
1.04158
0.38436
-1.28008
0.0544895
-2.50107
-0.319699
8.47735
0.70274
-5.83656
-17.3629
-0.0011135
0.672206
0.467417
13.2586
1.08555
1.83165
-5.00823
0.414747
-0.26794
-1.77174
9.31128
-1.36707
1.1164
-1.27661
-1.2539
0.0381706
2.84081
-0.281471
-3.27393
0.729419
3.26243
0.236407
5.02864
-0.0775329
-7.35818
-0.0033867
0.175221
0.559119
485.813
-0.0243897
1.05875
-0.979281
3.20202
-0.624014
0.393841
-2.59317
-0.139739
-3.20946
0.79479
-0.288166
0.484537
-4.15161
-0.140643
3.03373
-2.15797
-2.35811
-1.27663
-0.288068
-4.8026
2.29508
0.848818
4.54103
0.0174074
0.059757
-0.792724
-1.10672
0.569554
-0.132632
-0.000259565
0.352584
4.12573
0.016707
-0.841948
0.559764
-1.94708
0.166383
-1.03111
0.181929
-1.6286
0.321285
-0.309082
2.01328
-0.233291
-1.0574
87.2184
3.32615
-0.783699
-0.224163
0.5679
-1.40735
1.6393
-0.0478772
2.54818
-1.31916
-1.1182
0.837179
0.77622
-0.559492
-1.84551
0.642639
18.9396
-4.09158
-1.11037
1.17342
-0.654494
15.8855
12.4746
-1.45504
-16.8009
-0.131053
0.372101
1.12433
-0.367688
0.636342
0.0046498
0.800333
-0.393661
-0.603851
0.163191
-2.31913
-1.47831
0.304629
0.392896
0.246852
1.55314
0.268973
-0.0171341
-0.694215
-1.31101
1.589
0.363499
0.128215
-0.181048
5.3128
0.705852
1.13998
0.170881
-14.5443
-0.498197
-0.252285
0.119062
-8.03398
-0.317912
-1.12961
-0.0948484
0.495429
0.595424
1.56142
-0.24111
-0.151572
0.0487135
1.44375
1.05199
4.63399
-14.4132
0.942563
5.57392
0.79998
-0.865045
0.216829
-24.1628
0.839515
0.162228
-63.2146
-3.07936
1.51387
64.8254
0.408722
0.215293
0.388151
0.932453
0.263141
-1.22746
-0.0825357
-0.513219
1.2077
0.482211
-0.0283809
-1.9779
-0.232791
1.19329
-2.65681
0.404828
0.274722
3.18295
1.04206
-0.14167
-0.279629
-1.08326
-0.170887
-0.924356
5.0891
-1.93134
-20.9044
-0.447121
-2.10459
-0.714957
-3.48267
-4
-20.3047
30.4984
-0.831767
0.474777
-0.110983
3.40114
-0.890675
-11.2484
-0.724582
0.603276
-4.11395
3.70984
-5.45021
-0.153755
-0.333465
0.839893
-3.95421
0.318358
0.0282597
4.54935
0.465509
0.968031
1.06826
-0.408804
0.889329
-5.04164
-2.40106
0.233596
-0.0090986
-0.0390048
0.931987
-0.000312882
0.00516539
0.265349
-0.492102
0.701474
2.73542
-1.14994
-0.828326
0.365749
0.610878
1.34728
1.65089
1.06873
0.368538
1.68207
3.40623
1.26171
-2.61087
-4.36444
1.43871
-2.23042
34.2669
1.26793
0.534154
0.773796
-1.23841
-2.26939
-0.478502
0.666609
1.17886
-0.150135
10.2926
-1.31818
-6.02612
2.53505
0.556249
-0.677115
0.500426
0.324104
-0.134503
-0.27982
-1.10204
-1.97035
0.171414
-7.66944
9.11171
31.5657
-0.794862
0.00473275
14.071
1.3414
-0.0136804
-2.6641
0.327239
0.246794
-4.0773
3.1469
1.31763
0.109299
-0.981013
0.465119
5.59385
-7.2216
0.556334
0.264309
-10.4549
1.83328
-1.91382
-5.81862
-1.11904
0.233299
0.190518
1.70752
5.25481
1.26304
-0.0653812
-6.69302
-1.91743
0.858253
-2.78896
1.24657
-0.107309
-0.663245
3.14908
0.995629
-4.8859
0.0503527
-0.827316
-21.2249
-3.84105
0.0536093
1.62406
1.97396
-8.8216
0.682784
0.530706
0.301793
-0.710984
1.47562
-0.527299
-9.04251
-0.952182
2.51061
-0.0072763
0.0525308
0.496549
0.383003
0.00600367
-2.16281
-1.91798
-7.2013
1.31095
-1.00785
1.18431
-0.54543
-4.27529
2.99683
-2.55806
-0.682969
-1.26887
0.554231
0.34787
0.534973
0.321084
-25.6604
0.667316
10.0314
-1.23643
-0.45726
7.35354
-2.39135
-1.29093
-3.71595
-0.105535
2.00905
0.781943
-1.95233
-2.15858
-0.565779
-1.6987
-0.0481899
-4.74812
0.0280696
0.847691
2.31879
-0.522495
0.0162943
-0.460783
-1.25555
-2.02545
0.113919
-8.90745
-0.270129
-1.25627
0.417847
0.943693
-0.7608
-6.83931
-1.14389
-1.89478
4.51237
0.857471
-2.96927
-0.748582
-0.125077
0.480666
29.3681
0.0366466
0.0734376
0.768172
-1.84334
1.02721
2.91305
1.48753
-1.61776
-0.495346
-1.47517
0.546101
1.70279
3.44432
-0.726575
-0.318313
-1.45853
1.44074
-1.12458
1.11311
3.83681
-0.950183
-1.70144
0.72918
-1.69723
5.01035
0.260883
0.0852856
-0.524199
1.91968
0.217666
1.93043
0.485442
0.131183
0.668378
-0.447109
5.53272
-44.8741
11.7608
14.1265
-1.4118
2.42724
0.90591
-0.264328
-0.697553
1.22148
-4.44369
-86.499
1.87957
-0.644043
0.919582
-2.22898
-1.09686
6.7847
0.0795527
2.2717
-1.34431
-0.685759
1.77739
-0.431386
-0.382122
1.78856
1.31489
-0.316527
-0.582821
1.82885
-1.03371
-0.201284
-0.170119
-0.178441
0.450636
0.695526
1.21162
-0.152574
0.32459
-1.96267
1.52372
45.3662
-2.2676
0.995559
1.04174
0.435378
6.40483
-0.387957
3.30678
-0.81711
0.669431
1.85459
2.29493
-0.924265
3.14377
0.0918814
0.994565
1.10567
-2.06321
-0.254407
0.158334
-1.2759
1.7812
23.4083
-0.410656
-0.154699
-2.64501
-0.493551
-0.355879
0.652956
0.290989
0.119069
0.392758
-3.92866
-3.25773
0.319311
-0.955567
-1.47697
4.52394
-1.81408
-4.99652
1.11138
-0.837125
-1.87162
9.81392
-0.442544
-2.90293
-0.394678
-0.765301
-3.35698
-0.534878
-0.481258
0.244019
22.2955
-3.53117
2.75939
-1.25259
-1.44433
-0.174401
-0.0163817
2.13295
-29.308
-0.699502
-0.583805
0.367476
-2.88103
0.612847
-17.652
0.395746
0.240325
1.11239
-27.5362
149.368
15.9519
0.186962
-0.657597
-0.27877
-1.37388
-5.44292
0.154339
40.4748
-0.263257
-0.153694
-1.21128
1.08953
1.26382
-0.559212
0.0139983
-1.57179
-4.86074
-1.63276
-1.21588
-0.680073
-0.933231
-0.236322
1.93384
2.17285
-1.39185
-0.182912
-0.00555791
-0.380392
-0.378981
-1.19802
-0.835943
1.68637
1.69367
-2.24254
-5.44605
1.85839
-9.46689
-0.705541
-0.695838
-0.668444
0.269605
-0.220826
0.472733
-0.842701
1.92561
17.4573
-0.427583
-1.66882
-0.661197
-28.2035
0.470459
-1.00845
1.72619
-0.544683
-6.519
1.76346
-0.2532
2.13118
-1.55234
-0.458155
-1.68732
0.946858
0.768434
1.64608
5.1863
-0.0882174
10.2504
-0.301178
-1.26897
2.36124
3.21092
0.257514
-9.21025
-0.100629
-1.46212
5.30954
1.84744
0.799973
-0.877756
-1.74797
0.578867
0.701125
-0.416525
-0.719691
-0.0375853
0.183952
-4.47863
-0.256804
-1.57484
0.767362
-0.92137
3.95429
0.465369
-7.06854
2.32905
4.5217
0.317217
-0.825202
1.58659
-101.625
415.771
-1.2677
0.559237
3.06081
3.42526
1.28803
-1.43292
0.668033
1.27596
-0.0762275
-0.481624
1.41722
-1.39642
-0.177302
9.6266
-0.12015
3.18312
-1.29928
7.31752
5.59458
-1.85296
4.38184
1.62692
1.81566
-2.05163
0.489376
0.618862
-39.0109
0.983643
2.0346
-0.746221
-2.62277
1.61199
-3.05544
-4.87252
-17.0706
0.265982
48.3913
0.417528
1.52497
1.30256
0.373295
-0.3479
-0.82586
0.0341667
-1.55032
-0.163979
-0.0197709
0.224156
-5.47031
6.83218
0.365257
-5.70114
-0.277198
0.945418
-0.695031
0.442684
-0.0929144
2.08178
-1.66813
2.2475
4.44911
2.03733
0.498703
-0.838279
-4.21603
2.41058
-0.194092
-3.65433
3.30834
-0.787768
9.26507
-0.488012
-0.624498
0.215292
0.26489
1.14777
-1.16541
2.84588
-0.964161
1.42205
-0.516801
-0.104038
0.207229
-0.602411
-0.437833
-2.24061
0.783388
-0.40858
0.585053
0.613546
0.00320268
-0.832653
-2.12019
-0.929373
-4.32017
-0.221615
2.88191
7.37821
2.95444
-0.820693
1.42971
2.49248
-0.592289
1.30789
-2.22922
-0.736259
4.40598
-0.308808
-22.2791
0.471331
1.5898
2.49393
4.8099
0.744647
1.61192
-2.71562
3.73989
27.0232
-1.538
6.99149
-2.6809
-1.94389
-7.73913
-2.60644
-0.817448
-2.32719
-0.312737
12.0214
-0.293983
1.29952
-0.110481
0.249422
-1.48972
0.986053
1.28867
0.318905
-0.405043
0.559692
-1.13633
-0.473421
1.25343
-13.3544
3.99102
0.922355
-0.305737
3.5292
-0.0120745
-0.998418
11.5886
0.82716
-0.0441927
0.507563
-1.6183
0.229968
2.65711
7.30922
-5.79015
0.213856
0.356204
6.78154
0.722121
0.152904
0.0108715
-7.3452
0.94752
-0.339683
1.38056
-0.817971
3.9424
0.212048
1.45968
-0.707024
1.28532
-2.47553
-4.7658
-0.662309
0.544574
-0.46361
-0.646279
-1.01783
1.17807
0.891092
0.346285
-1.12932
0.00112163
1.67847
-0.24457
-1.50959
1.04649
2.68054
-0.317492
0.489658
0.0362671
0.134972
2.09245
62.1931
-2.65935
1.04003
-0.177553
-1.06505
-30.9415
0.554025
-1.09659
1.00858
0.67448
-3.26364
-2.44182
-0.880409
-3.05677
-0.0583059
7.31407
0.204809
-0.208911
-0.305484
-0.179605
0.472918
5.18267
0.442515
-20.5387
0.307089
-0.895003
-1.21992
1.52607
-2.18302
0.76177
-2.54306
-0.278732
-0.529259
13.5417
-1.85871
-0.449344
2.33607
12.0311
-0.411501
-2.72427
0.461637
8.43084
-0.105234
4.52961
0.188743
-0.389709
12.8671
1.08933
-0.142843
1.05656
-1.65907
-0.717041
-2.1235
-0.692372
0.284514
-2.86285
-0.584264
0.0136766
1.76448
-1.22539
1.08775
0.266784
-0.583862
0.498307
0.664366
-0.577188
-1.11596
3.89039
0.96775
3.87177
0.503702
1.39128
0.213296
1.15476
-1.66931
-0.796474
1.32817
-4.72971
0.541618
3.88867
-0.747656
-0.347175
0.714576
-0.480668
-0.228259
-10.1935
-1.06033
0.921168
0.112029
-0.747759
0.323143
-9.26608
0.729939
2.29371
-1.08651
2.4338
-0.646057
-2.88881
3.09233
-2.06378
-1.0148
-0.0526555
1.78728
0.790447
-5.70578
42.2163
14.2149
0.663084
-3.95634
0.253511
-0.0525592
-2.37076
0.777417
-1.10508
-0.37985
-1.33541
-8.73471
1.27911
-2.32185
-5.09759
-2.37838
3.03388
0.277657
-1.27359
-0.930435
2.29507
1.58739
-12.4179
-0.0178141
-4.20226
0.00582271
0.343267
0.139735
3.21601
0.00935996
-0.14631
-23.0637
1.6606
-0.20742
1.01533
0.16227
-2.53472
1.039
0.904944
1.70656
-0.901871
-1.05739
1.02408
-0.0751301
0.284988
-0.889472
0.354887
-2.14069
0.435465
-0.82039
-4.00723
-0.550561
0.797759
-0.446994
-1.60086
-1.37119
2.78447
8.56597
-0.287552
2.62261
0.0132153
-2.65629
1.18955
-1.1386
-8.13547
1.51903
0.237494
3.35063
-1.91721
-3.07007
0.45759
-0.910422
1.27223
-0.535104
4.74733
-2.2525
-3.15306
-0.621665
0.298782
1.74614
-4.08135
-0.0612257
-7.60343
0.163482
-1.05952
0.493676
-0.384853
0.171938
0.30012
-2.28924
-4.17054
-0.337546
0.152298
0.163134
0.917696
0.063287
0.623694
6.44351
5.0545
0.496973
-0.0363717
0.832839
-2.10418
2.20857
-0.2714
-1.1373
1.20643
-2.366
-15.2013
2.23068
-17.9368
-0.886869
1.22261
1.02313
-0.614384
-0.853932
-0.565174
-1.91981
-1.33931
1.24006
5.86264
-0.245878
73.8475
0.715072
5.7341
0.756475
-0.312431
2.33439
-0.652009
-0.552578
0.67751
-0.315308
0.940413
-0.810968
-5.65751
-0.39631
0.64925
-0.0698261
-0.0760695
2.00778
0.323207
-1.28668
-0.115575
3.52147
0.664213
-0.941916
3.00511
-0.436905
-0.881028
-0.234639
-0.111458
3.99246
-0.159863
-0.481844
-0.561027
-4.14146
-1.23352
-0.632014
-0.845091
-3.00747
-5.52012
4.16755
2.27245
-0.120029
0.738891
849.777
-0.3848
2.03997
-0.507445
1.56531
3.32738
-2.41191
-1.25882
0.512178
19.0834
-2.669
-0.792637
1.41431
7.11779
0.432639
-1.55027
-1.60736
0.716034
-0.410372
0.808059
-1.3172
4.93847
-0.337275
-0.0546022
-0.703396
-0.575783
-2.03906
-0.433533
-4.00391
0.764813
-4.19798
3.23233
9.07
-0.969001
-3.2117
0.968691
-0.0974294
0.401739
1.29838
-0.116562
0.0626347
0.253902
-0.0644767
-0.753439
0.846588
0.535709
1.55817
0.258519
-1.53879
-0.128639
0.786823
-1.20416
-1.36927
4.32656
0.224068
-0.880945
-0.245809
4.27944
-1.5232
4.08416
1.06431
-0.561591
-1.72506
-0.446526
-0.27586
-0.147511
-0.890901
2.35109
-0.49608
0.304498
0.504833
-81.8048
-0.668386
4.63027
0.201947
1.51651
0.940492
1.71704
-0.400198
0.750054
-0.379687
4.33828
15.0245
-1.40319
3.01298
0.795948
-1.03359
0.2768
0.464793
0.752145
0.177565
-0.230817
-3.56051
0.364919
-1.12397
1.18162
-0.347217
5.187
-0.926278
1.71496
0.289806
-0.601769
1.52656
2.19862
-1.87157
-0.169663
-4.70879
681.177
-1.92128
7.55191
-0.450448
-0.639922
-0.201243
-3.66188
-0.744105
-5.96621
1.09684
0.726245
0.95317
6.10284
-0.498643
0.0703734
2.58076
-0.894034
5.62425
-0.100709
0.341406
6.62597
1.94641
-42.4289
0.784923
0.470066
0.478944
-0.549697
-15.4705
-0.996564
-0.746537
-0.380909
-0.670312
2.81614
0.0238071
-3.74232
-6.50039
0.0879852
1.13866
0.209328
-3.25863
1.25934
0.866348
0.616875
-0.652126
-0.554314
0.724424
0.332547
0.466857
-1419.78
-13.1773
-0.0695447
2.95947
-0.576347
2.12539
-0.0489681
-0.13188
0.128867
-11.8233
0.868032
2.01719
1.03559
-0.570071
0.191317
2.89352
-0.810427
0.0061241
0.750365
5.22489
0.368178
-1.59172
0.807187
1.77586
-2.62066
-0.341241
-0.852767
0.709027
6.43735
1.64333
1.26793
0.20008
1.83748
-0.779662
0.524214
-1.51135
0.114762
0.270578
-2.23346
0.578459
-4.17201
1.91421
-0.68392
1.65633
-2.08931
-32.1507
-1.04753
0.460772
0.515673
-0.791265
-2.28728
0.0977948
0.755562
-0.123696
0.271054
0.471462
3.84915
0.365379
-1.9783
-2.06079
-0.430399
-0.959396
1.24195
-0.0346796
0.502185
9.34745
4.89976
-0.00343895
-13.7559
3.06163
-0.596905
3.07674
-0.625973
-0.878662
-4.30522
0.296053
0.682289
1.1555
2.75938
-1.47937
1.91736
0.434617
0.218599
-1.9999
0.122761
0.490328
0.0543121
6.23158
0.97764
0.501002
-0.109361
0.226954
2.64212
3.36764
-5.866
40.6392
0.252108
-4.71884
0.126997
-1.13927
1.12318
1.86267
0.372757
-0.656616
0.457232
-2.88714
2.03498
0.990439
-2.88121
3.90102
-1.24334
0.262873
0.27154
0.246578
0.979928
-1.13658
-0.958698
26.6041
9.18048
0.0333028
0.644121
-1.64954
0.997872
-0.431017
0.389787
3.44315
6.55775
-1.55111
0.0674549
1.66777
-1.62901
-0.40274
-0.838696
-0.42499
1.06795
-9.15563
-3.30949
-0.448001
-23.552
0.568301
-1.3328
2.80655
7.67787
-4.67487
0.482106
-0.898034
3.46337
4.64698
-0.0314167
2.04046
1.66125
-0.276265
-0.271094
0.90668
-12.1557
1.38314
-0.193502
2.14418
-0.519508
-1.78669
1.13805
-3.66336
1.63031
-0.637305
15.4541
0.629389
1.28367
-141.621
-0.645674
-0.879167
0.323343
-1.286
-3.03635
0.467334
-0.176637
-0.523768
-2.02781
0.377481
-0.206303
-1.4382
-4.02849
-0.578553
16.6999
2.15443
-0.637017
-0.47685
-2.99751
-0.504476
2.39886
0.134661
1.68203
0.885965
1.38157
-1.01436
0.152064
-8.92863
0.553186
-2.1037
0.529949
2.90423
3.88496
-2.41522
-16.8061
-0.706228
-0.0738032
1.14165
4.28759
0.130103
0.182412
1.93597
0.584233
0.140801
4.58201
0.548657
-2.04329
1.85298
-2.09327
-0.372877
1.35998
0.827642
-0.61192
-4.4186
-1.08813
23.3069
0.178053
-0.0523631
0.643281
-2.87606
7.36509
-0.549842
4.49204
0.181012
1.76652
1.68085
-1.19174
0.18021
0.207334
-0.737561
-0.913931
1.18733
-0.033774
-9.64617
-0.425259
0.573466
1.03226
-0.527852
-3.25664
-1.98187
0.700513
0.462409
-0.78855
6.78748
-1.48325
1.31173
2.01419
0.705963
-0.0233437
-0.227568
-2.89952
0.0585406
-2.76967
0.68467
-4.48718
1.50368
3.49897
1.44314
0.63102
-2.70306
-2.39092
-0.438768
0.673751
5.07778
-2.18512
-0.993099
-0.872579
-0.47924
-1.07401
1.59328
4.31818
0.749815
-1.72551
-1.62233
2.91511
-0.904964
-1.38333
-0.538484
12.6072
-1.49626
-0.81312
-0.0234768
1.21362
0.0228753
2.05735
2.93511
-1.57307
0.691121
0.850973
-0.449236
-7.81921
-0.450695
-0.721811
-0.820142
1.99122
-13.0911
-2.69751
2.59467
-2.78417
0.803472
0.787465
1.10443
-8.14003
1.21494
-6.40761
-1.16048
1.17151
-0.492746
-2.44415
15.3015
0.320147
1.04738
-2.90824
0.309963
-1.1928
-0.113726
-3.91877
-1.98242
2.28185
-2.50159
0.245584
-0.39405
9.09063
-0.430626
2.26711
-0.541877
-1.15163
-1.30955
-0.127076
-0.608462
-0.0244399
0.377887
-1.90925
0.477415
-1.16023
4.1271
0.239556
-0.0873473
-0.0227582
-1.93082
-1.75588
0.562495
-4.43645
-0.215278
-1.04304
0.417079
0.241762
-0.0793749
-0.650694
0.0403508
2.49951
65.7075
1.86103
-4.28706
0.731436
-1.89859
-0.431275
-1.56218
-0.831184
-4.69625
-1.41073
3.94365
0.130048
-0.0563202
-9.1885
9.94758
1.06947
0.517763
-0.196738
0.00626889
-6.30173
-5.39292
-0.953408
-1.10778
-0.916749
-7.46094
-1.22002
2.01826
0.347617
0.341055
0.651671
0.966275
1.19062
10.9288
-1.05783
-0.0342908
7.1028
-0.452808
-1.95168
0.461845
1.64003
13.0046
-0.393941
-2.2752
0.28927
1.78382
-0.438611
-0.352161
-154.688
-0.0271808
3.22694
8.18089
0.646177
1.50324
-2.03867
0.857224
-2.06436
0.0411668
-0.473942
0.0188544
-2.37
0.300127
1.05588
-1.78465
0.391112
0.135198
1.09536
0.952953
0.794232
-0.0987795
-0.300545
-0.057131
-17.3765
320.628
-2.69298
1.16824
1.41725
2.43154
0.61079
0.382947
-1.14236
-0.491893
1.37409
10.8879
0.924609
-0.187159
-1.04017
8.24669
1.36841
2.44095
-2.01466
1.26039
-0.730738
-0.771745
-13.0127
-1.32127
0.641364
0.246745
0.0855269
19.127
9.40364
-1.16498
0.14582
-2.22008
-32.6745
0.0259345
-0.787072
-3.21755
0.689809
-0.847004
-8.33564
-35.176
0.707868
-0.122498
0.284478
-1.97986
7.21183
-0.571321
-1.4123
21.2323
1.50004
1.18246
-1.86314
0.158854
-1.87662
5.88714
1.2269
0.507432
371.583
0.644881
-0.223878
0.46902
-0.7508
0.566096
1.29722
0.854142
1.38589
0.0466662
1.15068
-2.77979
-3.85798
-1.99621
-3.23348
-0.56764
-0.210209
-0.46812
-0.259273
3.43642
-1.98472
-1.05623
2.73525
-2.67197
1.0412
6.94539
-1.15059
4.71107
-0.780875
1.6672
-0.773631
0.207476
-0.425905
-0.931189
0.648707
-0.0756933
2.5891
-1.29876
-1.64003
0.517665
0.216073
-100.82
1.57531
-0.455803
0.865174
-0.299375
1.80048
1.22466
1.59435
-0.710073
-1.61351
3.70644
-1.13055
1.21772
-0.973029
-0.489031
-7.80866
0.436183
-0.0737626
0.810893
-0.506515
0.00273394
1.04739
-2.55853
0.0908394
1.46107
0.204619
-0.319589
-1.85134
-1.6303
-6.07814
-0.416495
0.0188519
0.795978
-0.962442
1.37804
5.75438
-0.0289683
-1.85658
-0.138735
0.105371
1.53848
0.501803
3.34875
0.138954
3.34546
1.44336
-0.945842
-1.21364
1.39035
1.56578
0.089972
1.22648
-3.10852
-1.32125
0.301615
-0.168342
0.618242
-0.0830331
0.237565
-0.383982
-0.41159
-0.586149
-1.23126
1.05306
0.563553
3.29052
2.29471
-3.7967
-41.3032
-2.00951
1.04755
-0.69881
1.45651
0.958254
0.638907
-1.17139
-1.59782
1.1639
1.7744
-2.37108
-1.2339
1.65612
0.706399
-0.396625
0.488574
5.37521
0.943871
-2.49659
-1.8839
0.395079
-0.630234
1.3302
0.186677
-0.0351138
-1.18232
10.2658
-0.34981
2.11271
0.782164
-0.569621
-1.39372
-2.17675
-8.71811
-1.93713
0.289877
0.816281
-0.694271
-1.87993
-0.0133889
-0.607136
-0.846278
1.72422
52.715
-1.33733
0.540128
1.48114
0.687669
0.149377
2.2666
0.229092
-0.0637364
-2.5646
2.46908
7.77531
-8.84065
17.4683
-0.144991
1.2427
-0.583381
1.45042
-0.845106
2.57664
0.0286732
4.40149
0.114642
1.6412
-0.029842
0.824727
-18.7141
0.935916
2.51521
0.209622
0.437445
-6.18187
0.592615
-0.0590318
81.3218
0.732318
-2.39885
-1.0445
-19.0326
0.713472
-6.02755
0.647097
1.60385
0.318199
-0.172321
7.48178
0.488292
-0.0999776
2.03216
-0.389348
5.00614
-2.15857
-1.04524
-0.16597
-0.0907712
0.0379726
-2.03278
0.409473
0.316002
-4.73479
3.44098
0.144645
-3.56311
0.862499
-0.224259
6.933
-2.76672
-1.07458
2.4803
0.134827
2.60464
-1.26585
-0.215168
0.6083
0.535673
-0.788582
-1.26261
-0.00186343
0.704341
-0.564123
-2.83698
-3.41812
2.68908
-0.879751
-1.5424
-0.809421
1.5515
0.140543
5.36371
-0.0410359
0.65403
1.5975
-2.6896
0.0298071
-0.552358
-1.23021
-1.35785
-28.8899
-53.9288
0.2188
-1.12309
-0.0963659
-1.71588
0.316582
-1.56453
1.27475
1.91819
0.706155
2.05639
37.706
-1.2806
-17.2141
-4.77852
13.5851
41.8446
-0.0631559
2.24066
-1.36221
0.486913
-0.230998
0.260464
4.38855
-4.48828
-1.19637
0.705254
0.514725
0.561
2.66642
0.361754
-0.019551
-5.17216
0.106263
-1.80932
-1.98214
-6.22685
0.331297
0.0252837
3.63387
1.26501
-202.28
8.48054
-0.611099
-0.201878
0.363638
-3.60168
1.42704
-2.42251
-1.36825
0.0787525
3.18757
1.39373
2.41415
-0.486456
2.5731
3.01099
0.737833
-1.65563
-4.15352
-4.95276
0.96391
-0.225368
1.51077
2.58262
0.115741
2.50892
-3.74484
8.20699
-0.987202
0.139602
1.26345
-4.93058
-38.7851
1.25724
-4.68987
0.469517
0.140416
-4.83056
-0.437279
3.02647
0.00917363
-2.16851
0.956374
0.879893
0.318026
1.16446
-0.408286
0.546567
0.37604
-3.56485
-0.064872
-0.856981
-2.11292
-3.14301
-0.818278
-0.580158
4.4151
-1.19629
-1.20985
-3.55186
2.39626
0.34472
4.20101
-3.59853
-0.0955301
30.4165
-0.027894
2.35032
1.57133
1.49676
-43.9588
-0.665589
-0.838094
-2.45681
6.62506
0.387434
-1.64136
-1.65629
0.984727
-1.4794
-1.69217
-2.1092
0.0827326
0.0327458
0.73144
-1.66807
3.43693
0.37402
0.643353
0.757846
2.22875
1.94032
0.314421
-0.984092
-0.818649
-1.3498
-0.0713361
1.43801
6.57988
-0.401864
-0.717207
-0.69054
-0.545727
-3.07941
-2.81496
7.24636
-3.26848
-0.686362
0.181093
-0.61172
-0.915346
-0.559357
0.333738
-1.46107
13.2086
-0.508389
0.667737
0.0884377
-1.11206
3.51282
-2.11722
1.77954
-0.246612
3.4347
0.389521
1.43576
-9.52664
0.121856
0.146253
-1.14421
12.3434
-2.27994
1.49897
0.133665
0.757633
-7.62363
-0.392552
-6.92473
-0.0326286
-0.127301
9.06949
1.40032
1.02224
-0.380476
-0.961663
0.490793
-0.59875
-6.40476
-0.582224
2.44249
-1.48306
-2.77934
-1.73309
-6.35021
-1.02029
0.861116
-0.331927
-0.901432
-0.894419
0.126597
0.164018
0.353822
4.67989
0.324343
4.48065
-0.855054
2.2072
1.15912
-4.40721
2.06131
-1.28624
0.102811
2.94087
-0.0503649
65.8283
-0.34561
-22.018
4.58585
3.11313
0.0350625
11.2661
0.908834
1.27916
0.648128
0.179903
2.74992
0.233428
-0.148442
-1.76027
1.52847
0.505217
0.144326
-1.27174
14.5679
-0.417364
0.181255
-61.6331
0.125271
0.558409
-0.519724
-2.02206
2.26436
0.447713
2.04326
1.28515
-2.72504
0.367066
0.535985
-1.3756
-0.852947
-2.25328
-2.04869
1.67648
-0.840976
-0.570729
0.386607
-0.691264
4.91535
0.525807
-2.68516
-1.97435
0.826933
-1.82889
-0.584072
-0.11322
2.11105
-0.749328
0.351627
0.99342
2.7443
3.43846
-2.20001
-0.565218
-35.2526
-33.4542
11.0601
-13.7756
0.724078
0.71015
1.01259
-6.29556
-0.430166
-0.457582
-12.7861
-1.54052
-3.56852
3.7679
-0.529433
-38.7609
-1.14411
-4.29346
2.07443
1.40104
1.05137
-0.427261
-0.823986
2.03121
0.91507
-1.96834
0.396729
0.67336
-2.10188
0.159825
0.599826
2.24594
-1.0008
-0.894255
-3.49564
-0.406789
-1.31396
-0.779934
-0.0144759
-0.42935
-0.932457
-0.27971
0.812959
-26.5344
-0.595953
-1.21285
-1.52216
-0.150487
1.24141
-1.66034
2.58803
0.161074
0.448187
-0.201761
-6.49345
-1.12241
-0.115715
0.00453725
0.258749
0.559824
-0.936523
2.43352
1.61624
-0.0567493
-1.68794
-189.885
-14.3848
-5.70399
0.168848
0.142637
0.121068
-2.80436
-0.331739
-0.289762
2.58906
-0.799148
1.11477
1.87044
-3.5211
0.319564
0.262316
-1.6172
1.27706
0.200781
-0.652968
4.06196
0.5225
-3.67096
2.17678
-3.37622
9.75463
2.39256
0.0111728
-0.410584
-0.233141
0.319268
-0.365336
-0.992566
1.12091
-1.07283
2.32024
-1.24563
-1.01804
0.288688
-0.273796
3.57776
-0.724503
-27.3672
-5.80605
0.516043
1.59097
-0.544056
2.27313
-0.524408
0.12583
0.659865
0.705962
-1.57415
22.3412
1.05474
0.740852
0.209377
0.0987342
0.884004
1.69136
1.15485
9.0098
-0.0302052
0.606419
-9.746
3.02622
-1.97006
3.03207
0.459794
-0.123879
-3.39419
0.0910209
-1.08461
0.0395063
2.25703
-0.129208
-1.36459
-0.0254788
0.480685
0.986958
-2.47675
-0.334957
1.65261
1.00299
51.9963
-0.136819
-0.820135
0.125896
-0.344949
1.6178
-0.260825
-0.969321
0.316652
2.09784
0.864469
-0.839868
1.45677
1.51333
0.531566
-0.746639
-2.19488
-4.17525
13.0506
-0.683957
0.241951
0.777302
-222.339
-1.90736
0.0919733
-0.884472
-1.05919
-0.170735
-1.24755
0.0367719
-1.2201
-0.0357113
1.89118
-2.10739
-0.00416058
-0.348551
1.30055
-0.597359
-0.0502323
-3.27666
0.966296
0.160472
8.99256
-1.76949
-5.48028
5.13577
0.468657
-0.198604
0.433346
-1.19455
0.0295246
9.29287
0.479087
-2.67861
0.2489
1.76038
-0.32054
-0.130005
-1.58208
-0.125923
-0.709133
-3.20109
0.364428
-0.00903213
4.93936
-0.246366
10.0152
3.0799
-1.8156
2.89048
0.163464
1.27216
-3.08728
13804.3
0.780414
0.0740577
2.26453
3.13654
-2.36889
-14.5735
-0.303791
-32.049
-0.300874
22.263
0.258253
0.664902
0.76831
0.434927
0.652022
0.631199
-2.9972
-3.37673
-6.34458
1.04342
1.75194
-4.01301
0.00920908
-0.192757
2.18739
-5.75879
0.28122
-5.63352
3.19271
-0.442826
-0.0540234
-0.360802
0.109198
1.49034
0.681195
-0.0789228
2.97638
-0.427042
1.36041
-0.554363
0.496346
0.202737
-0.793667
-0.883986
-10.8657
2.28054
8.11813
0.990351
-0.0477503
-0.736494
0.553044
-0.729618
7.03722
2.63609
0.353515
0.501045
-0.49014
0.411103
1.23979
-6.40372
-6.60914
-0.0842514
-2.46857
0.674203
-0.217324
0.682562
-9.22994
-0.143889
-0.50493
1.56149
-0.888965
0.204824
0.130746
-1.88262
-0.792331
-0.383543
-2.11042
-0.163516
-0.342893
1.09726
-0.505394
-1.17206
-0.802351
-0.794222
8.10348
67.2457
-0.696142
1.67717
-0.123646
0.134182
1.66872
3.99229
-0.751954
4.86224
0.259839
-0.415413
2.7735
-1.00268
-0.956138
0.679613
1.31748
52.7121
-6.08627
-0.428991
10.8714
-4.44432
1.94325
-1.03043
1.82831
-0.594282
-4.08613
1.37936
2.05993
0.628835
-0.53371
0.275244
6.30539
-2.41199
-2.09013
-0.414574
-1.48124
6.03969
0.365183
-0.546746
2.04796
0.291932
0.377025
-0.665435
-3.087
0.269682
0.353513
0.0851168
2.06622
-0.997079
1.13891
-0.591741
-16.557
0.379025
128.642
0.943893
0.908902
-1.15958
-1.45457
-0.85189
0.375762
0.535373
-0.605008
-0.720598
8.11856
-2.60783
1.69526
-0.101818
0.346025
-1.10632
2.97493
1.66403
0.560386
0.376286
-0.177528
12.7853
2.52514
-7.50447
0.725851
-0.196884
-5.21973
-0.793857
3.38493
2.02867
-2.55757
0.54174
0.52555
3.34798
0.304046
-1.07393
0.252652
-1.88466
-1.51384
3.53196
2.45564
0.687644
6.53349
-7.38347
-0.34105
0.770317
-3.19465
-0.725796
0.0859849
0.344219
-0.302497
-0.901053
2.19672
1.10178
-6.88533
1.41219
1.48199
-1.33211
-1.57308
0.37109
-1.52296
0.717305
-0.951803
0.079004
-1.1532
0.159351
0.0154276
-5.19246
-0.893273
-1.63875
0.724023
1.56876
-3.3181
0.035549
-1.05656
1.30823
0.437024
0.136003
-2.30878
0.817702
0.140196
1.13223
0.891376
-0.210637
2.90733
0.721649
2.94672
0.0303178
0.0162471
0.66757
-0.409497
0.315361
4.2718
1.13095
-8.31351
-0.394344
3.52546
-0.335052
0.114998
0.501762
3.02886
1.28528
-0.417946
13.4413
0.50941
0.323592
-3.68773
-1.79027
-1.09121
11.5313
-1.29586
-1.39085
-1.25848
2.33187
2.15619
-1.05401
-1.95501
0.159193
0.078244
0.503169
0.280181
0.901564
1.97339
-0.197009
-0.685762
1.98826
-0.040373
0.868868
-0.0631729
0.144281
-1.20358
-2.68497
-0.310268
1.98458
-1.56695
3.04046
-0.339728
-0.365643
0.121039
-0.0736611
-0.205362
-0.0435607
-1.24814
-90.3458
-1.90761
0.348359
0.0314229
-1.81329
-1.44426
2.05172
1.20997
-0.278702
1.46321
-3.55812
-0.477709
4.97243
1.18423
0.820632
-0.900807
-1.02463
2.69327
-0.184004
0.603331
-0.166697
0.119851
1.32136
-2.10331
2.50121
-6.35802
1.03793
0.519566
-44.9611
0.683367
-2.51997
-0.548325
4.03043
5.3727
-0.268332
-1.20998
2.22485
-0.911392
-0.579722
-0.923558
2.01406
2.35392
-0.18307
0.401918
-0.756871
-0.233622
-0.516278
6.88811
0.390258
9.88395
-1.7179
1.68882
-2.57401
-2.59923
-3.5692
-0.604693
-1.90479
-0.424415
-0.0601365
1.59391
-0.31409
0.21784
17.3728
-0.264812
-0.523275
-1.06518
1.47484
-1.49084
1.1391
21.9329
-6.87828
-7.58752
0.270194
-0.00328104
-0.293926
1.80463
-1.36574
-2.10097
6.91043
2.48534
-0.351729
1.93183
2.49217
2.06052
-10.2728
0.572236
-0.746244
-2.50202
-0.635259
-0.440848
-0.0622922
1.08027
4.96396
-0.68888
0.540328
-46.7799
0.306623
0.686693
2.4358
0.186695
4.46542
0.947236
0.487084
-1.99943
-0.735042
0.564976
-1.30565
-8.57138
1.0372
-21.4129
0.935828
-0.779893
1.6569
1.87181
0.523695
0.854701
0.351347
0.329902
-0.122419
-2.33151
-3.77984
-0.101116
-0.525208
0.803097
-0.72431
0.136489
-0.940746
2.04016
1.55066
-0.533351
5.31088
372.438
-1.81508
2.94086
-4.18418
1.98803
3.13963
0.157385
4.17897
-1.97609
-3.19504
0.507402
-1.78746
0.088989
0.903917
-0.105005
-2.94243
0.445687
0.216198
0.377804
1.60044
0.0314408
-0.56194
1.37716
-0.663615
-0.696595
-0.491749
1.59546
-1289.33
4.31356
137.499
3.03264
6.35664
0.247089
-0.369279
0.146452
1.32372
-0.953534
0.375182
-1.61262
-0.584121
-2.14853
-0.285174
-32.4103
4.23802
2.79861
-1.86215
-2.57624
-0.0617204
18.7985
1.36852
0.428484
0.618118
0.905421
-0.0130805
0.696381
1.68404
0.115235
-2.09465
0.00223316
0.209818
-5.66818
-0.500475
0.102246
78.6774
1.55662
2.10068
2.34032
0.320324
-0.817798
41.235
6.99624
1.30073
-0.12974
-0.329418
-1.56072
-0.719432
-1.12225
1.11085
-0.203457
-1.12494
-4.049
-1.94104
0.0555824
-0.156109
-0.46328
-0.578528
0.045482
0.510704
9.99916
-1.28751
-0.563633
2.76238
1.08594
-15.171
5.14412
-0.398373
1.58848
1.55943
0.141018
-2.37567
-1.59099
-1.81258
-0.0737295
-3.1984
-3.10252
7.99885
2.56051
-1.43811
-4.2146
-0.36208
3.87537
0.510261
-1.96577
-0.0652249
1.12616
-0.113731
0.0398741
0.588191
0.921491
-3.55305
5.86014
2.47034
3.74839
-0.790549
1.42703
0.930183
-0.455908
-21.1472
-0.944717
0.887041
-2.35734
3.27139
0.0650698
3.30153
0.984549
-2.14938
-1.49351
1.65366
-4.86452
9.31075
-0.54821
-1.7741
-2.67023
5.49902
-0.66762
-1.74409
0.203027
-0.634825
0.333599
-0.216634
0.461782
-8.42645
-1.0678
1.29013
0.277328
2.00257
0.28407
-0.949527
-1.00873
0.310568
-0.576643
60.959
0.307903
-0.588512
-0.204332
-12.0401
0.573317
1.011
-8.32968
0.294552
-0.763295
0.211698
-2.42021
0.851853
0.217249
-0.662987
-0.564616
-0.0064827
-1.39106
0.707214
1.15911
1.05148
-0.419706
4.16668
2.86513
-1.13561
1.15683
-5.16813
16.9185
1.36013
-0.848086
0.0319084
-4.59339
0.584596
1.8816
-0.350906
4.92226
-0.86466
0.0884517
-0.347242
0.0409011
0.512152
0.572405
4.76701
1.53859
-0.473197
-1.28624
-2.33398
-0.405641
0.550941
-0.751988
-1.93434
0.120183
-1.07718
1.38081
-0.413697
4.53615
-2.31653
5.51195
-0.20248
-0.0614911
0.642043
2.79249
-1.06699
3.37148
2.24397
-0.76147
-0.657769
-1.06897
-3.68744
1.55291
1.32107
-0.602326
0.00665538
-2.28733
-0.846123
-0.870299
-1.97657
1.44965
4.27643
1.01797
0.150281
0.0549835
0.400321
-0.930462
-3.38098
-0.15981
-1.54062
-1.1095
-23.5142
0.0199995
0.200179
-332.308
-1.08407
-0.770382
2.13146
-0.0639068
2.68085
2.24309
0.819928
-2.87721
1.09789
1.36838
-1.3149
0.755714
-0.87577
6.31102
3.24641
-1.35042
0.383015
0.247281
7.42475
-1.13555
-0.217803
-7.90334
0.523828
-17.9451
1.86563
3.1181
-0.456388
0.235249
2.82763
0.719008
1.7143
-0.250661
1.87074
0.91997
-2.87688
1.83207
-6.48354
1.58347
-0.0982661
-1.91618
0.0236633
1.0723
1.74121
-2.24882
-0.662484
-6.26866
-0.701278
1.89733
-8.76756
-1.0639
-0.42998
-0.681977
0.0316635
-1.41313
-0.578779
0.277421
0.126803
-1.24942
0.324396
-22.0806
-25.6927
9.45255
12.7713
-1.2635
0.479557
1.80562
-0.459022
-3.2562
-0.252996
0.101672
-3.16075
-0.28686
-1.43671
-6.60899
-0.168709
0.712134
4.61075
-3.79935
-9.45203
1.36039
0.411065
-1.20308
0.700087
-0.743976
-0.995542
0.00321479
-1.25983
0.986734
-0.550922
15.0679
14.2144
-1.85384
0.688983
-0.304869
-1.26635
-2.24389
-1.42856
0.334852
-1.57433
0.0341402
-4.39037
-0.624386
-0.193441
-3.48357
-0.615335
0.0538171
-6.40548
-3.02572
-0.785432
-0.247947
-3.60265
-1.31069
-0.456364
1.61877
-0.840669
-0.978018
0.19971
2.02145
-0.145333
0.0945973
4.29805
0.968194
-0.0535454
-18.6715
0.0980578
-0.101828
-2.16757
-0.905005
-4.88587
3.03506
4.7378
2.26442
0.947912
0.00741028
-2.72602
2.4349
-14.3732
-0.875675
-1.93874
0.139876
1.80463
-1.21929
1.02526
1.15467
-2.46177
-9.80114
-11.5664
-1.3652
0.0918452
-0.786628
0.00445895
0.399704
0.795292
-1.80026
2.10558
0.447989
0.754738
-0.696841
-4.85971
0.0569063
2.66605
3.76389
0.0225483
-1.17777
-0.672391
0.0697946
0.244909
7.84215
-0.105587
1.17869
3.82817
0.378829
2.11278
-5.81985
0.544128
0.956203
-0.469972
0.378459
0.123268
-1.38799
-1.09819
0.522976
-1.82465
0.178845
-13.3482
59.7843
0.926408
0.490402
0.331644
-2.00273
0.0174177
11.3774
-0.798639
-1.7528
-0.672421
7.95922
-0.454814
-0.194323
1.29648
-2.37445
2.18808
-0.601959
0.250463
-0.398385
0.537863
1.64431
0.00614886
0.270869
-2.02326
-1.28799
0.204673
0.698431
-0.828846
0.0703785
0.275954
-0.00819145
0.0166225
-0.904824
0.421572
-2.92117
0.541102
3.31016
-0.612775
0.981939
-2.02762
0.854633
16.7231
20.7299
0.310672
0.562264
1.61186
-0.105092
1.99931
1.21653
2.52297
0.750958
16.0982
0.820633
-1.11842
0.828064
2.38785
-2.0799
-0.725499
-6.35433
-5.06461
-19.6124
-1.82166
0.694149
1.03183
0.20791
4.31737
2.63154
-2.26025
0.969342
-0.361956
1.52245
0.134071
-1.05982
0.744427
2.59256
-8.72408
-0.283708
4.72662
-0.264543
-8.07792
-1.85346
1.36919
-0.668915
1.57185
-0.707643
0.460469
6.5883
-0.162542
1.15416
2.63781
-0.350866
-0.225733
-0.697017
0.551988
0.631826
-32.193
0.212196
-0.240426
-0.802257
0.0304918
-4.68241
-108.209
4.1125
1.72216
-0.144033
-2.78458
0.869473
1.55563
-0.703385
-1.61155
1.65583
347.202
-1.04567
2.26963
0.424214
0.131329
-0.0900018
-2.81814
-0.690415
3.16786
0.513516
0.743695
0.955849
-0.848508
-3.40187
-1.46377
3.76913
-11.2295
0.329258
215.76
0.96598
-139.447
0.309451
1.98407
0.743109
-0.280515
0.0255963
1.98582
1.3838
3.41828
-0.986872
10.9917
6.2444
2.12694
0.817419
-1.64076
0.559993
1.3119
2.25595
0.207593
-0.578412
47.0016
-0.89183
3.11448
-0.360492
2.6521
0.395016
2.22986
1.75725
-0.417927
0.825546
-0.0122177
-0.412337
-0.876926
2.82045
-2.25079
-0.34806
0.640755
0.322561
0.344285
-0.338276
0.0754154
-10.3273
-1.50877
-2.40545
-9.44431
1.29012
1.01586
-32.2432
-0.845304
0.578845
3.27346
-3.36181
0.823331
1.75295
-0.207239
13.3784
-3.24352
-1.99246
12.5938
22.3881
-0.211818
1.33973
0.63723
-0.737075
0.253428
-1.45259
-0.148774
-1.62754
-6.07438
4.8583
-2.35869
0.408375
-0.276854
2.73505
-1.05299
-8.72622
0.181935
-1.03741
2.86557
0.162519
1.00141
-1.28393
-0.526733
1.17785
-0.0757476
6.94058
-1.09443
-0.071852
0.862368
0.891152
1.89606
-1.18844
-112.125
6.48483
2.40272
0.0904696
3.54659
0.0135056
-4.79732
2.85539
-0.0669801
1.26562
-0.0223268
-0.0625146
0.0651271
-4.86573
10.3703
0.477951
-0.405483
0.283747
0.579218
-0.993975
-10.1767
-1.07977
9.21096
1.939
5.96482
-0.160057
-0.88561
-3.65955
-0.0191481
-1.71625
0.386938
-0.288364
2.96189
1.45395
2.67911
1.2037
0.675348
1.02215
3.98301
0.214498
0.583731
1.15906
-5.57574
-0.316736
0.725966
1.28294
-0.274059
2.76943
2.16226
37.2191
1.09137
-1.38407
3.05838
0.76839
1.26538
0.72984
-0.679152
0.517341
0.254429
3.89998
-0.866565
-0.854455
0.918982
-0.144855
-0.335512
-1.68374
-0.417794
-1.06587
-1.34367
-1.59399
-0.194448
0.13711
-10.4894
1.57413
1.37072
-0.299581
0.639213
-2.84789
-13.5986
3.81881
8.01918
-3.3036
0.0802501
0.732245
-0.436893
-1.90401
0.14176
-10.6169
-2.54514
-6.56135
-2.46879
0.9134
-0.264498
-2.53949
45.0577
-0.316315
-0.293301
-11.6932
-0.110612
-1.56353
1.69128
-1.0641
1.13301
-0.705881
1.67382
-0.291525
0.890321
-0.22345
-0.318806
-1.97348
0.432355
-0.567941
-0.524854
0.848303
-4.68685
1.27592
3.06904
-0.0548467
-0.127751
0.711112
2.87131
0.539167
-1.34248
-35.8301
0.406014
2.8097
0.010639
-3.29831
-0.62141
1.63133
0.850389
-0.424444
0.351029
0.904681
-4.07608
1.243
1.55342
0.725923
1.88159
0.566051
0.877029
1.26249
-69.1876
0.37034
1.50573
1.35699
-0.664985
0.0314688
-1.13533
-1.59996
-0.416886
0.983019
12.8537
0.807031
-1.4247
-2.52573
-7.55797
-2.55211
1.78432
-5.90507
-1.02908
-1.48874
3.91898
-0.684588
0.048977
8.70248
3.61736
3.13821
-0.39027
0.616205
0.242668
1.48163
0.96588
-6.2168
0.774403
-0.881311
-0.972903
-0.475426
-1.25652
-5.60205
-3.19674
0.0707173
0.228761
-7.75962
-0.909559
-1.44845
-0.658171
-7.54447
1.45069
-5.63524
3.14316
-0.0367262
-0.939925
0.939514
0.936693
0.234606
-0.39637
-2.23821
-0.885172
0.773034
0.681387
1.76524
-0.368644
-0.585515
-0.66109
-0.645898
-0.868966
0.947083
2.00842
0.642362
0.748481
0.860936
0.91696
5.58151
-0.870411
-2.45974
0.455569
124.56
0.568599
-0.905628
-0.272171
0.230073
-1.42554
-18.5443
0.169758
-11.059
77.7568
-0.784585
4.08539
-1.19078
0.204769
-1.01378
0.480655
1.6675
0.911305
-0.955513
0.422455
1.81944
0.480947
-3.0782
-0.375323
-0.350537
-3.52232
0.403239
-0.377209
-0.866953
-1.08474
3.38281
0.747653
0.58245
-2.38298
0.802853
-0.575331
1.4577
0.640344
0.61435
-0.412441
0.715791
3.13275
-0.342355
-6.35541
3.21821
0.378458
0.698222
6.02554
-0.0765298
1.87694
0.90654
0.248882
1.83587
1.29811
3.08519
8.30668
-0.780022
0.297751
1.30701
-0.0762702
-0.332266
-5611.75
-0.683601
3.63594
-116.722
0.485443
-0.657036
1.17922
-0.975568
-6.53276
-0.292562
-0.639442
-10.2707
-0.364484
-63.1132
-0.791657
-0.949042
-1.98117
0.394883
2.42435
-0.277137
-0.537016
-0.708943
-0.286863
1.57411
-33.5595
7.70207
-3.27597
10.585
-1.47664
-0.59204
0.996647
1.22106
0.292081
0.675879
-6.76619
1.86293
0.260438
-0.726957
-1.01577
0.710144
10.7085
-0.371448
1.7709
-1.25123
-38.9287
1.53406
-0.641858
-1.04
2.13142
1.33081
0.216716
-0.398004
0.55106
-1.25872
0.883301
0.0428315
2.34793
5.30158
154.019
-0.911528
-1.07093
0.0536234
-0.210307
0.981161
5.60823
0.0384552
0.543593
-0.859332
0.856627
-2.32192
0.466124
1.34556
-0.282846
-2.19362
-2.12617
0.419847
-0.521325
1.81615
4.25666
0.310882
-0.100082
-59.6354
-3.86934
-1.40524
1.04443
2.3283
17.6834
-3.18751
0.872264
-0.659732
1.96163
-0.0316126
15.4055
0.509409
-1.25777
-1.24693
-6.68718
-1.30644
-1.17403
0.227232
-2.51692
1.0783
-6.18134
-1.33059
-0.306893
2.24662
1.3158
1.17503
-1.08148
-0.0261541
-2.86524
1.15103
-0.966992
-1.457
8.55858
-1.01412
-0.17581
-23.9908
1.26545
0.538435
0.701041
-0.141942
0.640948
-0.387164
-1.97936
-10.8826
-2.73951
3.14125
-1.364
0.0903104
6.69729
0.547129
-0.153148
-0.460545
1.99385
-0.149725
0.64306
-3.38837
13.1995
-0.993424
6.92298
0.662966
-0.18322
1.86303
-1.15665
-0.555224
0.463296
-0.339332
-4.21932
1.68031
1.23147
0.486679
0.755996
-1.29683
-0.411267
0.101326
0.908494
9.81377
1.5263
0.341741
-4.15712
-13.6965
-0.645478
-0.672522
-2.52126
-7.73906
-4.84253
-1.1375
-1.13969
-1.0241
1.93036
0.440114
0.958476
1.63169
-1.81227
-2.68359
-0.168311
-0.649186
-1.27703
-9.39758
-0.040517
0.818221
-0.0330882
-0.536861
-0.452756
-3.43751
-0.539803
1.79565
1.5829
-1.24987
-0.879331
2.60166
1.5173
0.0953979
-24.3286
1.49814
-0.703055
0.734154
0.495795
-4.83307
-0.767087
0.00516058
-1.81833
2.14456
-0.495593
-1.52475
-0.108909
-5.8475
-3.76675
-1.33961
-1.2403
-0.173264
-0.954438
0.123069
-2055.64
-0.331561
-0.270711
-0.393719
5.00388
-0.326892
-0.568605
0.442273
-1.05412
-2.56539
0.26397
-0.807889
2.23982
0.4104
-0.288451
-2.2058
-0.474577
0.217254
-7.8755
0.157232
-6.13836
3.20127
-0.156817
-0.516137
29.144
0.21183
-1.50746
0.700536
-2.27469
-0.988876
-10.5478
-0.561315
0.361475
0.202203
-0.865812
2.33265
-0.607594
4.27624
0.168762
3.01073
2.48022
-1.31553
-0.104158
1.99747
0.182671
-1284.87
-0.73561
-1.0034
0.308963
-0.743918
0.400023
-14.3523
0.530321
2.52825
2.29517
-0.897476
0.132022
0.0211316
-10.9062
0.153529
2.92823
-2.7047
0.076899
-1.45057
73.3766
-0.632639
1.8656
0.36148
-1.50928
-3.95381
1.15046
0.478695
1.68586
-0.732029
-0.509339
1.0018
-1.22884
-0.00752358
-0.613307
-1.22298
-0.0717395
1.88175
-1.06879
-0.18248
-0.255919
0.490608
-0.046708
1.04991
0.524712
-0.306339
0.730398
-2.07797
1.70296
-44.1125
-1.71515
1.27592
-3.2357
0.574763
-0.277096
0.931876
1.31907
-2.1549
-2.23838
-1.5681
0.296566
-2.03205
-3.39547
-5.00126
0.101613
-3.43739
0.0953362
3.23392
4.78185
6.37472
0.676811
-0.523372
-0.414804
-0.102772
1.39783
-5.48718
2.40558
-0.43429
0.638849
-6.91874
91.4708
7.6397
-27.3097
-0.0255175
0.0215533
3.7149
2.92153
-1.56129
1.07978
-0.513451
0.254437
466.829
-0.424124
1.4398
0.260371
-9.69478
3.01191
-7.65584
2.8517
11.1167
0.527605
978.752
-1.15266
-2.1541
1.21399
1.08407
-1.18201
-3.26094
0.538934
-1.15568
2.03595
-5.26506
-3.31793
-2.12294
-1.85932
-1.73798
5.85489
1.93969
0.797608
-0.227204
14.5671
2.33703
-0.908644
-0.0447806
-0.0729291
0.35975
-1.38305
-33.0992
-0.90492
-0.104437
-4.4109
16.1544
-1.15299
0.075824
-0.390785
0.801415
-0.432408
0.3459
-1.12608
-2.30232
5.29896
-1.43925
0.014314
0.343133
1.50201
-0.663614
-1.34421
0.471896
-0.635096
0.148778
0.993336
-0.76567
0.650964
1.17431
0.455192
-0.202743
2.43548
-1.58873
0.610126
1.09643
0.642331
0.777399
-0.204079
-1.76721
0.0871073
1.58734
0.466747
0.507434
-1.49091
1.3411
-82.6491
-0.507448
-6.48072
-44.0782
4.16934
-0.0662098
0.408808
-6.11555
-1.63178
0.040424
-0.504749
-0.215541
-0.315513
-0.632334
-0.144689
0.403954
0.66711
2.52919
-0.11661
2.40247
0.307335
-0.789445
0.509528
-0.270403
0.314066
0.0367151
0.355634
-0.369883
1.31666
-2.08021
-9.0651
-3.76981
1.50605
0.776212
1.87295
-0.560683
-0.151624
-2.25404
-37.37
-1.50313
0.494637
15.0191
0.189838
0.225696
-0.280633
5.51609
1.56968
0.864521
-1.60109
0.761656
-4.34806
-0.470859
-2.72432
-11.573
3.41539
-2.47011
20.8752
0.234638
0.500608
-15.4127
1.54156
-5.41687
-0.00647679
0.733194
1.63443
-5.30582
-0.243889
-0.129008
9.45325
-0.900927
-0.0299092
-0.339213
0.984576
-0.168501
0.93343
8.95756
1.36523
-0.0868363
-7.78461
1.6879
-0.687529
0.0924671
5.76079
-7.25816
-0.146584
-2.90099
-1.36426
-0.819562
-0.0368892
-0.267326
0.583379
0.597815
0.355632
19.3207
-0.603191
-1.5706
0.578901
-0.0383077
3.07918
7.0612
0.696806
-0.144739
0.746805
0.336764
1.35717
0.955017
0.68437
-0.107567
-1.50695
-1.04108
15.2422
0.189853
-0.970229
1.0515
-4.51225
0.20163
0.155595
1.1823
-2.4873
-1.27026
-0.319086
7.54369
0.530814
-1.03311
-0.0515169
-0.00167526
3.72541
2.73882
4.54371
0.668424
0.139048
0.286734
-0.994396
-0.964308
0.84625
-0.730189
0.841391
1.33993
-0.416825
0.0681831
7.75986
0.350441
-1.41117
0.146729
-0.157321
1.25013
-1.15059
2.57041
-2.56303
0.23101
-0.0874799
0.621211
-0.184825
-1.33358
-0.316354
3.06626
0.62553
0.217588
-3.52644
-3.70464
-0.0794324
-4.61073
-4.81603
-9.49004
14.2301
-3.96974
-81.5673
1.04258
6.15589
0.183616
2.35033
124.389
-0.332184
0.541529
0.653909
-1.03322
-0.755626
-0.228743
0.00130274
0.723856
0.417143
3.533
-0.22936
2.29552
0.123661
-0.19133
-4.8298
21.1588
0.845833
-0.735439
2.33349
-6.11314
30.6881
-3.53813
1.15633
-29.3892
-0.140301
1.41413
0.12588
-22019.9
0.236953
-0.344714
-0.973251
-0.198403
0.0513986
-1.98664
-0.0218957
0.171475
0.362438
-3.61304
-1.015
0.248757
-0.927643
2.89196
10.3158
-0.206951
1.15729
1.18574
15.6601
0.491535
1.20973
6.66253
5.85062
-35.3526
0.436575
-2.15264
0.522713
1.49435
2.98429
4.75192
-2.79211
0.0837775
2.34088
-10.6375
0.321748
0.763129
2.80788
-1.28656
-0.0755107
-0.405491
2.61455
0.630411
-0.787197
0.925961
-0.0333411
0.60404
-2.17613
-32.9901
-1.97196
1.44885
-0.0663402
5.13211
1.12001
-2.9607
0.677714
-0.890961
-0.504939
0.514674
1.00657
-1.19409
-0.858505
5.02299
-0.381691
0.635456
-0.604495
0.0850378
-1.25504
-0.160916
0.0577626
1.00761
0.667523
-0.137563
0.193922
3.99205
4.52042
0.108955
1.98521
0.145078
-1.64624
0.683084
-0.621591
-1.68182
314.943
6.05813
-0.272121
0.336583
0.525212
-2.91261
-0.178262
-0.183618
-0.791298
11.6091
3.53056
-0.0290393
1.50395
0.35302
-0.713458
1.24491
4.46237
-0.230516
0.797286
1.88192
1.28814
0.770425
1.1921
-0.92393
1.24514
0.415869
0.447385
2.8037
-0.25875
0.126096
0.401135
0.0742195
-2.55128
10.2118
-0.0386332
-3.31788
-0.492338
-0.0505764
-1.07026
-1.96465
0.170612
-2.06041
-0.468608
0.45628
-4.68819
0.0658167
0.654581
-0.303596
0.243597
-2.31061
-0.222709
-0.221749
-2.3429
0.576536
2.61158
-1.45386
18.1308
-40.5166
-0.474233
1.84
0.446038
-2.80095
-0.985264
-0.431917
-0.391235
-0.517822
0.0414257
0.0532115
4.90983
2.10141
6.58246
-0.123696
-0.0323828
-1.39137
-0.301031
-1.43361
-2.68843
2.47142
-0.237725
1.22414
0.49146
-0.301382
-2.1466
-0.352563
-0.827647
-0.599181
-1.22256
-0.598349
-1.71328
-0.697983
0.367721
-0.235947
-4.20624
1.1791
-0.331608
-7.16377
1.33744
-1.38774
0.331489
-0.0148999
-4.26702
-0.701636
0.29691
0.405092
-0.214416
-5.74461
1.89351
0.483001
0.287739
5.21845
-1.62817
2.71434
-0.758891
0.2216
-0.147077
-1.19904
-0.978511
0.393873
-2.64124
-0.831446
-0.242443
-0.793921
0.0200651
-0.97392
0.75575
2.04431
0.165913
3.42308
0.247338
-0.453804
2.13575
1.03253
-0.660549
14.2348
0.190154
0.16452
0.0729965
-6.35461
0.744573
0.886603
1.83579
2.76779
0.0208349
8.92482
0.775285
-0.348885
4.21889
-0.622159
0.648203
1.44163
-0.255661
-5.12399
-2.24645
-0.891127
0.452088
0.0221323
3.34694
-1.746
52.5294
-0.568093
-0.477168
-11.3257
-0.315052
1.96397
0.00167156
4.66227
0.516998
-0.868992
-0.399257
13.3966
0.321612
0.503818
4.33323
0.196609
5.68444
4.11678
0.140472
-0.80099
1.48562
-0.287375
1.05049
-6.14859
0.966224
-9.36667
-4.34653
28.1878
-9.91518
1.28416
11.5343
0.432953
-0.0391755
-1.19161
0.209021
-2.28414
-0.373206
-0.0905497
-21.3546
-0.675561
-4.46028
0.628124
-0.292116
-0.678329
0.0896805
-0.191961
0.144683
1.61091
20.3334
1.52759
3.31199
1.30396
-32.8513
-1.21816
0.545383
2.66135
-0.59109
0.497674
0.594503
0.906141
1.28574
-0.783614
7.36627
-2.12502
0.321705
-4.30308
4.5836
-1.44138
1.31362
-0.654572
1.77663
-4.46277
-2.46296
0.515169
-0.0429336
-2.79079
-2.59926
28.2035
-1.81867
-0.93347
0.331195
0.26085
8.44458
0.292611
0.539941
-7.38061
0.767356
-0.819769
0.83801
0.597097
1.73669
52.7524
0.0423697
1.05939
1.64064
0.871816
4.31768
-3.11761
-2.71868
9.77577
1.89526
-0.514036
32.2194
-0.363109
1.98429
0.722787
-0.467547
3.06641
1.88425
-8.16373
-7.89156
-0.632238
0.214804
-0.379807
1.49719
-5.41823
-0.28788
0.167759
-9.34504
-0.255476
-0.168618
0.13292
-0.79915
0.672002
-1.68134
6.62372
-4.40909
-2.07551
-1.94072
0.15634
-0.860365
-1.69092
1.42175
0.385985
11.9306
-3.15752
0.965069
-0.511042
-1.26706
-0.731009
0.202796
20.9424
7.16632
0.471202
2.12843
0.0415774
-1.19881
0.367956
-16.3026
0.726611
-0.0279109
2.08382
2.38761
-4.00878
0.39552
-0.770687
-2.08133
57.4538
-0.222471
-1.79599
-1.46939
-0.0453955
-0.0562735
-0.149879
-0.248753
0.335174
-1.45595
0.613098
2.26644
0.214714
-0.886873
3.08795
-0.576429
2147.19
2.6569
-0.710009
-3.76233
-6.73346
0.713042
1.80451
2.18858
-0.442787
2.43519
0.482596
20.9901
0.0736236
14.9632
-3.07668
0.960142
-0.592939
0.712397
0.723042
-1.91158
-2.29986
1.23701
-81.1679
-3.40742
-0.16653
-1.12669
1.60577
3.05047
0.839325
-0.150424
-0.750487
0.841688
1.61081
-0.499272
0.371994
-1.75586
1.18198
1.0882
-0.378343
-1.03229
-0.806997
0.216829
0.043295
0.464532
2.29156
-0.392383
0.955884
-0.0905631
-1.6701
1.19789
5.16546
0.450988
0.504962
2.03404
-1.89278
9.29543
0.259377
0.673508
1.31392
1.15136
5.9147
-6.45306
-4.16274
2.78904
-2.99491
-1.04034
0.303761
68.3591
0.0318616
-2.91775
1.07748
1.21799
1.28488
0.0889051
1.11365
2.53677
-1.02627
-1.0056
-20.5583
-5.44559
-0.158789
2.0735
-0.370995
226.644
1.28659
0.28187
-10.5899
0.965547
0.512549
-1.48214
-0.204537
-0.00190469
-0.778668
-1.80779
0.843073
0.363704
5.33631
-0.992928
-0.5637
5.75653
4.10752
-0.459249
1.15441
-2.73116
2.22817
0.62138
-0.26518
1.83245
7.55055
-0.144805
0.946922
-0.393815
-0.446877
0.701537
0.0885997
-4.75819
0.118116
1.08617
1.03588
-1.47703
-0.0802672
-0.178816
0.724034
0.073771
5.98744
0.86827
0.144369
-0.48554
0.170031
-1.03513
-0.189825
-2.22239
0.0397604
-0.110798
1.44598
2.31741
-4.9058
2.18572
-0.192243
-1.98535
0.294896
-0.438026
-2.93853
-6.34696
1.53405
6.57781
-0.174643
0.115541
-1.02757
3.06352
-4.49028
-0.777937
-0.268276
0.470413
0.431604
-0.989039
1.42607
0.0135056
13.7698
1.63794
0.476163
-0.244627
2.35683
5.16625
-1.80185
0.707037
1.14269
0.929506
0.524364
-2.31345
1.50212
147.628
0.567926
-0.668062
-0.791726
-7.31719
0.141624
-0.170726
-0.349879
-0.499459
0.258338
-1.49609
0.00657068
-0.131031
17.1734
-2.23302
1.34658
-6.12952
-0.0149
-0.720746
-0.334725
81.3517
19.175
0.290182
-8.24917
16.2369
-3.27635
-22.4328
2.34349
-0.0722344
0.126919
-5.68849
-1.08494
-0.698122
1.77308
0.0506031
-0.0828221
22.2727
-1.20448
0.3961
-19.4056
-1.0577
-0.569019
-1.55526
-3.0276
-0.470956
1.79072
-0.838067
-3.16034
0.715005
-15.5893
0.147239
0.256352
-2.97064
-0.00335032
0.657095
0.760603
-0.103437
4.40696
-4.24378
-0.0947183
21.0676
-0.233752
0.671921
-0.0575481
1.21868
0.61737
1.1503
-1.16274
0.140818
1.1302
0.0593709
7.03763
-0.0393037
-0.942375
-0.0414488
1.05615
-42.2127
-1.43447
0.293146
1.83842
-10.5181
0.010913
-0.18318
-3.42266
3.26152
-10.4987
0.121605
0.223911
-0.490046
-3.56797
-0.551524
1.20579
-2.08743
-0.416078
-4.49274
-0.258419
-3.85049
2.52345
1.03342
-1.0748
0.195422
-8.35284
15.2198
0.172008
0.286761
0.627814
-0.272404
-42.9849
-0.304352
-5.41471
-0.533658
-0.352805
-1.56687
-1.17596
-2.97858
2.29738
0.286117
0.287339
0.352516
-0.0888453
0.916681
24.7507
-0.683818
0.555244
1.35753
0.460255
-0.790593
-0.668433
-1.10011
-55.1093
-7.24316
0.863622
-1.0417
0.109558
0.903883
0.699228
0.099299
0.30529
-5.27946
-0.0451671
7.75081
-0.656711
0.150604
1.73219
-3.63384
-0.667965
-5.23119
-3.43583
0.136139
0.604728
-0.396511
0.777218
-0.524033
0.54597
0.473039
2.4276
1.9566
-2.9118
4.3713
0.404625
-0.511669
-2.94779
1.63479
0.542089
0.403237
0.423887
1.00509
-3.21911
-3.56456
1.62375
0.933132
-0.253923
-5.37435
0.283282
1.10917
-3.04054
-0.806167
1.06902
-0.913015
-0.397633
0.388215
2.10247
-2.12455
2.96285
0.78805
-3.08006
2.23386
0.236552
-0.385231
11.2804
1.71225
4.70875
-0.147797
0.11979
-1.17832
-0.357328
29.4292
0.945256
1.95469
-5.0604
2.13533
0.348451
2.3633
1.58152
0.348118
0.107162
1.27782
1.64675
29.8283
4.54374
0.878811
0.929216
-0.473831
0.563209
-0.93804
1.47214
-16.877
1.15138
1.63502
-2.96956
-0.499971
-0.183532
-2.46117
-0.163543
-1.06052
-0.151446
6.8027
2.7641
-0.333146
0.155195
-0.41666
2.68988
0.977045
1.5316
-0.339205
0.912901
0.638492
3.49108
1.40774
4.27182
-0.898872
1.51063
-0.0253735
-3.0046
5.48677
0.0275194
-0.778731
-23.3254
3.41798
-0.54048
1.92873
0.377011
-0.80697
-2.84429
-0.0537589
-1.14547
-0.439722
6.75051
20.7792
0.21889
0.32025
-1.66934
1.71542
-0.586
-38.6193
0.312526
4.69303
-1.20542
0.318993
-0.269438
0.19244
-0.682734
-541.656
1.69272
-4.85284
0.593947
0.0317624
0.124884
0.376505
-0.0377705
-13.2306
5.50636
-5.13802
-2.97369
3.79181
-0.444312
-9.76158
0.0951604
-3.04185
0.466067
1.19844
1.26533
2.2143
0.876523
0.0998534
5.31434
2.3652
1.14468
-0.0675372
-0.50244
-0.147561
-0.960955
-0.985202
-1.49641
0.375823
0.765179
0.0420635
-2.67071
2.25417
2.56241
1.6537
-50.2445
0.9003
3.077
-12.5505
-0.37092
1.04643
-5.40604
-2.66127
-1.37195
113.237
1.07783
-1.49552
0.176588
-1.00745
3.03616
0.849428
0.0894212
0.614687
-0.628456
-0.483983
0.348272
2.31382
0.138395
-1.08257
-0.764889
-1.79391
-0.37998
1.51004
-4.19917
-0.442049
-0.239321
-1.54073
-0.270598
-0.811672
5.39412
-0.241246
-0.142399
-3.60079
0.951165
-0.250898
0.329741
0.474851
0.145564
2.39877
0.682656
0.293692
1.02396
0.133576
-2.15195
0.303947
0.508588
0.603699
-0.297912
1.58319
-3.04007
-2.178
-0.70867
0.378012
1.73836
-0.709662
-0.498096
6.30937
0.0242339
1.10835
1.13824
-0.416021
0.0832473
-1.22278
-1.64147
-1.30533
60.6888
0.356985
0.214482
-0.0671554
2.19779
-2.26721
-0.341018
-2.10695
-2.6522
1.99819
-7.45933
-0.750175
-5.28035
-0.0845113
-2.44933
1.01364
-1.91863
0.126811
3.93065
1.62177
-0.444613
-5.77084
0.258188
0.593457
1.78662
-0.0325172
0.428826
1.72813
-1.00918
-3.12958
0.157719
0.797439
0.417773
-7.16053
-0.586524
-0.056951
0.841435
-0.297068
0.553099
-0.272813
0.847178
-1.7496
-3.53484
-0.0786456
-1.72986
3.14602
-1.72418
0.839497
-0.647137
-3.09687
0.699403
1.43965
-1.71915
-1.36345
0.479456
1.35941
1.71502
-2.90848
-0.648784
-1.66573
5.93617
0.397311
-0.895201
-1.26159
0.0130206
0.497396
1.69824
0.537378
-4.36518
-36.5107
0.421989
0.241846
-2.76956
0.19634
0.333989
-0.919296
8.34382
-1.3495
4.58073
1.99669
-0.31091
-1.67411
0.708738
0.301332
-0.746877
0.342552
23.874
-2.55575
-0.538194
-0.219893
10.1704
-1.65851
1.02345
0.55677
0.81919
-0.874077
0.837049
0.528962
0.514085
-7.72074
-0.0257449
-1.37822
0.0334265
-9.45015
2.66246
-1.54956
-0.0520449
-0.697177
1.59388
6.46582
11.8205
-0.831683
0.575029
-1.10634
-0.329309
-1.09683
-0.117589
5.34575
4.03798
0.534398
3.10135
-11.787
3.07882
-0.608864
-0.685052
0.711004
-0.929793
-0.101291
-0.379518
1.89383
-12.9221
-0.149351
0.998242
-0.936054
-3.05069
3.07739
-0.24137
0.307572
2.8461
0.0989303
0.177081
0.366519
0.368215
-11.7194
-15.7419
-0.395708
5.59015
1.29686
8.58507
0.942448
-0.553293
-0.81043
-0.952689
-9.78521
-1.91031
1.95697
0.468367
5.68117
-1.0021
0.360399
0.986103
-2.99045
1.65756
-0.522347
0.293307
0.594822
1.21821
-1.25484
-0.987264
0.302988
0.527923
4.0324
2.95399
2.65373
10.1522
1.5689
-1.88584
4.4737
-0.279524
0.390443
30.1172
-0.562524
-1.83845
-0.158615
-0.0365585
-2.24344
8.19795
7.57828
0.871135
1.06438
-0.567652
-0.103605
-2.10161
0.324533
-0.0212915
0.782995
3.29009
2.42706
-1.02293
1.05977
2.3427
-0.128633
-0.16223
1.09809
-1.36944
0.642721
-2.68878
2.2243
-0.774449
-0.0298542
0.33197
0.6928
-2.68053
2.03343
0.390751
5.19022
2.4124
57.8306
0.235494
-0.414878
-2.33453
-2.27726
-0.471564
-3.54095
7.49394
3.89463
0.370635
0.136257
4.48945
-0.184937
1.0787
-0.928485
-1.27916
1.27403
0.4918
-1.02295
-1.82375
-2.87466
-0.279068
-0.0739439
-6.51882
0.82422
-3.72136
-0.213359
0.663392
0.470906
-1.52582
4.89743
0.241133
3.74696
-0.796977
1.97605
-1.4113
1.46179
0.371225
-0.831256
-1.97753
1.07546
-1.46171
-4.05092
-3.22836
1.61881
-1.28277
-3.19663
-0.449551
0.974284
3.52509
-8.80444
-0.904174
0.958148
-3.85435
12.4398
1.20834
0.0496867
1.4936
-2.11563
0.190263
-0.461145
3.16897
-0.535896
-1.71958
-1.15096
0.790537
0.555046
-4.67227
-0.413706
-1.45293
12.0518
10.9276
-1.20531
-0.212508
-3.01067
-0.942458
0.238651
0.743924
-0.17272
0.226062
-0.794475
-1.71621
0.552826
0.601477
0.12088
-31.1997
0.381819
1.79178
-0.627266
-3.70697
0.836715
12.8226
5.45454
24.4441
0.115367
-8.78515
8.24861
-14.6867
-1.20211
0.156999
1.73985
-13.07
1.35406
-1.0594
1.20958
-12.8392
0.410977
-0.511174
-0.0151095
1.61099
-0.333112
-7.61856
-0.0694198
-0.0335041
4.51899
0.602734
-2.06253
0.0068908
1.01872
1.23964
0.486073
-0.721839
-0.0986323
0.682906
1.8764
1.56491
2.71593
0.759287
0.402515
0.265828
1.41137
-6.72082
-2.20182
-0.112298
1.48748
-0.175445
0.974326
-0.239646
-0.0375411
3.40293
-0.405658
1.97492
0.669926
-2.77847
4.57663
-0.308833
0.888491
0.642011
2.75659
2.66472
-1.41953
-1.46991
-1.14669
-4.92895
4.31151
1.74614
-14.6889
-0.279858
-7.00607
-2.46827
0.726896
0.224091
0.076418
2.25365
-2.81313
1.58356
-3.31023
1.24809
-0.252724
-0.358488
0.694229
1.2296
-0.233799
-1.06735
14.5631
-3.06034
0.166143
1.02053
0.963012
-1.7443
-1.68802
-1.71394
-0.21419
-2.13326
1.36579
-2.64607
-112.045
-1.23298
0.0737313
-0.0511607
2.7059
0.180166
-0.777492
0.170344
0.0557088
-0.462339
-4.29724
0.311964
-1.64384
0.241105
0.957462
-1.55278
-2.69508
-0.616189
1.18818
0.922655
-0.212876
-0.0644367
7.60116
0.306754
0.49852
0.127028
11.7589
0.20696
0.498745
7.61431
-1.07764
-2.58187
-0.708027
0.40115
0.469368
-1.09
-0.0888641
2.70375
5.969
5.29185
-5.39009
-0.290673
3.2741
0.385732
1.7977
2.05477
1.24692
-3.60408
0.587189
12.3234
1.4533
6.37569
0.98791
0.78097
-0.870808
0.991215
-2.3083
-4.6145
0.344832
0.224404
-0.0366323
0.307957
0.682528
0.635457
-0.181709
-4.77451
-0.631349
2.6659
1.42951
-1.07231
2.29159
0.357377
-3.51963
0.672245
6.4055
0.242172
-0.0195631
-0.949469
0.37728
-1.4782
43.1913
2.37487
0.39742
0.806289
0.738799
-0.972352
4.58842
0.281429
-0.570882
0.850643
-6.36116
0.432613
0.832302
0.00466807
2.03061
-3.61
-0.409283
0.33457
4.71434
1.75794
-54.2021
-0.450815
0.41148
0.114784
7.27771
2.6868
-0.0203726
0.414835
1.6011
1.25935
3.96645
-47.798
1.84823
0.122725
-1.19282
-1661.33
0.994235
-0.454145
-2.54482
1.05523
-1.19154
0.772338
-1.05898
-1.01988
0.766909
0.1618
-0.912423
-1.55123
0.37255
0.200313
-0.997384
-0.521083
-11.3167
-1.97049
0.456959
2.17625
-17.1918
11.9829
1.32394
0.360067
-0.300339
-2.88038
-0.812721
-1.22697
0.0955767
2.46265
9.80254
-0.232257
5.91841
1.22374
-0.219565
1.273
-7.33219
-1.75093
4.8894
14.8918
11.523
-0.514223
3.23297
1.35564
0.132729
-33.4422
0.10871
-0.109707
0.264515
0.453019
4.05532
3.78531
-1.23483
0.46059
38.2477
-1.95703
6.59442
-9.75528
-0.987628
-0.884193
-0.491652
-0.0955484
0.561374
0.501164
0.812634
-106.891
5.56923
2.02444
1.42013
-10.9051
-1.46172
0.964283
-4.32595
0.0979787
-0.350326
1.03546
0.722515
0.141228
-0.924552
-0.209791
0.116077
0.113778
-0.184539
0.601244
0.412459
-1.76623
-8.60928
-1.65048
-2.47251
0.36131
0.495963
-0.76762
-2.12217
-0.264703
0.651306
-14.8289
-1.31046
0.717971
-1.82912
-1.04985
-1.4705
-2.16891
-0.85816
-0.125617
1.92705
0.729984
3.27182
4.97574
0.613445
-2.32777
-0.174911
3.25735
4.41829
-0.695032
1.20295
-0.745936
1.00175
3.99091
8.13226
-1.3172
-2.77832
-27.4593
1.20831
2.06745
12.2025
0.932553
0.854188
8.46429
-3.79527
1.06872
-0.379567
-2.53893
-0.605463
8.78469
-40.0723
1.80575
2.6839
2.16155
-4.23664
-26.2064
0.29797
-8.17756
-13.1457
0.886799
-0.794902
0.902836
0.0175209
17.1455
-0.349525
-0.00747603
-1.80489
-4.99552
10.2327
1.19727
17.0425
0.863021
0.0134998
-4.42213
4.27061
0.425736
-0.265704
-0.12446
0.0928246
-1.09677
0.926676
0.365472
0.811349
0.586021
-6.26998
0.0707949
-1.54665
1.87999
-0.289869
1.1673
0.803176
-0.594893
-0.582363
-2.69996
-0.443012
-0.2355
1.01222
0.692399
-3.25379
-0.551724
0.410369
2.205
0.0379639
-1.05952
2.83758
56.5226
-1.82254
2.47776
1.76688
-0.242197
-2.78468
1.20577
1.15719
-0.836674
0.0475107
2.32468
0.24492
-0.441989
-7.28633
-0.709006
-0.901001
2.18986
2.04711
-1.40319
0.481891
3.52368
-0.0338082
0.150396
1.25696
-69.2448
13.8176
-0.0705652
0.994465
-1.3928
0.480832
-0.205682
-0.517894
0.548245
-2.25482
-0.753502
-6.27688
-0.550731
-0.604821
7.52257
-0.0543233
-0.207381
0.384224
-0.477767
11.6264
-13.9551
-0.0155147
-0.479365
0.274345
-1.56117
6.05178
-2.60374
0.13959
-0.354533
3.44038
0.135941
7.57882
-1.2086
-0.944706
-3.04229
-27.9743
-0.493934
0.770158
0.951951
4.3166
1.61256
-1.09466
-0.0116117
0.00864152
-2.26831
-0.805242
-3.54799
-0.532437
-0.000136547
-3.82352
9.27813
1.01796
8.27201
0.152833
-0.326858
-0.555486
-0.0723124
-1.10454
-0.945493
1.27858
0.29814
-1.72102
-1.29763
1.76723
-0.701934
-0.935483
-0.996667
-7.23544
0.308524
0.189167
-1.243
-1.31998
0.366482
0.959054
0.700774
1.08363
0.244593
-0.260247
1.51057
-8.3033
-0.0772333
0.959872
-6.99775
-0.0103957
7.64141
-25.8626
0.230638
-22.6663
0.646897
-0.359557
-0.340299
0.296592
-0.449663
0.791148
-0.917662
-0.264441
-1.15106
1.00854
-0.361838
0.618373
6.72268
0.910488
4.0433
-1.02943
0.146064
0.13407
0.121909
0.199444
3.46056
-2.34203
1.43861
-0.289737
2.36664
34.5825
1.47383
0.803972
1.63059
3.61609
0.148168
-1.35372
-0.391977
-0.953381
0.584422
-6.50456
-6.07778
0.153673
3.11391
-0.263964
1.06501
-10.1858
0.650497
0.188101
-0.966625
0.241074
3.51599
-13.7088
-0.865078
0.113811
0.722085
0.0889922
0.676052
-0.0256714
0.173593
-0.63288
2.08476
0.0839826
-1.41964
2.22168
-0.330854
0.339091
0.130797
0.328418
-0.509659
2.3716
0.272148
18.2824
-0.180892
-12.1501
-0.0979064
-0.325098
0.282953
-1.40862
0.250603
-1.67979
-3.60013
-7.51804
0.692265
-2.57973
-3.04418
0.352857
1.03055
-0.0212009
-0.027288
-2.1163
10.4156
2.38317
-0.782966
1.88636
0.070039
1.26846
-0.913085
3.34449
-0.216825
-0.19379
-0.867723
1.47927
-0.811293
1.07384
-12.4595
0.198763
-6.7695
-0.693694
0.202606
-1.65721
5.1293
0.277982
-2.23481
1.71198
0.872879
-0.38189
12.6436
1.24983
6.48083
0.60673
0.0830333
-1.96063
0.281661
-0.291696
-1.32115
-4.25317
1.62154
-2.03285
1.00051
0.396729
-0.344879
-0.446133
-2.82381
-0.11715
0.341614
0.211483
2.22547
2.54095
-0.779662
2.02747
0.0610399
0.0197842
1.76263
-0.243827
-0.0503828
0.504025
1.76608
0.119926
0.822366
0.904523
2.85573
0.173161
0.636845
-1.27702
-0.74867
0.388955
-0.614973
-0.595439
22.6943
1.08361
0.105763
0.329768
-7.01511
-1.94379
-0.531518
-3.03323
-0.201346
-0.93035
-0.443104
0.527902
0.105724
-4.10047
-1.40095
113.114
-0.286063
0.234731
-0.353465
0.197289
-4.71922
-5.89296
1.78416
-0.280664
0.0643366
0.347708
1.63194
-0.711663
0.180405
1.43958
0.16892
4.2962
0.00399386
-0.381433
-1.24113
0.0587854
-23.6492
-82.7173
0.216062
1.67029
-1.09737
-1.45998
-0.353226
0.926592
0.162692
4.4692
0.837365
1.16749
0.201072
1.18424
-1.60847
1.02733
-3.46395
-0.715573
-1.33181
-0.0957917
1.92983
0.000853298
4.06925
-0.311548
0.971403
-2.70035
-1.17045
-46.2233
0.486289
0.107803
29.9981
-0.69155
11.7776
-1.19407
0.487782
0.248392
-3.61125
-0.581992
-2.22565
-2.02564
-1.98645
-0.690864
-0.75626
-0.404679
-2.70218
0.466565
-1.89182
0.284791
-0.216075
-0.534629
2.20033
-0.96854
1.27506
-0.924524
0.604182
-0.378806
-1.52734
-0.218636
6.74875
2.00136
-7.33212
0.859386
-1570.3
0.178437
-0.588352
2.52959
1.02659
-0.86368
-2.23331
1.89884
1.90054
3.57201
2.60936
-0.752391
0.226172
6.63809
-0.530198
-0.711974
1.02006
-0.574858
1.58473
0.236898
0.613063
-2.91446
0.573865
-0.545751
-1.08671
-1.57517
-0.611922
-1.143
0.334501
-0.427125
-1.22676
1.55639
0.0152892
1.27309
-0.378509
-1.20581
-0.354715
2.7902
0.769483
-0.0546396
-3.41901
-1.90385
-0.6863
-1.8844
4.94218
-0.814405
0.465742
7.74398
0.444713
0.274868
47.3428
1.75978
-1.01853
-3.42763
0.927657
25.3518
0.0423072
0.143754
-0.343215
1.51639
2.70597
0.54974
-0.186352
-0.00934192
0.413191
0.0582668
0.0608488
0.443265
-0.491377
68.455
-0.715012
-1.12788
-0.268523
0.0170579
-4.021
-2.00707
0.945473
-0.441119
0.903951
-1.06328
-0.055213
5.22769
1.01184
-0.166431
0.161236
2.22918
0.201802
0.367964
-0.0247476
6.06663
1.34186
-0.868128
-2.58285
0.449242
1.67606
-0.19546
-2.34346
1.24828
0.285713
1.5035
-1.77606
1.98378
0.0625486
0.503032
-0.501463
0.245113
-1.45495
1.71834
-0.633111
2.10433
-2.43898
0.195449
-7.57803
-3.41822
-4.80237
-0.123576
-0.953806
0.263596
-0.862223
1.9198
-16.9393
0.312633
0.77002
-0.175665
-2.44435
2.35373
-0.297501
0.190704
2.13139
128.823
-1.99941
1.29463
-0.361354
-3.71537
4.31889
6.44623
-0.624891
-0.225384
1.24558
1.10968
-0.444123
3.4269
-0.239415
-0.771208
0.106905
1.64407
9.22312
-1.00619
-0.206451
-3.34757
-14.4283
-0.276188
-0.0728077
-0.00065436
0.843183
5.23046
-0.775491
-0.609541
-0.763096
-0.0290991
1.46024
-9.18758
0.885654
-0.79664
0.601881
-0.730941
-0.277315
-0.482529
-0.226529
-0.991422
-0.0615174
0.731486
-9.06538
-0.0737352
1.32178
-0.161027
-1.47628
-1.52037
0.71068
-41.3188
2.66822
9.88053
-4.85194
2.12315
-1.38167
-0.450175
1.04253
-1.02012
-5.07507
1.49367
0.686729
303.634
-7.14354
0.122769
0.802596
0.862457
0.648783
19.9215
0.992062
2.92333
-0.549576
-7.6809
1.477
-3.49574
0.487975
1.8204
64.5463
0.327095
5.1337
-1.72396
0.956149
30.6873
-0.98439
1.00006
3.44586
11.5111
0.64467
-0.299896
1.8432
-1.48505
9.51653
-0.497797
-0.786133
0.371009
-1.18829
-1.41434
-1.21112
1.39665
15.0689
0.411868
356.954
-0.927144
0.327979
-11.9206
0.845316
-0.68988
-1.92393
-0.116503
-5.6324
-0.113505
-1.00294
1.15166
-1.54205
-2.35233
0.496954
-1.03492
0.0971291
0.51104
-0.0334559
-4.63241
-0.235522
-3.40105
-0.111658
2.31106
-0.766374
-4.60738
1.28236
0.220767
-3.3032
-1.02792
-181.046
0.297685
-1.3351
-0.909535
5.57388
-1.09984
-3.52784
2.25174
-2.35891
-0.00961093
-0.308242
1.16059
0.683297
10.3886
-0.491622
8.54914
-0.370035
1.02746
-1.70037
-0.837136
-3.10354
0.207825
-0.696593
-0.0212343
1.24983
0.540768
0.0196687
-0.330813
-1.05505
-0.292533
-2.62837
-1.00211
-1.45678
4.679
5.12068
-7.68015
-3.80037
-4.01891
-3.62681
7.74351
-4.0064
-1.5933
43.1288
0.335845
0.0544867
0.684284
3.69176
1.47562
-1.75443
0.767483
-0.192708
2.04191
0.160157
0.327329
-14.9642
0.0891668
-1.24082
1.53151
-0.489402
-17.4583
1.47142
0.701465
-0.615976
-1.42935
-0.572978
-0.44487
10.3096
2.22088
-0.139377
-2.61398
3.33587
0.0488426
-2.99596
-0.401318
-0.411345
0.0847017
-0.34404
-0.327258
-1.8598
-1.36239
8.36769
-0.655468
37.7031
-1.23036
-1.9704
0.327454
-0.77613
-57.0796
-0.584568
0.26766
0.0862295
0.335364
-6.19354
-0.0586388
-0.286182
0.818122
-0.893425
2.11456
-3.49028
-1.39567
0.848521
-0.812315
-0.719467
-0.128811
1.16023
-1.00072
-2.03862
7.55679
-2.00334
1.66419
1.11397
3.85448
-23.3253
-0.545123
0.819628
-1.34875
4.02778
1.67942
1.09467
-1.00346
0.303031
-1.58755
-1.09805
0.518897
7.99085
-0.807231
-0.507737
0.0171119
0.615652
1.49454
1.73225
0.2841
0.711165
3.50439
-5.75905
-4.65756
-2.42281
-0.174067
1.1193
4.21329
-0.0778838
-0.270534
1.62993
0.361985
3.24943
-1.46336
2.44789
0.257509
-1.1246
-3.90822
-0.138206
-0.409979
17.6346
0.252235
1.33687
0.138046
0.679833
5.81477
-25.4295
-1.38713
-0.374377
-5.6002
1.62566
0.157267
-2.21442
-0.204309
-2.002
-2.38822
1.23452
4.71224
2.38947
6.43259
0.802255
1.64984
0.56727
0.401154
-0.0341585
-0.947676
-5.65217
-0.971303
11.7576
-2.67466
0.377006
-0.720167
-0.0738394
-0.573969
-0.914602
-1.52074
-2.59915
-2.52023
-0.195409
-3.30795
-0.414319
-0.0932998
-0.966016
-0.269257
-1.33914
1.33291
-0.240157
-0.0448138
-0.693063
0.567595
12.9954
0.308356
0.623407
-1.13169
-1.06738
-0.17387
1.56075
1.53698
-1.05796
2.64295
0.34489
-22.1819
-1.48736
0.367723
2.05299
-4.44072
-2.20822
2.395
-0.0654482
0.794792
8.6493
2.41813
1.72355
-1.05513
-0.308305
0.12458
0.641522
0.4504
0.584265
0.188887
0.131938
-0.135762
-0.0758329
0.092609
2.39331
0.584018
-0.515313
0.151126
0.845762
0.863147
-4.33336
0.132292
-0.126277
0.0406588
4.36565
1.57879
0.360702
-4.15362
1.95137
-6.89326
9.80931
1.03378
0.301011
35.4641
0.473286
-1.95649
-0.65292
-3.24893
-0.805162
-5.32091
4.43782
0.059764
0.728577
-5.12499
3.95295
10.3475
0.0815598
-0.663265
0.337388
0.823849
-0.370538
-0.519862
0.732562
0.943985
0.105074
-2.39852
-0.920725
1.59957
0.858482
0.993721
1.09699
-1.18103
-0.0529954
-1.7847
1.64309
-0.709533
0.57441
-0.124364
5.18842
-0.690496
1.40652
11.137
-52.943
1.34174
4.53199
2.54417
-0.144566
-0.23241
-0.273858
2.86828
-0.842694
-1.16831
0.923495
-0.250054
-1.93264
0.430019
5.12333
-1.0651
8.31042
0.301812
-1.46541
3.41125
-0.695479
13.9533
-0.53657
0.044337
-1.19622
-0.590198
-3.21167
-0.984033
-4.78543
0.626063
1.54034
0.447559
-1.05188
-0.402303
-2.08957
-0.992984
-0.739576
4.20745
3.46991
5.65448
-0.0302808
0.686297
-1.46564
0.0939239
2.11463
-0.190989
1.76869
-2.0783
-2.41847
-0.423199
-1.48623
-0.58728
-4.71989
-0.305828
1.24756
0.178091
-0.131171
-3.31545
-4.06939
-4.92021
-1.78246
-0.716084
1.07328
0.419438
-5.04284
1.77136
-0.339827
-1.96219
-0.402903
7.76616
-1.14039
0.195023
-1.83841
-4.23361
-0.128262
-2.26551
-0.171054
0.595418
-5.98678
-1.87409
6.11278
-0.565312
0.23834
-0.227992
0.151948
-3.63786
-0.245103
3.52894
-0.43741
-4.04948
0.265058
-0.4493
-0.228466
2.99217
-0.873542
-0.253965
0.817625
2.46912
-1.05669
-3.11865
-0.125474
0.35615
0.659463
0.594942
-1.05396
-1.76795
0.494121
-0.097367
0.241902
-6.44478
-0.539912
-2.86201
0.693515
14.6794
0.809746
10.2188
0.259799
0.219138
1.89693
-1.17568
-0.207366
0.355998
0.572723
9.27493
-0.314903
-1.75914
-8.99807
13.2052
-4.51044
0.704701
1.11391
84.0655
2.55301
-4.02029
2.67499
-0.143932
-1.55943
0.40494
1.53995
-0.435975
30.305
0.932625
0.0845367
-4.31469
0.17651
3.6112
1.50111
0.0294309
43.4655
-2.5096
-0.0113635
-8.58363
-0.425396
0.966403
-0.722716
-2.43134
0.134953
0.23683
-0.655101
0.201832
5.67266
7.3514
9.94788
-1.85531
-1.82948
-0.57321
-0.137411
0.389437
0.285219
-0.0515844
-2.91416
0.0462136
1.15331
2.84163
1.50887
1.31257
2.15878
-1.29132
1.68128
-0.378317
0.674736
-0.244165
0.655829
-2.431
0.0700198
-0.421341
-2.8097
-1.25572
35.9481
-0.0661361
1.1429
8.59752
6.72927
2.31096
1.01721
19.2805
-0.340932
-0.65376
-0.458628
3.10361
-2.53312
0.616476
0.155719
1.01405
-0.688832
-0.238304
2.72738
-0.0658451
0.643826
1.95239
-3.52196
0.530868
-0.199276
-1.96659
-1.30601
1.1584
-3.5584
0.65929
0.341815
3.40981
1.52186
0.639741
0.143183
-15.3868
-7.77843
0.467552
0.552833
-0.120325
0.902176
-0.0887414
-0.899349
2.45478
2.51138
3.21677
1.30818
-2.99845
1.82175
0.443275
0.0393581
-0.487429
-0.499895
0.549446
6.50049
0.746477
-13.014
2.46011
-0.909294
0.0446631
3.49241
-0.304551
0.314016
-0.881475
-1.79624
0.292572
1.14515
-0.714217
-1
0.634673
16.4437
-1.74347
-1.22012
-1.29046
213.542
-1.06704
-1.98863
-0.849768
-0.191276
-3.96778
-0.22751
0.922075
-0.118179
-5.65523
1.07051
14.1404
5.30789
0.874493
0.958049
0.0652615
-4.3515
-1.21678
10.1604
0.0808444
-0.250417
-0.152471
-2.73525
0.591807
0.204134
-0.470569
-1.24806
-0.630984
1.30903
-0.958492
1.2772
-0.341086
-0.428288
30.2637
1.94194
-1.4845
-6.99322
-0.0593602
-0.136687
-0.151439
0.4411
-0.658854
-0.556533
2.18903
1.02976
2.00961
1.40797
-2.30207
-0.293019
-6.21922
0.220085
0.195496
-0.573813
-0.54074
-12.0006
-0.420996
-0.254488
-12.3364
-0.147483
0.206493
-0.701244
0.567465
-1.04281
-1.03218
-0.298928
-0.382602
2.89113
1.87257
0.536872
-1.13466
-14.9613
0.676995
0.0684893
0.224449
1.30837
-0.0745892
-0.735677
-1.29646
9.96567
-2.02342
-0.3734
-3.59648
3.04219
-2.08796
0.0796897
-0.459343
0.162696
-0.367821
-0.0943112
22.4514
0.729451
0.301399
21.7746
-0.243773
1.07189
-1.48522
1.46353
-2.25134
-0.795725
0.291923
13.2172
0.439731
-0.182948
-0.77438
0.321273
-7.45739
3.72085
-2.20067
1.3877
-1.14186
0.819501
1.17656
-21.1644
0.392595
5.86958
4.02127
-0.0376484
0.515511
-3.33098
-4.6656
-6.7714
0.320011
-0.705356
0.434328
-0.980971
-1.41272
4.83891
-8.37935
-0.0988798
1.28553
-0.12035
2.24381
0.395331
-0.492647
0.0754604
0.375934
0.70208
-1.04445
-9.95093
1.87232
-0.15782
-0.0840149
1.02954
-3.02572
-0.550527
-1.45027
-0.368524
0.682044
0.877043
9.11043
-6.34164
0.432389
-2.26427
58.393
-6.58988
-1.84439
6.52408
-1.86261
2.49181
-0.263342
0.394353
-1.1773
-0.78946
-0.0933548
-0.225747
-0.403823
0.459568
0.687679
2.75715
0.575591
0.246623
1.19498
0.970828
-3.05518
-0.341499
1.02915
1.86453
-4.02686
1.98541
24.1001
0.69807
0.338778
1.70295
0.715354
-1.04971
-0.298262
-0.496114
0.574461
1.73291
-1.48492
0.226452
0.317907
-0.00543063
-0.464306
-0.797973
-0.022056
2.37202
-0.305894
-0.282648
-0.672782
-3.32946
-3.21133
-12.4913
228.958
-1.15499
-0.0801395
0.696058
0.388694
0.4985
-1.53639
0.707585
-1.98947
0.766176
0.19158
18.884
-1.46582
-6.31628
1.45023
-0.857481
0.457294
1.03143
-0.416379
-1.29503
1.19379
-17.0391
38.9893
-0.292577
-3.3614
-1.73564
-2.96523
-1.21761
-0.27281
0.0500242
-4.97551
2.26231
-0.1656
-2.74499
0.545357
-0.0540241
-2.57903
2.74822
-1.49345
-228.369
-2.49664
-8.85222
-0.24628
-0.0824694
-0.641322
0.759177
-0.568931
-0.608992
0.192287
19.6437
-6.6617
0.186394
8.94763
2.0415
30.1921
-1.11683
1.51515
0.262542
-2.41264
-2.89893
0.949506
0.954999
-1.10707
-4.47617
-0.213419
-0.0109156
0.499111
2.20915
-323.216
-0.641357
-0.133486
0.52087
-183.101
0.240043
-0.01578
0.0279512
-0.601749
-0.145562
0.776485
-0.439672
-0.518347
-2.14611
-1.05984
0.964264
-0.189586
-2.61366
1.65793
20.8092
19.171
0.167265
-218.264
-0.448045
0.399048
0.39384
23.8666
6.79144
-0.767903
0.480443
1.04323
-4.70068
1.18339
-0.15511
-0.282165
0.302447
1.59929
-9.77144
-15.0976
-2.28712
-3.25422
-7.5774
-0.510669
0.115129
-1.66398
-0.885073
1.18153
0.687079
0.161246
1.74543
-2.47854
-0.630922
0.293087
-0.874174
-27.1629
0.767209
0.503713
0.0847958
0.34943
-4.06039
-2.30811
0.80577
-2.7016
0.707812
0.173299
0.0908771
-384.896
-1.03844
-8.84996
-0.473532
0.217636
0.935725
1.11654
0.168442
2.07171
0.421696
0.853042
0.187292
-21.3865
7.7786
0.0110452
-1.10188
-2.143
2.43532
-4.08733
0.699832
0.791978
1.47165
-0.382964
1.05109
0.181154
2.27747
-1.54132
-2.65753
-0.347624
-1.50082
1.1466
2.16365
1.32708
-0.709597
0.0860193
0.842043
-0.745234
40.7524
-0.148618
0.651984
1.26234
2.3761
-0.237246
102.114
-0.15554
-0.553067
3.06761
0.769931
16.6489
-2.30995
-0.267345
0.393562
-3.24757
-1.29792
1.70848
-0.472919
-0.8376
-0.0765286
-0.7187
-27.1007
-1.79108
-1.18161
3.32453
-4.20165
-0.086275
1.72448
-0.75625
0.23389
-0.443341
-0.764521
-5.5368
1.77723
23.4827
2.02933
-0.027339
0.68468
0.601306
0.356848
0.0472461
-1.6078
-0.13768
0.264433
-1.26983
0.373517
-3.93709
-0.450141
0.453807
3.26768
2.04124
-0.351756
-2.07374
2.42269
-4.26258
0.600249
-3.2835
-0.608657
3.43631
-0.854115
-2.11626
-7.48883
0.488281
-1.88679
-0.154669
-0.824282
0.078353
2.17849
-3.27968
1.06786
0.196315
-0.614369
-1.10272
5.28837
-8.57832
0.477383
1.04554
-0.543046
20.7809
2.09429
2.37131
0.559064
-0.666617
0.251872
-0.601038
0.0268471
1.48937
6.05245
2.87594
-0.186171
1.50894
-0.11476
0.0361501
2.03332
0.307607
1.2204
-0.841682
18.7826
2.62431
2.91823
0.939189
0.454622
1.29227
1.36637
0.483526
-2.08133
16.7354
0.717806
0.236063
7.23544
-0.213612
-0.267348
-1.09041
-1.04126
-0.717864
1.27331
-1.48624
1.25777
12.0926
19.075
-0.424167
2.04019
1.0492
-0.241637
-0.45381
0.81163
1.50197
0.0430871
-9.665
4.9219
-0.661231
-6.84289
0.276324
-0.286371
-0.632598
2.66253
-1.63283
-0.193674
4.17482
1.68595
-2.75566
-0.981808
-0.641228
-0.464823
1.0261
-1.74994
-8.00352
8.23762
1.07765
0.14051
-0.282281
0.672188
0.491216
-0.524301
1.46627
4.22036
0.384045
-5.17697
-12.707
-1.55885
1.37763
-1.08357
-0.3042
0.178262
0.591814
-0.566757
-0.858187
-2.47633
1.04851
0.214376
0.397552
-0.0827843
7.65228
0.388291
2.56259
-1.72399
3.1492
0.683327
0.390952
0.211951
0.782678
-0.419415
-6.37809
1.0267
-5.42166
-15.669
-3.96932
-0.400777
0.649488
0.349865
168.326
2.76645
-14.9552
-0.177457
-1.66255
-1.67251
0.00719519
0.279767
1.86332
-0.447167
-0.742887
0.749708
2.13074
-16.2181
-5.00178
0.692078
4.4126
-7.40562
-0.323174
7.5892
-12.2679
-0.178851
99.976
-1.57415
-0.0389731
0.643037
-0.198052
0.530538
-1.89796
0.154414
-2.81605
1.92279
6.76075
2.742
10.8376
1.06292
-3.59773
-0.935842
0.291169
-0.287229
0.0412128
-1.78014
-0.354343
2.92153
-7.47626
-1.00845
-0.129804
0.172148
0.775428
0.692718
-1.60725
2.57701
-0.860466
3.50011
-0.250941
-1.43899
-1.04269
1.94628
-0.49418
-5.00772
2.79965
0.470931
-0.329593
2.91154
-1.62284
1.28862
-0.845842
2.87287
-6.31771
4.21145
0.202769
-0.435405
0.200929
-0.722304
1.23203
-0.7466
-0.236962
-44.3621
-0.224115
4.55797
0.121598
6.37481
-1.50611
0.330028
-6.06879
-0.450558
0.704178
-2.40785
4.46152
-3.33045
0.162078
-6.98916
1.29937
3.85843
-3.9359
-3.02337
-0.130017
-0.577422
0.279059
3.70976
0.556568
0.678793
2.01342
0.314083
-0.441233
0.248564
-1.37595
-1.02798
4.38044
4.00444
-7.25607
3.85163
3.58462
0.51716
1.43346
1.08634
7.40798
0.131637
-2.85353
-2.07693
-1.91589
-0.0719678
-1.75198
0.397838
-1.4346
-0.916199
0.552041
13.923
-1.25026
-0.228297
4.13867
-3.12002
-2.72311
-0.896031
5.0514
3.46407
-5.64232
-0.232971
-0.288799
-3.96457
-19.0322
11.0733
0.170147
0.154987
-5.03926
-1.74851
-11.799
0.651344
-0.724235
12.0789
-0.514363
-2.52179
-0.00358118
-0.333551
-4.63184
0.90296
1.22353
0.568608
2.04882
-5.30524
-2.79597
-2.92706
-1.27907
4.82314
-1.25621
-1.65307
4.28896
0.400771
0.151703
0.187211
0.665223
0.914988
0.299829
-0.418039
0.96041
0.538143
1.03561
-0.110997
0.306352
-1.02591
1.72564
-18.8468
0.489624
0.682288
-0.774463
-1.20213
-1.34106
2.92756
-1.87078
-2.47315
-1.02215
13.526
-2.18592
-0.950596
0.342014
-0.669368
-10.617
-0.0660549
-0.475994
-1.09135
-2.52445
0.871685
1.79691
0.071346
0.395164
-7.30369
1.19931
-1.77924
-2.18366
-0.752856
-4.63442
-1.46037
-2.68188e-05
0.329216
-0.306546
-1.88183
-2.16186
1.52991
-0.220172
8.21065
0.0797022
0.1379
2.19836
-2.10737
5.36005
-11.4539
1.59643
7.80198
3.14091
2.82141
-0.00402658
7.13766
-1.42536
-0.175302
1.66751
-1.9772
1.27569
-0.530859
1.34138
-26.8319
1.53635
-1.09147
-0.947779
-1.02912
0.973135
-9.90833
-12.1932
-0.297352
-0.978552
4.56221
1.44739
0.106793
-0.666881
0.584017
1.15682
1.34982
1.30226
-2.24779
-0.804577
0.0578073
-1.31445
3.82196
-0.642889
4.44396
-2.12419
-0.569724
-1.0009
-1.09982
-0.66489
0.443144
-1.43797
2.46041
0.64211
0.455902
1.43394
3.15551
10.3522
-6.26314
-0.50096
-5.35725
1.10876
0.387584
1.84262
-1.20648
-1.12847
-0.265983
0.143794
-1.39218
0.419634
-3.39873
-0.186689
3.12941
-1.89162
3.35328
-19.7109
-0.315353
-19.391
1.05115
-1.23507
-3.77079
0.336136
-3.37307
1.90362
0.233049
-0.189788
5.13504
-0.571051
-0.530185
-0.120881
-0.0586124
-1.73884
52.2929
-1.56867
0.638612
-0.342559
0.985575
1.19002
-0.914974
-1.58678
0.459829
-0.948286
0.544452
-0.277466
0.901998
-0.307626
-1.78308
0.643442
1.705
-1.17056
5.63862
-9.45815
5.87825
-0.908752
-44.9735
-0.718379
-0.757017
-0.898577
16.93
-2.09875
0.77332
-0.546116
-1.0997
-0.718332
-0.129131
0.359757
0.447312
0.765336
-1.29162
1.69222
1.8943
-1.4714
-0.539943
2.7095
-4.22191
1.44749
2.80085
0.00469297
-1.80883
-0.910672
-2.54212
-0.182519
0.182197
3.3235
-1.63569
-3.77381
-1.18216
-0.55448
-6.99325
-1.22617
-0.244157
0.57705
-1.6992
2.80348
-4.34245
1.63028
0.69044
0.357459
0.709856
-1.28114
-2.18455
0.441232
2.09309
1.28087
0.66114
1.03227
0.113871
-4.01328
-0.102075
2.00314
1.11023
-1.48718
0.322253
-0.254013
-0.439051
-0.0138306
0.204819
-0.565819
-0.642696
5.62688
-1.81805
-1.06806
4.86594
0.559887
0.219933
0.242548
-0.116449
-4.2224
1.138
-2.5791
-1.17655
1.7625
1.71146
0.390675
0.138346
-0.0567206
-4.58267
-0.579391
-0.388819
-2.08206
-0.219456
4.02116
-1.53922
-0.480983
-119.081
-0.251761
-0.0100613
-14.4729
-0.790689
1963.19
0.260762
-0.760903
-2.75633
0.395021
1.05818
1.52804
-0.76401
0.813358
-14.1422
-10.3526
-0.539444
-0.117012
-1.50893
-4.14307
-1.20817
3.1726
-2.10954
13.2266
-2.33175
2.3734
1.3986
0.103649
-1.8181
-15.3512
0.164609
0.876987
1.83161
0.697222
-0.0789151
-1.42023
-1.54558
-0.733743
0.99198
-1.43488
0.309209
0.316089
-1.11975
-1.09235
1.13759
-0.146337
-1.00392
-0.65047
-5.55468
-0.254531
-0.397198
-0.370114
0.149395
-2.03059
-0.669959
0.587435
-5.50916
-0.00807116
1.88832
-82.6162
0.00577027
2.71624
-1.43083
-1.88606
-19.2841
0.688828
-0.433985
-0.0504103
-1.63946
-0.641256
1.40014
3.75761
0.717213
0.480018
-5.10073
-4.92254
0.381506
2.19147
13.983
1.72043
0.408481
-5.58887
1.3614
0.881977
5.29771
2.84846
-0.309472
-0.480175
-0.976711
1.96172
-0.776045
0.0561527
3.07977
-153.35
2.28914
-2.28824
1.53862
0.742786
11.2841
-7.84758
-0.00406721
14.6988
1.22316
-1.45314
0.745398
1.02434
-0.426615
-0.546197
3.8752
-0.892218
-3.73283
0.0145096
0.145
0.61471
3.14926
22.1882
0.461073
-0.378584
-3.10531
2.24601
-1.90462
-0.1334
0.442402
0.721261
2.29378
-28.6716
-3.4992
-0.897326
1.73456
-4.88706
-1.19008
-0.820323
1.04215
0.418077
-0.130932
0.267602
0.204378
0.649257
0.552325
-0.180265
-126.623
0.587718
-1.74408
0.804293
0.28456
-0.0921869
-0.176166
-0.218358
2.60288
-1.391
-20.9874
-0.0628628
-1.33535
-0.246408
172.079
-1.9943
0.400161
-0.526159
3.19178
1.63549
-0.422595
1.39403
-0.0516014
-0.447479
-4.44749
-0.420718
0.923933
-0.767284
1.21823
-0.782361
-0.262438
2.93279
-8.1761
-1.89246
1.4784
0.472731
-0.888408
2.49519
-1.01089
-0.462667
-1.41554
0.643898
-1.07615
-1.15021
0.386811
-1.4837
0.81389
1.7153
-1.13074
1.20146
18.2342
176.104
0.891252
-0.975996
12.5626
-1.19992
0.109021
0.338947
-2.21975
-2.02262
1.88386
0.0451118
-2.97732
15.6019
-50.7748
-1.20023
-0.0665292
0.304195
0.447512
-0.509562
7.15061
1.0149
0.218699
326.126
0.645174
-1.36134
0.588484
-1.07925
-9.14339
0.362403
0.646033
-0.673185
-0.64385
-0.190082
-0.593664
1.30503
0.444691
-0.23148
2.54387
-0.850858
-0.231893
-0.364292
0.44308
1.20991
-4.16073
0.155267
1.28599
0.663434
-0.460208
-1.03328
0.415561
0.477401
-1.07721
-0.213136
-0.519859
4.15402
0.611535
-4.3985
1.96894
7.21246
0.61641
-1.00522
-1.02136
-0.793001
-1.70175
-0.0589968
-0.0696912
-1.17454
-2.75132
0.603828
-0.0778633
0.257754
-1.664
-1.60613
-0.262123
-0.132855
-1.49746
-4.85803
1.54092
-1.12356
-0.85118
-2.61918
-0.859058
-0.956496
3.95357
-3.49851
1.17342
-0.17291
-0.689119
-0.397456
-0.0403801
-0.074255
0.521529
0.867401
-0.214797
28.9595
0.795431
-0.372984
1.95549
0.237146
0.406258
-20.6506
-13.6201
22.3054
8.76787
4.17961
3.05692
2.10565
0.114909
0.489052
0.000792639
-0.0244756
2.19624
0.142915
1.87793
-2.10191
0.511921
0.949773
25.6127
24.5788
-0.436237
-0.00225861
-1.1136
0.466163
-0.103349
0.708853
-0.211898
2.78398
0.897716
0.518939
0.28628
0.365089
-0.160955
0.0881571
0.278742
0.0705216
1.68065
13.6695
0.730395
1.27963
-8.50631
-0.0344818
-0.382408
-5.53883
-0.711379
0.0923327
0.71154
0.336368
-0.611978
-19.8526
-1.24102
0.286553
0.405629
-4.22003
-0.139456
-0.974752
0.167317
-0.0325811
-3.31832
0.380968
-2.78528
-3.45296
0.0155011
0.328737
0.543216
0.00895723
-4.71241
-4.90265
-5.00828
-0.507332
2.59185
0.756156
0.279248
-0.775103
2.37091
-1.04746
-0.518562
12.1859
1.97505
-0.911538
-11.0838
6.05845
-0.175128
-0.204487
0.425683
0.483657
-0.173533
7.81532
0.314518
-0.261849
-1.42305
-0.133773
0.420448
-3.66939
-0.578749
-4.65479
0.498302
5.16297
-0.0105921
0.790025
0.908321
-14.9744
32.7249
5.85323
0.350222
-2.56772
2.38453
-1.14152
0.371076
2.85018
-0.983775
21.2316
-29.577
-1.86378
0.188235
1.69835
-9.1185
0.348937
-7.64793
-2.09825
-0.0362362
2.95702
2.11495
0.270064
1.32598
-0.969093
-0.478376
1.9529
0.843743
-1.09808
0.211094
-1.72821
-0.264275
0.129236
-1.47383
1.15032
0.172959
-0.741428
-0.441668
-0.311821
0.57528
2.19401
-0.0728985
0.488851
-0.660327
-0.525869
-6.71719
-7.93239
0.562337
0.266429
-0.0438887
2.53118
1.78279
1.04562
-0.819571
-0.566347
0.122595
-2.68795
0.366575
2.051
-1.99929
0.0945248
11.0949
-8.32955
-0.434683
1.08676
9.03476
-2.32388
-0.656563
0.817595
-0.947974
-7.96212
-0.439221
-3.66485
10.0229
-0.164012
-1.58402
0.113439
-2.62736
-24.6581
-1.10659
-0.404076
1.40146
-24.1646
-0.3384
-1.19759
-1.10491
0.558459
0.835619
-1.85245
-0.456505
1.23432
3.88372
-3.38753
11.4378
1.31276
0.340317
-2.95512
-1.46099
0.994735
0.263047
0.985983
1.58268
-8.27171
0.543118
0.95375
-0.0365507
-0.589033
0.620051
-0.0294528
-0.368156
1.88523
-0.270656
0.870887
0.856684
0.621781
-0.108788
0.644678
0.10625
0.00790865
-1.6463
-0.677998
-1.27524
-2.6247
-6.15177
-0.74968
-0.0382839
-6.20124
0.563594
0.732412
-1.1358
-28.8077
-0.370502
-1.7615
-0.769984
-2.47411
1.58574
0.119308
0.739026
2.36676
5.12459
-0.71936
4.7797
2.76555
0.531848
0.295073
9.57453
3.2739
-40.7232
0.306105
0.0749775
-2.76724
8.39166
0.070899
10.8449
1.61712
2.4013
0.82179
-0.353527
-0.192736
-0.953127
-1.0993
4.99399
0.968012
-1.32127
0.949795
-2.65057
-2.65555
0.226211
0.311952
-1.31219
-5.94718
0.572154
1.04383
-1.43104
-0.629386
0.621063
-2.62068
-4.2796
0.349447
0.902058
-9.25234
-0.137453
0.782939
-4.72556
-14.1962
-0.423385
-0.53242
1.34867
-19.0861
3.98723
-0.1049
-0.58138
0.86497
0.295549
-0.269361
2.83876
1.6238
0.635565
0.646568
-0.484622
1.12628
-0.987086
-6.52063
-7.41558
0.423046
-2.62738
-35.0106
-0.665958
-1.27788
0.592967
1.07426
-4.33625
0.312733
0.300583
0.191475
1.21715
-0.522965
-0.900395
2.70849
0.530948
1.08421
2.41675
-0.516334
-1.31187
-1.31512
1.54278
0.122557
2.99156
0.983876
5002.97
0.0519269
1.48607
-23.9514
-0.52194
-0.940536
1.99717
-0.343163
-1.01
-2.63857
-0.596298
1.43882
0.42679
-4.78245
0.404803
1.24124
0.159502
-0.764349
0.510039
0.217729
-0.232532
7.35147
-2.73214
0.643316
-1.39206
-0.396088
0.176839
-0.338059
-4.68053
-0.520372
2.59591
-4.65182
-3.59336
-0.591653
-11.9537
-0.477373
0.101383
3.1303
-0.799681
-3.09125
0.257722
0.898887
5.07779
-1.53319
-1.01531
0.550128
1.20551
0.251966
-0.394195
-0.379855
1.90415
-0.144211
-1.25981
1.03354
-0.138182
-0.629786
0.192788
-8.99527
2.13204
-7.59633
20.411
0.309345
8.14027
-0.311982
-0.587581
-0.277453
0.359237
-2.50239
0.562264
-0.434569
48.5854
-0.132373
1.03888
0.410438
0.605347
0.0317774
5.28418
-1.05444
0.160982
0.477789
0.700462
0.306544
0.0239198
-0.734267
0.87518
-1.18529
-3.51567
1.71934
-1.60459
-2.77735
-3.34269
-0.323554
0.108339
1.75312
-1.00627
0.965742
0.287536
0.153801
-3.8354
0.462192
-0.936592
0.241379
2.03596
-0.159
1.26244
-46.6742
1.75046
-4.32688
16.0629
0.233249
2.37736
1.24669
0.315075
-0.0417669
-3.15173
-0.744829
-1.28165
1.51534
-0.234406
0.923789
1.78946
0.419522
0.365376
5.35558
0.767874
-0.625428
-1.93144
-0.749954
1.66114
9.75671
-1.80618
2.15201
0.191928
-3.25766
0.0601904
0.561212
-0.274708
-0.683187
-3.95628
0.950671
3.95244
0.678434
2.01274
5.62366
1.3891
0.431471
-5.67456
-0.342118
-1.21846
-1.20126
-0.250668
-0.295347
-0.802315
-2.36123
2.2638
-0.0183958
2.66932
1.81349
-0.147828
-0.745885
-0.429826
-0.111058
-0.121981
-0.109226
1.73151
5.2126
-0.533512
-21.7548
-97.4834
0.826645
-0.577743
8.75161
11.0868
0.5014
-2.10732
-2.02764
-0.109798
-61.166
-0.611645
0.403882
-8.27519
-0.112158
3.69904
1.93244
0.13898
-0.120948
6.32972
-0.246482
-0.71431
1.02763
17.0675
0.183855
-0.351274
2.02941
-1.0618
0.636662
-0.210072
0.840057
1.51808
-0.593205
-1.30834
-15.8281
-2.02904
0.199908
-7.39392
-1.05782
0.549471
-22.7462
-0.802518
3.92496
-6.89089
-0.0451419
0.120636
0.863849
2.77531
-1.00199
1.14623
3.17283
0.556632
-4.45139
0.0203797
3.61423
-0.228662
2.66129
-0.325006
-2.82341
-140.973
-0.317088
0.496752
1.31936
-0.234709
-1.23955
0.0894098
-0.68523
1.93327
-0.137437
-1.4618
0.121604
-0.650297
-1.89099
-1.11409
-1.68301
0.738991
0.0979213
-0.469161
-0.269238
-0.510497
-9.59115
-0.759856
-0.472729
-1.30188
0.540282
-0.222078
1.64908
2.71967
-0.305711
-4.24193
-5.0177
0.04513
-0.968515
0.627894
-0.689848
1.59736
-0.270077
-5.4613
2.77809
-9.0931
1.15775
0.8694
-0.118357
1.44003
-0.0761055
-0.497326
-0.120046
1.7376
0.0699489
-4.96442
-18.5651
-4.22068
0.052747
-0.000208277
-1.21965
0.197349
0.0167287
7.42632
-0.548946
0.468345
1.08572
-0.112712
-0.700721
0.180847
0.545866
-2.18558
-0.217265
-8.02935
-0.00380608
-0.228819
4.78911
0.145879
0.198055
-55.7842
0.111541
0.0611018
8.97522
0.272656
-0.23736
-6.07949
0.0799102
1.12888
5.64489
0.811368
-2.89695
20.4271
-0.606099
-7.46979
-0.200663
-0.234676
37.0728
1.3953
-2.49774
2.40824
27.5211
-0.778221
0.0234731
5.1602
1.31836
0.452839
4.10199
-3.13814
0.57166
2.12204
-59.7579
-7.23608
-8.91719
0.858544
1.42433
0.429529
0.76762
0.202545
-1.73272
-0.306609
-4.0743
1.07054
-1.62405
-1.03716
0.023183
1.99091
0.613886
-0.0732145
1.0364
-1.65091
-0.143167
2.81334
0.768093
1.22484
-3.46448
0.413558
-0.372615
0.791162
-0.177391
0.060321
-4.45994
-1.0708
0.456963
-1.96421
-0.593842
-1.74867
0.637328
0.231799
-0.845033
3.05487
-1.293
0.981438
0.521921
0.486765
-0.896688
-0.0899559
2.63248
-0.0206649
-0.16374
0.938956
-0.0892351
-0.619914
-1.55663
0.0913346
0.697029
0.225068
-16.6945
-0.266854
1.5048
0.205143
-2.32347
0.865628
-0.915193
1.53628
-5.60392
0.75863
0.0533914
3.16065
0.00960031
0.034171
0.796045
1.55552
0.197618
-15.0061
0.426656
33.9487
-0.998515
1.67926
-0.681445
-0.106857
0.0830173
-0.201369
-0.405242
0.614949
-0.117859
-8.95852
-12.1689
-14.2374
0.856034
1.73118
2.42076
-1.15029
-4.85284
0.119282
2.14282
-0.619128
0.286831
-6.06379
-0.229881
0.642186
0.360896
-0.154246
-0.155863
0.938134
0.30208
1.09704
2.35521
-107.541
0.836343
0.0408385
-4.63569
-0.584138
-0.385247
0.191335
-1.23726
-0.527959
-2.23991
-0.371594
-3.42634
1.06706
0.115078
-0.125827
0.796298
2.93723
1.55884
-0.429537
-3.83551
-1.6193
1.35345
-0.163399
-1.79442
1.6132
-1.70046
1.70579
1.77439
-0.480965
7.62656
-0.217291
0.0535551
-4.65177
0.0626171
0.12043
-0.476735
2.00236
11.605
0.707898
0.450845
-15.7157
19.4706
-0.560186
-0.298815
-0.548556
-0.996134
-2.94119
14.6804
-0.681127
2.1347
-12.6093
-0.490398
-0.378606
-0.737606
1.50404
-1.09868
3.39552
-4.20336
0.363188
0.622732
-2.40862
-1.07483
0.00217371
1.83402
0.0334016
2.18617
-0.751608
1.29643
-0.219386
-1.13307
1.88945
-2.35224
0.798538
0.923392
-1.79312
-0.0785223
1.92155
0.0352397
1.31623
0.276434
7.29265
0.0307335
0.570953
0.443612
-0.571654
8.64305
-3.52703
-0.796624
-6.2892
1.13447
1.59788
-2.8087
35.455
-9.08425
0.706465
-2.87949
-5.02307
-1.81628
1.03177
-1.05736
0.781119
-1.51053
-1.63871
-0.477405
-0.773487
15.9308
-3.93558
-2.95008
-3.32116
0.538127
14.0535
0.585602
2.47874
-0.0950287
0.563242
0.740866
-0.527295
2.17699
0.255902
6.83197
0.399784
-3.42835
0.810221
7.07944
-0.892255
-1.56044
0.13212
-11.993
-6.55839
-0.272771
11.1182
-4.71651
-0.0910919
1.61459
1.6287
0.572806
1.36485
2.00002
-0.566251
0.56046
4.42164
0.150449
0.144321
-0.128898
0.184061
5.15505
5.97005
0.614755
-3.57415
0.420506
0.475357
0.519657
-1.56309
-5.02935
-0.375654
10.9507
-0.640236
-0.0495468
75.9575
2.796
-0.984992
0.69528
-0.74642
-0.131955
-0.516391
-0.283995
0.58306
0.227628
-3.2851
-7.46501
-1.90883
-0.0893313
0.224243
1.56046
4.22101
-0.0526095
5.88259
-0.140387
2.08331
2.14457
-1.25501
0.034104
-6.45298
-0.795391
0.285321
-3.28651
-5.74036
-1.98686
3.24458
-3.86244
1.91599
0.0979266
-1.62663
2.63621
1.26652
-24.8984
-4.60455
-1.92353
0.464702
-0.169757
3.66791
-0.198294
0.854195
-0.278578
-0.13666
48.6977
0.428421
0.694578
-0.153678
-0.238558
17.3891
0.788185
-2.59218
1.85375
-2.88196
-1.6027
-0.281978
1.3064
-1.37408
-0.85687
0.862033
0.613303
-16.1968
-0.00465173
19.6403
-1.36672
-0.298092
-9.43969
-0.902547
-0.0773419
-1.98533
-0.278224
0.979691
0.637611
0.873343
-6.61019
1.51718
-0.843624
-0.375967
3.05881
-0.456413
0.28032
9.04772
1.1089
1.80528
-0.0469293
-0.767611
-1.45297
-1.98287
1.97572
-0.0191855
0.924864
-6.73902
0.969679
1.92277
-0.119744
-3.7882
33.6488
-0.773236
-6.72495
-1.61893
-2.43917
-0.643637
1.99391
0.347645
2.53704
-0.233136
4.85126
0.293297
1.09974
0.321644
-7.04779
1.37436
-0.6611
-16.2893
-0.705344
0.122502
-0.857739
0.437667
-1.86755
0.160851
-0.516519
-2.06446
-0.338263
0.954128
-15.8456
0.301819
0.72445
14.8084
-1.77249
1.08062
-1.75378
0.776336
4.65512
-0.295065
-0.832699
0.248498
-8.97846
5.32226
3.34135
0.674363
0.742816
-0.0850132
-0.291918
0.316595
0.83012
-0.510039
-0.184978
1.05052
-36.0095
-0.720044
-1.75687
-0.27957
6.24465
-2.69505
-0.131959
0.109987
1.801
-0.838228
1.41598
-0.568382
1.17781
0.363913
-0.364785
-0.167473
-1.42231
-1786.21
0.439474
0.914167
-0.205026
-0.688189
0.161417
3.41013
-1.54654
0.347975
-0.544671
-3.15765
0.958212
-1.44646
-0.00943467
3.53113
-3.49468
3.04246
0.983824
-0.294108
-0.0828063
-0.300228
-0.467234
-1.26032
-0.668789
1.08155
2.52276
-1.04504
-0.800401
-0.529148
-0.0688312
-2.359
-0.612022
-6.88698
-0.687928
-0.835136
2.41866
-1.41853
4.87253
-4.02298
-0.571929
3.99372
-0.916024
-1.01658
2.78957
-2.18654
1.28844
1.31214
2.24473
0.857096
3.09275
-0.165898
-0.327796
1.8106
0.844296
-0.996109
0.335661
0.0392763
-2.14521
-0.217979
-0.167256
-0.131249
0.414815
8.89995
-1.58506
1.2018
-0.0039191
-0.0919672
-1.58271
-0.618376
-0.575712
-2.89444
6.2246
-0.140216
0.593487
-0.916505
2.59195
-4.81038
0.281428
-0.431429
-0.26036
-0.805099
-1.15232
1.98651
-0.142725
0.60831
0.96827
-6.23206
0.226024
-0.102314
-1.36737
0.00072455
-0.775527
-6.57311
-3.83404
1.24444
4.16013
0.560716
-0.618588
5.39773
-0.351016
4.41564
-0.133114
0.542441
3.24455
8.80568
-0.534851
1.23654
-1.77468
-0.955885
4.79034
0.227284
2.19267
1.23993
9.32188
-0.0488645
0.688211
2.02189
0.0723624
-2.42249
-1.29811
-0.606417
15.7473
6.94869
-1.1058
-1.165
0.459986
0.314591
-0.807686
-0.569278
3.79139
0.648585
-0.140081
-1.89137
-1.4524
-1453.24
0.724569
0.589497
2.24513
-5.59983
0.491532
1.36325
0.105189
-0.115234
-2.64424
-4.40694
-1.05623
0.198175
0.177279
-54.098
1.22184
-2.41974
0.163426
-0.167706
0.676831
-0.865338
-5.19751
1.76013
1.6898
0.0400139
0.0267071
-0.715262
-0.0283821
-0.637276
-5.05346
2.93868
-0.266362
0.49454
-1.03054
1.52031
1.24812
5.38032
0.896066
-2.05859
0.00119195
4.1031
0.301619
-2.68599
2.00393
-0.153845
-0.122055
-0.111469
2.66024
-1.07002
-6.92992
-0.159261
0.434871
-0.640433
0.528922
-1.44139
4.78606
0.109322
0.746341
-1.18029
-2.83628
0.842619
-1.15049
4.43565
-0.285947
-0.194387
-0.138659
0.169819
-0.0740494
0.41671
-0.169607
0.330723
0.330739
-3.07566
-0.818908
0.227253
-0.0571252
0.111176
-0.0199221
0.218476
1.35859
20.9515
0.160835
0.947954
-1.37161
-0.50825
-3.88323
-0.0876502
0.454909
0.188754
-4.60889
-1.8774
2.87056
7.21442
0.534717
-0.637932
-0.163383
1.32169
-0.596903
0.077412
-4.93168
-20.026
5.17458
0.554857
1.24565
-5.7686
-0.0126485
-1.59757
1.41301
1.51184
-0.541074
-0.357517
-2.50501
-0.474643
-0.495082
-0.689853
-0.0112985
0.683023
1.14525
-1.39216
-0.421554
-1.58595
-0.0353383
20.2787
0.536552
8.73324
0.299858
2.03977
-0.864996
-0.371598
0.357812
0.125802
0.606597
2.03886
1.23878
-20.7003
-1.85078
-29.8256
-0.258252
-0.745883
0.751677
-0.0595505
