-43.6473
3.48858
1.65025
0.393701
2.10013
-0.161046
-0.259346
-1.47522
0.303697
-2.74322
-0.417493
-1.70928
0.269368
-5.08743
0.622066
0.349056
-1.34909
0.760232
1.02504
-1.25714
-4.72375
0.203268
0.92431
1.34687
-0.352048
-1.41326
1.95249
3.6236
-0.404095
-1.21153
-0.432075
-0.0951298
-0.846381
1.12699
0.933391
-0.747026
-0.540936
-1.86563
0.360111
-1.29686
-1.73942
-10.271
-4.05658
0.26233
-4.888
-3.57176
-15.9342
-1.35556
-2.66549
0.0626384
1.50724
0.270679
2.49562
1.66986
-7.19637
-0.495486
0.483737
-0.312625
3.40375
2.23613
0.491803
-0.201455
0.0274378
0.408131
4.46432
-3.87858
-3.69816
1.16652
-0.078452
-0.60076
0.453985
-0.68563
0.128547
0.714127
-0.457749
-0.854213
5.53351
-0.909647
0.12581
-0.861642
-0.157835
1.53043
-1.4803
1.28494
0.474526
0.108703
-2.50108
2.44091
0.0151854
0.368432
-1.25207
4.94254
0.0284346
1891.13
-0.0273448
0.0410368
1.08683
-2.9363
0.109451
-1.18277
1.46146
-6.47971
0.456462
-0.670297
-1.33956
3.6593
-4.39466
-0.649614
1.5821
0.68407
2.40132
0.174304
-1.59918
-4.60789
-3.15595
0.101647
-0.393559
-0.937099
2.00273
2.94486
0.589275
-1.28335
-0.0690374
0.501528
-1.09907
-0.736164
-0.674463
-0.446743
5.94946
0.0227252
-3.6151
-11.8293
1.74535
-0.939425
0.508525
0.0615994
-0.0384923
-1.14573
-3.83027
-0.414481
0.640179
0.692321
-0.175785
2.20178
-1.32289
1.25232
-1.03643
-1.19231
0.396341
-0.119736
-0.0247153
12.5247
6.09278
0.370967
-0.333905
-0.254501
0.206728
-0.0184281
0.710543
-0.555291
14.6517
3.13471
-3.22037
0.317157
-4.59193
-0.697557
-1.67667
-2.61359
0.966097
0.800607
-1.17967
0.257192
2.17017
-0.50044
-0.794916
0.0909861
0.319952
-0.0165422
3.30428
-0.615128
-8.07045
3.1763
-3.9691
0.279365
-0.579144
-0.434403
-1.1318
1.87
2.60063
1.37035
-0.245655
-0.790204
-0.302411
-14.3234
0.562772
-28.0028
0.127053
51.2644
0.608772
-0.855642
0.154719
-1.80796
1.14179
7.26056
0.598931
-0.808366
-3.36425
-0.965805
-5.08506
2.04183
2.02779
-11.1963
-8.93125
-3.45839
-0.669351
-1.44017
0.267886
-1.8476
-0.142223
-18.1525
0.104709
0.0160258
-0.564468
-0.0374527
-0.58307
0.0967233
-0.548862
-0.130844
0.622178
-1.86603
-3.36837
6.72219
3.90803
0.395172
0.0490082
-0.242097
0.515545
0.586272
-0.110647
-0.169197
0.751033
3.30864
-2.88447
-1.09471
-1.54602
0.809457
2.84118
0.0420906
-0.56124
0.543825
0.051937
9.48681
-0.815692
1.1582
-3.669
-0.722579
0.626994
-0.137983
-1.55249
0.0627869
0.27749
0.873284
-0.9348
-0.364483
0.223691
-0.493508
-0.207533
-0.41934
-0.0200934
0.164866
-0.386614
8.18754
-4.19375
-0.154751
0.0701208
2.30456
0.28571
-2.56638
-0.658447
35.412
0.962718
-0.66934
0.5458
-2.47974
4.75813
-1.53372
0.207194
1.18189
-1.07839
-0.894946
-2.27186
-0.940382
0.915864
-0.613623
-0.620953
-0.786742
-1.66961
-1.83618
5.36688
1.42985
0.329627
-0.355913
2.35056
-0.626629
-0.123675
0.209433
-1.12795
0.0155728
-1.96433
0.874253
-2.28445
-0.140004
0.401719
8.06605
1.87808
2.41286
-3.39974
-7.77063
-3.99752
-1.27211
-0.0253881
0.247781
0.948911
-2.11487
-8.52314
-0.587417
-3.3473
0.768241
0.529244
-4.56466
0.821413
-6.61177
-0.724874
2.25924
2.94368
-0.449877
-0.0632574
-1.00632
2.87481
-0.650299
0.760826
0.156334
0.592775
15.897
-2.17307
-0.43243
1.03551
-1.37804
-4.92454
-0.208072
-1.42748
0.509486
-1.36283
-0.0617216
-1.14204
1.05173
-0.634907
-0.00295264
-0.402051
0.475087
0.069982
-0.164092
-2.04519
-8.86187
0.715235
6.62167
-0.160942
-0.543563
4.29203
-1.37156
1.41496
-0.510234
-3.20117
0.413686
-1.23563
4.56448
-28.2662
0.458539
2.72607
-0.5162
4.44009
-4.81865
-0.578681
-0.622314
1.17066
0.0774452
2.31623
-0.339364
-1.27803
-6.00656
-0.862778
-0.811725
-1.46999
-0.113358
-0.736683
-1.7074
-1.4781
-1.11066
2.27281
-0.14572
3.26259
0.897446
1.64218
-2.73774
-3.03491
0.0818761
0.525244
-1.21064
-1.03746
-0.0719729
0.85374
0.372052
0.933559
1.56284
-6.56402
-7.31112
-0.301454
-0.661226
0.880044
-0.319741
-0.289361
-0.735896
-0.323469
-39.6134
-0.497598
5.2721
0.167786
0.896122
0.384124
-0.0110442
-0.519608
1.94468
-1.16542
1.53424
-1.79356
-0.0650601
-0.718681
1.83431
0.217047
0.942391
-0.440958
-0.330724
358.776
-1.77091
2.3558
-2.8675
-10.6384
0.125467
33.7557
0.97064
0.846479
-0.389896
-0.465066
0.974836
-2.51165
-9.60335
-0.430355
0.314415
1.06545
2.93493
-4.42232
0.214226
0.598669
-6.64566
-3.76109
-0.961404
8.70909
4.72235
1.59174
0.612673
1.47086
-25.4288
-1.21268
1.02434
-7.62477
6.07995
0.130259
7.74804
1.51006
0.920589
1.42614
2.44607
-14.9756
-1.22045
-0.605234
0.925846
0.741017
1.19203
0.630554
0.594566
-28.2215
-0.871142
-0.529386
-0.294686
-1.88853
1.6337
-172.164
-64.6525
1.16546
-2.83326
12.9252
-1.88144
0.0661028
-28.2967
-1.06745
0.636305
-1.24969
0.597047
-0.180627
2.46397
-1.35295
17.2702
12.9262
-0.225609
1.22087
3.28339
2.06743
0.26376
-0.143815
3.97782
-1.16964
3.85023
38.9182
-5.40609
-8.57314
-0.0659449
1.31588
0.107315
-5.12369
0.335709
1.45727
0.555568
1.50754
6.12524
0.39041
-1.39454
-0.761881
3.81528
-0.212532
1.79991
0.19152
-0.176455
-0.332693
-1.25167
0.743845
4.10124
-1.1654
-1.32167
0.543058
-1.39389
1.48405
-1.89811
4.12392
-46.5326
3.81192
0.92858
-0.736548
-0.532531
0.418279
2.36774
-0.370441
1.04585
-4.60194
-0.0960153
0.205162
1.20781
0.951343
0.961663
-25.9216
0.0472112
1.12569
2.34355
-2.79694
0.695969
1.85955
-3.58115
-0.839614
-0.172522
-6.92882
-2.36989
2.19553
-0.900133
-0.35883
0.408483
-2.09752
-0.851436
-5.03274
-0.475278
-1.12512
0.16236
-0.672398
-3.05463
3.93735
-6.62737
-0.76077
-2.1765
13.5721
9.33321
0.555932
6.12931
0.583974
-0.290789
-2.0907
-0.752521
0.466257
-1.10987
1.1927
-15.1158
1.97533
-6.82495
-1.98973
-1.21542
0.705836
2.77383
-103.787
-4.12096
-1.40523
2.94192
2.1326
-0.410237
5.16612
1.04663
3.42147
0.713136
-0.119208
1.14422
0.994445
1.69513
0.187224
6.54528
-2.0408
2.05728
0.187212
3.21834
-3.05922
33.844
-0.852557
-2.2649
0.0108638
-1.20701
61.6969
1.18464
0.91644
0.694139
0.0954334
1.04702
0.428368
0.70313
2.84531
-0.316941
0.3563
-4.34117
-1.22847
-2.5838
2.46697
-0.104681
19.7893
3.67787
1.98767
-0.224143
0.821228
2.0591
-0.781992
-4.93525
4.19553
-28.1021
0.645175
0.0872242
-2.59867
0.189164
-0.480612
0.392172
-11.6597
-0.496691
0.847059
-0.477517
-0.462659
1.59183
-0.509771
0.449644
-4.84066
0.367812
0.978134
0.129973
3.06871
4.52863
-0.843696
-3.46489
-1.2066
-0.908764
0.411102
-94.8916
1.37158
-12.1847
-0.693343
0.870562
-0.357788
0.690779
-0.450493
0.179132
1.1868
-1.52713
-0.320537
1.22329
-2.73369
-0.140575
-0.033045
-0.39629
0.564712
-0.0632967
-1.01592
-1.03372
-1.81939
4.16911
0.831917
-1.01726
1.94361
0.13439
-1.46277
-2.62417
0.0929682
0.485178
53.4026
0.32348
-21.5352
0.318112
1.23809
1.10103
3.88583
11.5335
-3.00186
-0.844818
-4.14928
-0.572072
1.55603
0.979542
-2.27969
0.546353
8.88241
2.10684
0.492544
-0.905986
-0.950537
109.209
1.70693
-45.6583
-0.181753
-1.94174
0.315504
0.0184655
-0.502884
-0.294944
-10.867
-0.797908
4.08173
-0.464528
-0.808856
-4.678
-0.379692
-1.01714
-0.693966
5.30453
-0.179372
12.9658
2.44838
3.41507
-14.7757
1.5014
-0.558446
627.678
-5.67982
-1.13496
3.6538
-6.91277
37.3764
-3.00467
0.197149
2.06784
-0.612965
-0.293964
0.458547
-401.028
16.2589
-11.2042
-59.0012
-0.541572
-0.407514
8.09495
8.21562
2.19341
-10.6477
43.3704
-1.54943
0.444755
0.954815
0.449823
-3.89169
-5.87166
-0.0802727
-0.850855
1.12886
-1.70328
-0.301586
-0.0613161
0.0969793
0.862618
0.0294022
1.6223
-0.680033
-0.971666
3.35168
0.463996
-0.489677
0.033181
1.78029
0.205913
0.307304
0.0619657
-2.45337
-0.502259
-0.088235
5.23095
0.0919348
-0.495894
0.145199
1.36397
-0.155026
0.355242
1.03317
0.285645
-1.20194
-2.94575
-0.169782
-0.520567
-0.0172529
-1.46115
-0.126947
-0.0999784
-4.85233
-0.0342158
-1.61129
0.308308
-4.47604
1.05411
0.400733
1.04065
-0.0584743
3.59656
0.946623
1.99996
-0.410882
1.9073
1.75744
-0.470879
0.617729
-1.40352
1.5875
0.146798
-0.0109087
-0.417699
-0.234098
-1.38444
-2.38477
0.214879
-0.549609
0.565097
-5.28687
-0.345175
-0.225115
-0.303827
1.39842
-1.46745
-3.07206
-3.03108
1.65025
-0.331876
-15.0601
2.76442
0.969236
-0.000635253
-0.243194
0.342457
-0.897817
0.0265405
-3.21422
3.16666
1.41518
-3.73575
-0.207156
2.48007
0.991371
-0.520313
0.02674
-0.391997
1.70499
1.4014
-2.74681
-0.757704
2.41208
-0.967841
-1.57702
2.5224
-0.254418
-1.49012
0.220314
-0.248593
0.78283
2.40087
0.930396
5.40869
-0.27574
5.53262
-1.79777
-0.676806
-1.83538
2.31548
0.505057
0.586792
1.41102
0.458573
3.9088
-3.04628
0.222321
1.16517
2.63562
-2.04484
-0.279712
-0.584422
0.418367
-1.51193
1.96292
0.230733
-2.6819
-1.67708
1.3191
-72.6474
-0.459264
0.374094
0.977409
0.954094
-3.54878
0.104722
-2.42642
-1.66624
1.2651
5.2717
1.28457
9.56161
-0.115164
0.716985
0.324797
-2.63533
0.129519
-2.40007
-0.152936
0.677617
0.471168
-0.0724941
1.08268
0.0626661
-1.03556
-0.2388
-0.094146
-3.18045
-0.530433
0.9905
0.170719
-1.25937
-0.65847
0.00471449
88.0361
3.64714
0.683631
1.78947
-0.114472
17.424
-0.00504979
-1.32249
-0.95776
0.691579
-1.31358
0.295602
-3.38174
-1.6613
-0.184824
0.48971
0.937255
5.88826
5.25082
0.192404
0.579064
19.0394
2.52393
-1.16647
0.230422
0.617637
-2.02697
-15.8149
0.462165
4.3793
-3.22152
-0.235107
0.777776
-0.506151
-0.683693
1.4441
-0.776462
-8.5531
-1.56543
79.68
1.77664
-0.0715972
-0.905166
-2.04012
0.159437
1.53033
-0.631406
-1.4077
-0.190089
-0.649735
-5.62402
1.01168
0.352002
5.11701
1.76107
0.180163
-0.138897
-1.27031
1.31877
0.306519
1.29033
16.8542
-11.9503
-0.414112
-6.5473
-0.64499
-0.652751
0.518075
-0.961373
-0.628684
-73.8061
5.50101
0.461379
-0.814571
0.567936
26.8174
-0.0559478
0.194675
0.414566
-2.81735
-2.61391
0.552138
0.132517
-0.650951
-0.900821
-0.000390228
-0.283868
-0.307835
-0.578559
-0.171684
1.49162
-6.34109
-10.5569
1.36817
3.37617
-0.0329148
-0.34833
-1.20741
1.61426
0.261737
0.158053
-10.38
-0.76514
-2.42164
-3.4171
3.81714
2.63261
-1.1259
6.12437
1.22302
-0.874639
-0.604155
2.27854
-1.70852
0.185356
3.95792
0.965972
3.91263
-0.783443
0.569599
-2.82378
0.181343
0.382277
-1.30391
-3.97382
14.1333
2.52565
8.62367
-0.990996
-150.435
-0.140698
1.36999
1.81401
3.54244
0.571926
3.06311
-0.844017
0.641502
0.26004
-2.50352
-0.515569
-0.986313
2.70979
-2.36744
-0.322448
0.596437
-0.531088
2.69123
-0.0310079
1.20157
0.629277
0.569467
0.00332053
0.284412
0.165063
4.01081
0.974549
0.145371
-0.737851
-0.645397
0.913108
-2.59594
1.12819
1.06286
-0.20432
-6.18505
-0.128307
2.34377
-3.4713
-0.673583
-1.39907
0.744176
0.562224
2.72521
0.257928
0.762063
-1.63916
-15.1828
1.81794
-1.42541
5.24632
-2.6902
-0.94345
-0.611676
-0.00163187
0.661873
-0.566603
-0.451043
-0.819634
4.5228
0.462044
-5.06687
0.456257
-4.48358
-0.613136
0.632286
0.5531
-3.18571
-0.277287
34.9876
-1.12585
-0.890732
-0.0641428
-0.0141438
-1.83424
0.640639
-1.17297
0.568599
0.492036
0.138112
-0.149751
-0.968265
2.30034
-0.012359
2.32822
6.26225
-1.92687
-1.7486
2.84042
1.7081
0.646563
0.36943
-0.244332
0.923176
-3.97826
0.0898154
-0.306389
-0.686471
-0.223268
5.40921
0.45854
1.25303
-6.25202
-0.580467
2.68797
-1.79696
0.171307
1.69798
-0.84391
-0.489524
0.291335
0.192841
14.5908
-0.222037
-0.144941
-5.32137
59.2649
0.500921
0.7088
-0.355277
0.290097
-7.1736
9.45979
-0.0633726
-1.6225
-0.54626
1.08905
-51.8564
-0.388571
7.54853
-7.07048
1.82049
1.83876
0.866802
-1.28932
0.0673075
3.15417
-1.35413
0.485658
-4.73099
-2.73994
-2.20382
0.0459805
16.3342
0.570537
-0.644062
-7.31045
-0.122968
-686.712
-0.348581
-17.071
-0.0508381
2.44546
10.6257
-0.322673
2.44101
-0.378761
-2.20432
1.36313
-2.68821
0.886817
1.26341
-1.42635
12.1134
2.06993
0.876416
-1.43738
-0.597751
-1.04302
0.501395
-0.364094
-1.66458
2.55362
-0.0362161
-1.93963
8.38228
-0.225215
1.28261
0.4815
1.38377
-1.69765
0.784894
-0.135979
1.83101
-0.672774
-2.0638
0.711179
-0.52974
0.0266956
1.8322
-2.78815
-0.392177
0.709433
-0.529673
-1.65916
-0.113509
-0.284919
1.17804
0.501243
-0.811679
9.5439
1.06245
-0.119973
0.732457
3.11858
-10.7227
-7.41265
0.499261
-1.21758
1.27893
-2.76056
-0.073745
-0.0328986
-71.9316
4.75584
-0.0535144
152.288
-0.010154
-1.76915
-4.66143
43.0724
-1.31045
-0.181144
0.522366
0.336977
-0.412926
-0.727929
1.66266
-1.44853
0.674741
0.195085
1.67248
-0.0763626
0.943233
-0.948064
2.70414
0.176131
-0.329079
-1.3138
8.79317
0.0721991
2.74702
-5.10128
31.34
-1.17298
0.00557404
-0.228061
-1.22795
-0.284329
0.720292
1.60231
104.539
-0.661293
11.9166
6.41815
-6.24317
1.55935
2.38596
0.193505
2.49925
-1.65371
-15.0473
-0.843336
0.0723103
-0.245518
-0.147007
-0.44958
1.01178
0.867841
-9.52258
2.92568
-0.00221708
-9.34839
0.336521
-0.0486197
0.702605
-0.953318
1.99851
1.23005
0.409533
0.436189
-153.669
-0.0601365
0.677971
-6.55316
-1.33686
-0.456641
0.011934
-0.476335
-0.306415
-0.151316
-4.08759
-1.20264
-3.56401
-0.536894
0.186619
0.0485751
-2.03609
-0.0211685
-0.302174
1.02713
1.61901
-0.227158
-0.177198
-0.142718
-0.130684
-4.51977
-0.0195862
-1.32778
-0.538044
1.87803
2.08286
8.17442
0.316411
1.1432
1.66392
7.88202
-18.9438
0.989953
2.08838
-1.98234
0.638355
-8.13115
-0.652971
11.4846
-2.41769
-1.38526
0.333514
-1.27721
-1.56119
2.24904
0.159656
3.1969
0.524896
-2.35187
0.348753
-0.137242
1.60941
-1.02898
-0.0762305
-0.681013
1.01305
5.83529
-0.842171
8.42524
-0.0756268
-2.01393
-0.188823
-2.6006
0.643956
1.99924
0.145438
4.38702
-0.365311
-1.17705
-1.71958
22.989
0.293287
0.709717
7.19745
-0.617777
1.25761
-3.94424
-1.78602
-0.415657
1.58636
-0.626955
-0.00853425
1.23082
-0.0209395
4.56848
0.0110872
-3.12204
1.77368
0.828313
2.75221
2.33361
1.36276
1.81953
1.57472
-11.3433
-2.62348
-9.51309
1.74506
1.43873
-0.798974
-1.14437
0.190063
-1.73276
0.281694
-0.133436
-8.48348
0.0507006
1.31111
-0.310147
-0.358683
1.60656
-0.541973
-0.167276
-0.055819
0.0127466
-7.99006
61.0799
0.958504
1.62225
-0.157371
-1.00319
0.372334
-0.244994
1.16623
1.23055
-2.29964
1.41061
0.991301
1.17407
0.459237
-0.117505
0.145249
-0.819786
3.29955
-0.119473
-0.244969
-4.51774
-1.56038
0.721457
-0.330402
0.233937
0.445759
-0.301802
-2.12777
-1.11266
-31.8149
-0.257885
3.35269
-0.24469
-2.10874
0.595934
-0.745118
0.169143
-0.428404
-4.14132
-6.76248
-0.0457938
0.810036
-0.547413
1.2033
1.29766
3.11134
-1855.03
-0.440328
0.068865
0.639601
1.77648
-0.689208
-2.74423
1.07874
-0.613071
4.54435
-38.8144
1.59409
-0.471824
-2.6558
10.272
3.27974
0.354598
-0.830068
-1.30247
1.86955
0.942835
-0.675876
-0.288287
32.092
0.40113
0.276834
2.49296
-2.97692
0.0917276
1.49596
0.767983
0.196737
-0.174563
1.78473
-2.72467
-0.201439
0.0474282
-1.62956
-13.966
0.446324
0.263185
0.395457
0.0643397
2.76256
-3.69503
-3.21957
2.17061
0.924565
-2.35503
0.683346
4.85711
0.21077
1.44325
0.644402
0.0577807
4.6244
-1.27004
-3.39727
-2.64813
0.689141
-0.0469655
2.46618
-0.525559
-4.51596
2.90675
-6.31518
0.190363
-0.888983
0.0012265
0.48931
1.41253
2.86792
-0.0489515
-0.408819
-0.104137
-0.173508
1.13169
0.62926
-0.0646028
-0.989351
2.14317
-0.298162
-3.43289
3.17045
1.93079
-0.000272662
22.4105
1.83176
1.14009
3.04447
-0.581259
-1.88814
1.41378
1.6978
0.227393
-0.0504862
-0.661436
-0.0282348
-0.971682
0.855067
-0.444776
-2.69975
0.167483
8.57382
2.19351
0.265726
-0.435261
0.456863
0.10821
5.51979
-0.868864
2.51915
0.0419313
0.191066
-4.26224
0.273014
-0.521888
-8.28768
-1.752
3.38931
1.43147
-0.321471
-0.40338
0.0641568
1.81533
-2.11353
0.979878
-2.07743
17.2517
0.605034
-1.27958
-1.79317
-0.615951
13.5593
1.80672
47.5884
-0.95799
2.68142
45.3787
-1.30147
-3.45609
-5.86483
-1.43499
-0.659312
1.03967
-9.64341
4.19884
0.648789
-0.42638
0.600515
1.54861
-4.84602
0.416249
9.92373
-0.0234737
7.16709
-58.7238
-5.57515
1.07906
2.97692
0.263664
-9.9198
-11.6505
0.13403
0.182482
37.2435
3.57007
0.274333
0.690095
-61.3409
2.71555
1.07488
4.40025
0.9796
-0.338719
-1.85709
0.0631549
-2.62391
1.09912
1.03844
-0.243759
-0.236296
0.380144
19.6003
6.04426
-0.38529
7.33018
-1.02177
-3.10971
-1.85076
0.512046
3.78079
6.16659
-3.95487
-6.27412
0.649818
1.78789
1.07764
1.00694
1.74566
-0.408087
0.119639
-0.364668
-1.38
-8.20825
0.701055
-19.1356
0.451353
-0.20469
3.47075
4.819
5.42828
-4.99989
-1.87818
17.4152
3.60815
3.45885
1.21573
0.717631
9.98948
0.515785
-0.784399
1.31804
-4.16022
-0.144669
1.49471
1.0372
5.83155
-0.295445
-0.455991
4.96116
0.701017
-0.838515
1.2383
-3.94508
-0.40394
-2.23279
1.04802
-6.40011
-0.368089
-0.24404
-0.0135476
2.16182
343.179
-0.712098
-0.463355
-0.928805
-0.607867
-0.0666456
-3.1583
2.08872
-0.48654
-0.73128
2.37244
0.767346
2.63558
-6.48753
-0.370867
-0.564286
-0.428015
-2.04073
-3.0569
-0.404753
0.556947
0.350962
0.222066
0.788862
5.49976
-0.264719
-2.64201
-0.717441
-0.605615
-0.21378
1.9449
0.421745
-0.786042
1.24664
0.463638
-1.09657
-0.384951
-0.983618
-12.5565
-0.633095
2.26313
-1.60223
0.383536
-0.238039
-12.4675
6.01864
-7.92306
0.00731171
-0.924173
22.3019
-0.353715
2.10481
1.19498
-1.36605
-3.67721
0.319287
-0.434786
2.14308
-0.810343
-0.193558
0.197443
-0.606807
0.0891868
-1.03789
0.733608
0.819162
1.00577
8.34916
-1.14499
0.59361
-0.0739333
-1.35596
-0.178352
-0.538882
0.275018
-0.162014
-0.225877
9.75883
-0.850125
-0.0257477
-1.27676
0.466374
1.32468
-0.217837
7.44156
1.3604
0.843453
-0.173518
-1.44081
-29.9281
-29.0047
-2.71898
-0.318622
3.73913
-2.75205
0.521738
0.122972
0.331427
-0.502367
8.58842
-3.15928
0.372701
0.176885
-0.711073
-0.119928
-1.2828
0.602994
-0.715051
5.08806
0.0316213
-0.688159
-0.757269
0.225556
0.196234
-1.86828
0.46598
0.429716
-1.21726
4.84158
0.584602
-0.202574
-0.650319
-4.99873
-1.64774
-0.255604
-1.96431
-0.365874
-0.250651
-0.608538
0.783248
-0.618116
0.935209
-1.02299
-0.300893
-8.1612
0.0541924
-0.373495
-12.5264
-0.171874
0.567375
0.107924
-1.42519
1.06984
-3.89191
-0.430839
-1.26568
3.28552
0.238713
0.747327
-0.189609
-3.65532
-1.88137
-1.12206
20.5868
2.58211
14.8784
0.316418
-0.203725
-0.629865
-1.8256
0.255185
-0.44444
1.05999
0.414519
0.739612
-1.20618
-0.469697
-1.33276
-2.71229
-0.526008
-0.407832
-3.63924
-2.1576
-2.12676
0.412826
1.96438
0.646445
0.253482
-0.0985373
1.22792
2.13692
0.227218
-0.648865
-0.0147142
0.467953
-0.498829
-2.14238
1.14833
0.0890952
-2.29655
1.00244
0.474315
0.0573909
10.0709
0.228887
14.3194
1.77481
2.23882
-2.82988
0.0848511
-35.4305
0.191356
-0.141218
-0.753971
15.438
2.83928
-0.0810372
-0.800973
-0.231779
12.3527
1.59873
25.0726
-1.97641
0.848718
-0.227136
0.574567
0.550678
1.28751
-1.85098
-1.80802
0.736652
-1.77589
2.27055
0.478269
0.818047
1.46311
0.9338
0.745469
1.01147
128.03
-11.6823
0.92938
0.518694
-0.254596
-1.51814
-3.49438
0.112978
-68.0332
5.33562
1.50837
0.424167
-2.69152
-1.5751
0.567522
3.86133
1.2676
1.03609
-1.52222
-0.175462
-2.56486
-1.12514
0.608331
2.01274
1.51
-0.180025
-0.0455027
0.796454
0.544616
-1.55613
-2.51871
-0.0112274
0.737867
0.0923384
-0.179125
-0.950441
0.336739
8.66411
1.48649
-7.23044
-0.921409
-0.175845
2.75458
-2.86552
-0.13445
1.48981
-0.17968
-4.69916
-3.25383
-5.54778
0.82577
0.707808
0.192884
1.53251
-0.302921
-0.392405
0.467412
1.46337
-0.732458
0.142614
-2.47051
-0.874126
-1.93238
-3.24154
-0.00414207
0.78644
1.49837
1.44792
-0.769659
1.82304
-0.276343
0.252464
0.192123
-1.55266
-0.0733506
0.446259
1.75973
43.8084
-0.509795
0.321683
50.4092
-0.273732
-1.83284
-0.883692
-1.30246
0.357023
1.00049
1.82389
0.147756
0.340922
17.0272
-1.01904
1.15126
11.9348
2.22679
-0.319866
0.86164
2.65343
1.0538
2.30096
1.20689
0.57372
-2.90903
0.756434
-0.253862
-0.413029
1.01221
0.0335216
-0.565196
-3.51503
2.54992
0.0743159
-0.675385
-2.10844
-2.02948
9.671
-20.3355
0.0326849
-1.28198
0.0097785
-18.9833
-0.85031
2.62564
-0.781176
-5.98871
0.406829
-0.554299
1.12687
-0.557432
0.340776
-4.22749
-2.60271
-2.85233
0.380885
0.27568
0.738509
-1.68156
1.17209
-30.2577
0.358831
-0.0765955
1.13862
3.80203
-5.7639
0.821685
0.664622
-4.44891
0.0840656
-0.656723
-0.110016
-0.675295
28.7265
-0.0827833
-0.571974
-1.38
7.11447
7.55863
-0.579991
2.23072
0.142431
-3.49718
-1.25807
0.102249
0.123461
0.765478
-2.99481
2.26801
-0.522685
1.05923
-0.241292
1.27685
1.97732
0.459553
-0.438117
-0.0779447
-2.10188
245.721
0.210575
0.0795658
1.44342
2.08978
-1.4608
0.248374
9.63285
1.42508
-0.410815
-5.05479
0.612121
-0.0439624
-9.44461
-0.00500792
-0.384312
-2.46936
2.91027
5.86717
-0.50724
-3.52573
-4.65622
0.652018
-0.816829
-1.16229
0.630671
-1.4346
-2.33314
1.24838
-0.511297
-0.810143
-0.654327
-1.36095
-0.808955
-1.20865
-1.70297
-0.404845
1.27005
0.385925
4.36621
-10.5455
1.97774
-0.468792
-0.771652
2.15191
-1.97961
4.07638
-0.408521
7.92597
-1.17686
-1.49007
0.299373
0.0819263
0.534706
-0.0711331
6.05151
1.5767
-0.0483739
-0.164203
0.644894
-0.152045
4.82571
-1.2872
2.13418
0.777533
-0.878456
-0.479195
-6.33753
0.615974
-1.14752
-0.843964
-11.6792
-2.66218
0.32548
-0.939664
-0.818155
0.115705
3.10252
0.617166
-28.4404
2.58056
-1.06357
-1.65712
-0.216481
1.34538
-0.832316
17.3274
-3.76826
1.08424
3.60876
0.474442
3.46214
451.155
1.93365
0.0549555
-0.729556
-1.40586
1.69337
-0.0869147
0.910309
-1.11227
0.90676
2.76303
56.6104
4.9182
-2.07817
-0.202441
4.09351
8.44198
-1.00336
0.673149
5.25922
0.794845
-22.1615
1.37453
-1.88259
3.73023
-6.32216
-0.380077
1.33779
0.565607
8.02366
0.693065
0.44854
-1.94659
-1.42363
6.53677
-1.33829
-0.0626274
-3.49295
0.863809
-0.614939
-0.538894
-9.07369
0.348733
-2.53169
-0.329927
0.853185
-15.036
-0.326499
-2.21934
-0.107942
-1.62009
0.249189
-82.2765
0.900092
2.07204
2.06997
3.71792
0.367864
-4.00333
-1.27928
0.264241
0.29079
0.0983289
1.3975
1.39003
-0.0698044
0.604104
-0.609933
-0.817091
7.17555
0.59878
2.88154
1.11225
0.0160242
1.55062
-0.701
0.68592
-2.41859
-0.963541
2.00391
3.57834
-0.56689
2.06736
0.042779
0.349241
-0.78932
2.64139
1.60606
0.442396
-0.529525
69.3966
0.638232
0.925704
-6.29455
-0.0762032
0.483734
-3.21939
0.950095
-16.8134
-7.53586
2.54378
-3.34537
-0.106747
1.97456
3.80402
-1.46351
0.517674
-1.47994
0.731039
-1.23374
2.12253
-0.371389
-2.66571
354.737
0.0280638
0.987476
0.552125
-0.443551
-116.766
0.36658
0.0820362
6.73376
0.10429
0.21564
2.30668
-0.199034
1.76913
-0.920609
1.24658
2.02678
-2.94121
-2.31874
0.56769
2.66385
0.184017
-0.034929
0.19958
0.798709
0.227696
-0.556326
0.218905
-0.765429
-2.86782
-29.8108
-0.408753
-0.26046
2.21364
0.978857
8.40122
-4.59985
0.701192
1.68172
0.0697066
-0.192368
-5.4025
0.324516
-1.03029
0.0724266
0.825323
0.663426
1.99351
3.6853
-0.955532
2.00988
0.259032
-0.214109
1.64211
0.900817
-6.59513
-4.87816
-7.17606
0.0443866
-0.333427
-2.16567
0.373167
0.0882329
1.38374
-0.0442675
1.80006
-0.652048
0.967911
-111.809
0.180406
0.314242
2.41205
-0.12314
-90.4153
1.33647
-0.659702
1.75364
-6.38267
-0.528061
-0.271984
1.43732
-0.772466
-0.411903
-0.0393357
0.101773
-1.54745
-3.65924
-5.93262
-0.905249
-0.685543
-59.6458
-2.82935
2.38956
1.81765
-0.421509
-0.459448
1.02869
-3.41465
-0.727671
1.95812
3.93382
-53.3073
0.822958
-5.78414
-4.74272
0.147506
7.27391
-20.7156
1281.61
1.33578
-26.4903
3.14795
2.18222
0.360727
-0.0303064
-0.324691
0.64479
0.4639
1.04676
2.19785
4.9426
-1.20249
-9.37366
-0.185772
0.152323
-0.738557
-0.356316
-3.08567
1.48828
4.44409
-3.29681
-0.729165
1.77063
6.14877
0.137307
0.542633
1.53767
2.44533
0.903113
0.86653
-0.549956
-0.276275
-1.60818
-0.013438
0.676875
-1.84727
0.596089
0.461346
-3.52275
1.6342
-28.7814
-1.68868
0.845036
-1.49797
-1.1402
-2.72549
-0.0371332
-0.086601
0.205714
-4.51763
-0.832116
0.150901
18.9212
-0.892986
0.569169
-0.285491
0.051079
-0.529423
-0.774621
-7.04905
-0.92401
2.34078
0.889295
0.00303833
2.3795
2.10222
-3.11032
-1.45346
-0.177275
2.26843
0.617348
19.608
0.644848
-0.374464
0.407675
-1.50705
-1.64224
-2.8573
-0.283612
-0.136224
0.655122
-3.70594
-0.165914
0.305169
-0.730991
-0.159735
-0.451427
-2.27152
-0.207845
1.31402
10.2672
-0.309123
-0.44166
-1.80018
0.81095
0.518307
5.70908
-2.37979
-1.44706
3.12222
-3.89393
-6.26602
-2.60567
-0.294524
3.30999
-0.0144299
-1.51485
2.37635
-15.7936
-2.16601
-0.74559
-0.766322
9.6816
-1.23586
0.14288
-3.70888
-0.341944
1.64775
0.297099
-2.74895
-0.347775
0.638045
0.0241845
0.443219
-0.552622
0.00242999
2.49249
0.123641
1.07017
-1.60847
0.209076
2.10631
0.344469
-0.836981
2.02745
-0.48121
-8.24439
-0.256417
0.321833
1.14338
-1.64849
-1.10547
-307.908
-14.6528
0.380184
-3.8243
0.457307
0.47236
-0.174068
1.7414
2.03431
-2.40128
-0.236386
0.691605
-0.375098
-0.545665
-0.829438
0.0957353
-0.102897
-1.449
-0.411563
-1.67905
0.514753
-0.691781
-2.18483
0.055526
-2.04276
-0.268793
1.10458
3.46277
0.545764
0.160376
-6.09198
-0.0221248
0.532475
-0.130295
-0.602731
2.70073
-1.8613
-3.97727
-5.1869
4.24177
-1.53716
-1.35188
1.86262
0.145186
5.55916
-0.87899
-17.1492
1.61079
-0.770919
-0.01026
-2.23365
-0.439236
-1.43034
-0.810156
0.0960296
-1.01784
-2.97718
-0.575822
-0.255442
8.10149
0.395823
-0.355952
3.43555
11.0809
1.36393
0.547497
0.979792
-0.916911
-4.00774
-0.642345
0.874257
0.11765
-0.698965
-5.78634
-0.9134
-7.3304
1.36393
-4.22947
0.328504
0.869064
2.10774
3.03533
0.828103
-1.23829
2.08961
0.244044
-0.473749
52.973
1.02931
-0.694928
-0.054349
0.985311
4.45082
-0.216543
0.923432
0.878377
-0.843016
-2.75188
2.17996
2.18547
0.754312
0.467716
-4.45655
-0.181147
-0.60471
-0.082844
-0.521964
-2.01065
0.504368
0.647381
-0.534116
2.13398
1.26023
-0.62287
0.527586
0.785215
9.12927
0.0755248
-1.35067
1.13097
-3.14603
0.90725
-0.812453
-3.40627
1.90411
-0.690376
-1.16567
-14.6312
3.23343
0.429111
-0.49532
0.9024
-2.6816
-0.895592
3.83202
0.0649098
3.97299
0.683138
-1.30416
-3.99153
-0.148453
-0.931381
-0.116587
-1.02538
-0.142888
-0.727677
-1.1059
-8.48156
-0.427977
0.485725
-0.918665
-0.313422
-1.641
-0.222992
2.95699
-0.191378
5.0258
1.12126
1.42937
0.458628
2.42867
9.53485
2.35171
-0.109307
-1.3266
-0.726071
-1.21834
3.32242
-9.98004
0.685732
0.143094
-0.196655
-3017.53
0.967667
-0.872197
-2.89618
4.51756
-0.694579
3.80736
-0.0977473
-0.0978545
-3.08527
-0.732313
1.17165
-2.06367
-0.758591
-1.09874
-0.391802
-0.109939
-0.368401
1.03348
-0.375567
5.15286
-2.2323
-0.814616
-2.70231
-0.277226
9.09142
0.971653
0.172321
-4.2782
-0.016164
-0.165544
-0.493416
2.0572
9.28822
6.04124
-0.746376
-2.08051
-0.650896
-1.80361
0.189829
-0.600377
-65.4877
2.45166
5.79529
-0.429865
-0.173907
-0.571294
0.596723
0.505118
-0.482375
-0.40444
0.924212
-0.602163
-0.228559
1.7965
2.73455
-10.9462
-1.2261
0.484963
-1.5129
0.501314
-0.345051
3.36193
0.498997
0.711453
-0.45001
2.36443
-0.351824
-0.653228
0.184381
0.668867
0.307554
9.25084
0.194258
6.30932
-1.51605
0.0538369
1.6022
1.76628
1.30308
1.52718
-0.459116
-0.999542
0.344012
-0.167894
-1.61488
-0.692307
0.432248
-1.78779
0.600903
1.2764
0.505153
1.11655
-1.87017
-12.8294
-12.2152
-13.5227
-0.777594
0.124734
-0.23865
0.566847
-0.0304475
-1.24137
-0.62588
1.01477
-9.39988
1.00632
3.19638
0.476896
-1.10621
0.556446
-11.3995
-0.224272
0.171316
0.13334
-0.828297
-0.62245
-1.51129
-7.84434
-7.63526
-0.541217
2.30188
8.86245
0.575562
0.261021
-1.54111
3.20525
-0.724088
-0.944629
2.37809
-9.76481
-0.924025
-0.54785
19.1459
0.412005
6.65502
5.93951
0.198842
-43.3754
-0.090602
-0.6836
2.4753
2.75929
-4.35946
-35.9684
0.29212
-0.306033
0.030118
1.40298
3.44439
25.6477
0.767465
0.948416
2.5608
2.23265
24.3533
0.374372
0.451129
-0.985681
0.405465
-1.13922
0.0275978
-4.11796
0.466857
0.487913
0.791769
0.207881
-0.193808
-0.440982
1.45197
-0.0721092
6.17357
0.757323
-0.64119
1.56955
-2.00112
3.82756
1.2261
-0.21546
0.899046
0.0649926
-0.632448
0.541798
2.63755
-7.82117
-0.998062
3.87244
4.80048
0.0347473
0.0386663
0.59182
0.987097
-12.2401
3.11172
0.523336
1.78784
-0.0358696
1.10608
0.0681776
-12.9973
-1.42096
-0.207377
1.42169
0.762336
1.10514
4.24418
-1.07827
0.552111
-5.86625
-0.673142
-1.50639
-0.137327
0.374507
-0.0192808
-12.3732
-5.77699
3.84405
-0.913492
4.05505
-0.491108
-0.770706
0.734656
0.450997
-0.626263
-0.98382
0.768026
-1.38632
-18.9874
-2.49515
-0.143984
-0.671964
-4.83676
3.31092
-0.222953
0.717236
6.27333
-0.735212
1.18403
2.42146
-0.430673
-0.32606
0.13077
1.39504
1.21879
-1.34722
3.33709
-0.394914
-0.896673
-1.52587
0.223192
0.0246328
7.86795
-2.87725
15.7239
-1.53877
-1.47973
0.524167
1.134
-0.488225
-1.508
-2.808
-0.533592
-8.659
-2.38103
-0.528493
-0.951429
-0.24608
-2.29157
-2.29246
-28.5061
-5.28123
-3.55741
-0.068413
-0.285254
0.527204
-3.93215
0.417335
-0.17182
-2.43824
-1.02963
0.101295
-2.56299
-0.255019
-4.24215
0.0397877
15.8562
-0.784689
0.86176
-2.39174
3.7717
-0.695482
1.73212
0.23762
-0.0301597
-0.0781839
-0.488247
3.94136
1.96099
0.406739
-0.846772
-0.960436
0.543596
0.209957
2.78044
0.615608
3.80005
-3.04011
1.54576
-0.223393
-2.52014
0.0388093
-0.904767
4.87737
-0.157272
0.413264
1.163
-1.04156
-2.54407
4.39973
-1.38936
-2.68444
-0.414044
0.621316
-1.42983
0.698972
2.74174
4.03736
-2.51066
5.64202
-0.217151
-0.148002
-1.39777
24.3427
3.78279
0.552981
2.33913
-0.148104
0.637916
-0.763347
0.0915173
-2.40327
-0.0116938
-0.540454
1.53445
0.609798
-0.659402
-1.18147
-0.21555
-0.012657
-0.0431723
2.11323
-2.14875
-0.381454
0.957793
-91.6468
-1.60424
-0.14534
-2.26733
-0.0760144
4.57149
-3.32709
-1.5078
-7.80867
0.354982
-2.58165
3.12476
-0.542097
-0.316317
-0.187033
0.309073
-5.97397
4.96732
0.689549
1.74733
0.268076
-14.6072
33.0713
0.407372
-1.35716
0.528452
0.836784
0.681541
-4.46431
1.00436
-1.47337
0.222071
1.18297
4.66625
0.552
-0.809452
1.08072
0.422619
-26.2769
1.00338
-0.93963
-2.16083
-3.16307
1.81857
1.1543
4.0903
-0.273128
0.232664
1.71934
-1.21012
1.91221
5.36726
7.17363
1.94418
-0.395595
0.962409
33.3052
0.388502
4.30597
0.597693
5.86169
-0.564136
1.47529
0.0184171
-6.02728
-4.43109
-1.27251
7.00308
-2.61247
1.84001
-6.89465
0.160692
1.7259
-1.05206
-1.30782
0.982153
3.58459
-0.953334
-1.88155
-0.460096
0.875359
-0.213834
-4.70386
0.885327
-0.146445
-3.93963
0.0549532
-2.38272
1.91411
1.43856
-0.0589529
-0.0928179
-2.53424
0.972678
-0.0688516
-6.32946
0.447931
0.0899232
0.420748
0.33126
-1.38516
0.931474
-2.98766
11.6404
0.974049
-22.5673
0.992707
0.146144
-0.526469
-0.171641
-1.47719
-0.110293
0.257428
-4.32831
-0.420309
-0.0104393
1.49455
-5.3004
1.48068
-0.903613
-5.1507
-2.00029
-0.224981
8.28188
-17.6291
1.94176
0.665194
2.39588
1.63251
-3.57644
1.68115
-12.5227
-4.88408
-12.7586
0.525902
-0.440671
28.7092
2.90485
-1.10611
0.53838
-0.752542
-2.79546
-0.270646
-2.40379
-2.38355
1.29002
2.32936
3.00359
4.02076
-1.18596
0.299396
-122.827
15.0562
0.134771
-0.638655
0.142333
-2.82819
-9.24018
2.60157
0.940549
1.00761
0.101778
-1.43666
-3.58734
0.591403
-1.12126
2.19861
2.92584
0.377499
-0.845308
0.296788
-6.99881
1.87612
-0.584737
0.37177
-0.262056
-1.04474
-0.951393
-7.06917
0.512283
-1.48307
-0.373608
5.29781
-1.88207
1.89839
1.38017
0.089332
1.37233
1.75127
0.880365
0.128714
393.645
-0.975696
-0.0916862
1.89971
0.438307
1.74732
-0.858025
2.0267
-1.38309
-2.561
-23.7157
-0.409929
0.876741
-0.513924
-4.75462
1.69437
-0.27389
-1.03951
-1.59768
1.54074
4.97871
1.74772
1.5429
-2.23189
-0.0159771
-0.0912264
9.31222
-2.8787
-3.12501
-0.968679
5.6502
0.385168
0.623911
-0.495809
1.27389
-1.187
0.423602
0.464831
-0.822174
-3.12526
4.13699
-2.19466
1.5876
19.3643
1.01355
-7.66793
-4.73038
0.545099
-0.200594
-0.97142
-0.179866
-0.47435
0.0576679
-1.9591
-4.01652
0.944471
-6.47323
0.794535
-6.42365
-2.53846
-1.5255
-0.441673
1.76984
-0.348515
-1.96644
-0.812929
1.05475
2.78539
0.0318664
-0.871361
0.721031
6.96737
-4.84261
-0.108321
0.262717
2.50381
0.368374
1.73267
-0.547625
-0.357519
-0.332519
0.536898
-0.171079
0.56978
0.207844
0.674274
0.475056
-0.556018
0.971715
1.26117
-1.9387
0.0163159
0.75763
-2.16206
-0.705247
0.712001
-0.338601
-3.40531
1.4021
0.385535
0.943751
-0.607175
0.59506
-0.617561
-1.96919
-0.300697
0.141053
1.68214
-1.89165
-0.658808
-2.34821
-5.60849
-1.1505
0.331097
0.108081
2.47832
-1.42808
-0.304566
-0.826382
2.25315
-0.35101
-0.387799
37.8623
-0.206434
0.802949
-1.22371
0.32985
0.0230918
1.91518
1.55444
2.90882
0.770557
0.24315
0.104426
0.666427
-0.166462
-0.907971
-0.248452
-0.240099
-2.06071
4.12609
5.65599
-0.321023
-0.525272
-0.372862
0.307256
0.386342
-0.399347
0.821027
0.967663
-1.13289
0.381696
39.3656
0.390576
1.66735
-1.52343
-2.41697
-0.460738
11.0488
5.58657
1.49406
-1.06935
0.37599
0.320452
-6.76981
5.84728
0.0298657
1.73556
3.5966
-2.58071
-0.315927
4.1106
15.3624
-0.190045
2.72301
-0.269332
-0.12473
-1.95383
3.87956
0.436312
0.350667
0.580406
-2.39487
1.86384
-0.359584
1.42047
1.22683
0.0359566
-2.33032
0.12237
-0.676305
0.454891
-0.00475205
-1.57302
2.00964
0.703133
-1.96779
0.2232
-0.433562
-0.643225
0.749519
0.13518
-18.0962
-0.634881
-1.73467
-0.464293
0.401385
0.240862
1.93146
0.0541234
2.59333
1.21365
-1.867
0.433805
0.780192
-12.0056
-0.908903
-11.3419
0.187187
0.124437
0.266469
0.899399
2.01473
-0.0657432
0.358062
-0.319561
-1.78882
-0.0344592
-1.00894
-0.210856
-0.187386
-0.953802
2.69473
1.51241
9.14643
1.32912
2.06385
2.73017
-32.1475
2.02854
0.0864995
-0.0867006
-1.23939
-16.1362
2.35819
0.0184143
-0.63079
0.989814
-0.161324
0.190058
0.204872
-1.89901
-0.534904
-0.149464
2.46818
1.13186
0.109138
-5.74498
1.03444
3.79762
0.665459
-2.75648
0.265658
2.05319
0.787229
-5.661
1.28694
-0.335299
-2.12121
1.32462
-0.219291
-0.125486
3.63666
-1.48126
-3.23105
0.738777
0.202003
-0.16134
-2.11925
-1.25564
0.27817
-3.74321
-0.241671
3.20635
0.232378
3.99046
-0.199331
0.853608
-2.46359
0.768123
-1.88705
26.4427
0.364822
0.640692
-0.475738
0.404371
0.463986
0.557281
-0.0798392
-7.62492
-0.0401999
0.386389
-0.502883
-2.71861
1.4056
-1.68525
0.0361917
-1.19259
-2.03856
0.77271
-1.1152
-0.320263
-2.34187
0.936956
3.10108
-0.301109
215.568
12.1411
-2.57184
-0.376372
-7.60336
5.58131
-0.0305055
0.521321
-49.4695
-2.06085
-0.593381
8.95144
-0.451856
2.50994
4.75668
1.34526
2.17972
-13.0673
9.44995
-0.943639
-0.348833
-0.952938
1.09589
0.485187
-1.89703
-0.366942
-0.534787
1.87123
0.566994
127.4
-1.34395
-0.876106
-2.11026
0.466137
1.50459
3.07943
0.846762
0.0643182
-0.187246
6.73755
5.22793
-0.889464
0.386819
3.52739
0.766636
0.776289
-0.323198
-1.57451
-0.681706
-0.432859
-0.451174
-1.54875
-0.310549
0.752364
-2.78578
-3.18564
13.0352
-2.11533
-0.0676544
-6.75543
0.276882
-0.55372
0.756982
0.0513917
-0.0145727
-0.236205
0.0859742
-1.43315
2.99269
-2.63404
1.72148
-0.291282
-16.9034
3.04258
0.969695
12.1493
-0.682119
-2.2215
0.786147
-0.114789
20.5907
-0.148365
-1.21159
15.4112
-0.854659
-0.596323
0.156186
4.09259
1.19
1.62858
-0.98715
0.114603
-3.35465
1.128
-5.7339
0.0277968
0.632422
-0.715386
-1.37903
-16.6738
0.750493
0.42588
2.44449
0.630374
-5.48282
0.707882
0.984342
-2.33474
-1.57009
0.529537
-0.0072136
18.9028
0.564834
-0.104128
85.9292
-0.221597
-0.162376
0.836115
1.16554
0.281756
-1.80522
-3.29876
-24.65
0.127945
0.0798606
-2.06185
0.630617
-0.323842
0.124147
-0.453899
0.171248
-0.367102
-0.305294
-5.39619
-5.06972
-0.118097
7.00299
-0.589733
0.183664
6.12819
-3.65925
-1.83425
-0.9331
-0.129667
0.737143
-2.03911
0.682592
1.00097
0.970083
0.134975
-0.977095
-0.565146
0.0556848
4.80008
0.941876
-0.707628
-6.84934
-0.639935
0.721576
-4.07112
-1.23155
-1.30293
10.3554
-0.359709
0.571803
6.87804
0.701138
0.620183
1.24426
-2.58781
0.575972
2.01047
1.03157
-2.97109
-0.460936
-0.624672
-0.13135
-2.98806
-3.59888
-1.22319
1.54215
2.3982
-0.08537
0.420761
-3.08801
-1.92665
0.805318
-9.02956
0.484406
-2.5416
-1.11754
0.374155
-1.57598
48.3007
-0.410111
-0.357815
-0.218908
-0.225184
-3.73693
2.5015
-3.28076
-3.10401
-5.97369
-0.000684246
5.70271
-16.4279
3.08886
-6.25501
-1.60163
-0.420266
0.115959
0.708746
0.694956
0.509916
-0.634207
-0.706196
1.37705
1.36548
9.24408
-0.0438914
-0.0596309
-2.33199
-3.09884
-1.05057
-1.29276
-1.36927
-1.63881
0.370275
-0.344588
1.02128
-0.410967
6.67137
-0.266679
0.228527
-0.35182
-0.70539
-0.637958
-0.564917
-0.0336649
0.0302761
-0.560957
-2.1207
-0.875074
-12.1424
-0.291417
-1.90234
0.400616
0.130516
0.487985
0.148615
-0.0619529
-1.74705
0.250491
-0.727804
4.21083
1.54048
-0.500053
-3.50342
-1.61626
-2.98615
-9.07683
0.0231317
-7.15733
-6.41759
50.52
-5.67642
0.109477
-3.22437
-1.58571
0.0852982
5.10582
-0.702086
-0.149766
0.566898
-1.18527
-0.676455
0.840039
0.286076
1.61675
0.106709
49.9566
-28.5539
-1.33931
-1.5288
1.67421
-0.38771
0.489267
1.3596
1.7076
1.83472
0.229662
-4.05915
-0.95663
-0.655385
-20.1251
1.27502
0.751054
0.803068
-0.955686
3.14805
-14.7721
0.234118
1.65624
-2.12504
-0.532554
-0.305972
-0.385957
-4.00534
3.42751
0.798463
1.66132
7.07606
-0.137689
-27.0145
1.38191
0.90632
-0.492849
-1.61957
-0.333939
0.933535
3.8012
-0.273411
3.76961
0.517557
0.349717
-2.08482
-0.14059
0.804985
-1.23887
-1.20095
-0.772282
2.34646
4.99334
1.00317
15.3161
-1.56568
2.21638
-0.540851
0.604502
-0.600944
0.545326
0.188044
9.44938
-1.70909
0.0461589
1.2553
-1.47355
-1.38536
-1.42774
0.326251
1.69906
-0.830311
1.10849
-3.96263
-1.97772
7.77489
-3.96144
-1.76071
-1.42423
-16.4561
-0.586687
-5.61326
0.393002
-0.611409
1.85288
0.909924
1.77126
-0.215692
-3.44388
-0.0538404
-0.51463
-0.120065
-7.9665
-1.39914
-2.19476
-1.42079
2.09151
-2.07842
2.12341
3.01077
-0.581928
0.274152
1.33335
0.506751
-1.32201
0.503767
0.387133
0.469292
0.0121822
-1.30434
1.46946
0.0072435
0.186377
-0.87348
-5.93323
5.35473
0.155414
-10.9104
0.875525
-2.56488
9.01682
0.241044
3.83575
-3.20761
0.199331
0.329716
-4.38524
-0.178799
-0.222267
0.20693
6.58258
-0.114796
-5.68061
1.22853
-0.189595
0.632676
-0.00325808
-0.256252
-1.98133
0.843349
0.093582
1.07414
-0.519883
1.52105
2.74862
0.650759
-4.12423
-4.21616
0.581597
0.76617
-6.92072
-4.35574
-0.264458
-31.846
0.301209
1.03494
-0.617774
0.190616
1.14878
-1.43314
-1.50256
-0.970881
-2.56658
1.98171
0.52844
-3.13367
0.768373
-0.632864
-5.83867
1.32764
-2.39913
2.76795
-1.56231
0.168131
0.728701
5.55358
1.21724
0.0597207
8.51927
-1.32385
-0.513767
-0.040608
-0.715155
-2.26358
4.47612
3.86777
-0.990776
-0.151462
-1.09005
0.593711
-4.07569
1.83025
0.198041
-2.40454
-1.90991
16.8125
-0.136565
-7.15229
-1.15401
0.581367
-2.91859
0.324257
0.307982
-2.65022
-31.1124
0.748387
0.4358
7.34359
-0.463669
0.00922631
-1.61571
0.0937093
2.12265
-2.83387
-2.83172
0.162608
0.221558
-0.0866902
4.97161
-2.01091
-0.524968
-0.326746
-0.377756
2.92281
0.506915
0.932347
-0.323099
-22.8584
-1.43301
3.43955
0.325645
-0.0101352
-0.514551
-2.82113
-0.335055
0.708235
1.68847
-0.15656
-0.187205
-24.3867
1.75028
-0.343866
-10.09
0.577244
85.3803
-6.70884
-10.5306
-0.309451
-0.0537305
-0.456253
2.34365
-3.35305
-1.09593
-1.26116
0.0929518
0.949935
-3.45772
-1.50115
4.36337
-0.944406
0.772842
1.03789
-3.20313
-0.702563
0.136345
0.995775
-0.641996
0.563844
-9.04157
-0.22091
-0.752194
0.394149
-3.04027
9.49187
0.455162
0.0477045
-0.58667
0.135446
-0.478383
-23.7057
1.98762
-0.00317996
141.542
-5.30888
0.0342065
1.21572
1.32111
-1.85548
0.607142
3.90526
-0.049711
0.804135
278.437
-1.16192
0.925417
2.14386
-4.61375
0.0491761
-0.88965
0.22939
0.0304076
0.162762
-1.52667
-1.8864
0.293552
-0.221938
-2.92481
-1.10778
-0.732491
5.61128
1.0971
-0.418367
-0.698665
2.41761
-7.97418
-0.169105
-0.402731
-1.03601
-3.84789
0.267705
0.522598
0.0610916
-1.21411
-1.02784
0.281385
-1.55715
1.25246
-0.924887
-0.174097
-4.63085
-0.060867
0.622732
-2.5648
-0.266514
0.158417
0.502017
-0.70261
-0.692848
-6.722
-0.486942
-2.64054
-0.405599
2.26732
0.298147
1.39121
0.534021
-3.38538
-0.864199
-0.715179
0.198271
-1.13597
-1.83552
1.09198
-0.273779
-1.49859
-0.390668
-1.04731
-1.90638
0.413946
0.0030982
1.58407
0.0985503
0.904118
-0.0140114
1.24988
-0.575108
0.133314
1.48916
-4.53977
0.954815
-0.609483
-8.41065
0.108388
0.926351
0.668099
-0.592072
7.45305
-0.179065
0.861639
-6.04974
1.03018
3.98613
-0.0652705
0.0335933
7.70567
0.15722
0.383781
1.09575
-12.9183
0.388654
-6.61889
0.114262
-0.29866
36.0355
0.329876
0.956689
-1.84232
2.5559
5.07471
-0.554582
96.6349
-0.884352
-3.32342
-0.191708
-0.191027
83.4138
-71.8194
-0.968581
2.01442
0.95907
0.437447
0.157447
-7.10046
-1.19914
-3.8073
-0.72143
2.01593
26.2479
7.24851
-1.22523
0.590629
-3.50632
4.75793
2.4365
2.74762
0.63532
0.825092
0.553682
2.12055
-5.65709
0.739503
-0.14925
-1.74492
-24.268
-3.19175
-1.068
-0.861695
1.67777
0.378326
0.0102493
-0.782324
0.420862
1.08475
-0.240018
-1.08065
0.410192
-4.86444
0.103948
2.5398
-0.0957159
0.703733
-0.154969
-0.666114
-9.88058
-0.582121
0.573249
1.22999
2.18107
-3.76569
0.842985
-0.625561
19.2436
-1.37743
0.815782
0.00953906
-0.53559
-0.931649
-0.834417
-0.730995
0.216418
-0.0437177
-2.05185
0.0106774
0.283338
-10.9491
1.02391
-1.80917
-1.56576
-2.13007
0.373557
-1.84823
3.43815
6.89886
-0.332087
0.137605
0.338061
4.97997
-0.80446
1.11749
-0.267537
-0.472845
0.849053
-1.28612
-1.33437
-6.12092
-2.90605
2.59012
11.5277
0.134837
-0.543069
0.735363
-0.0943009
1.43649
0.543539
-0.477075
0.30844
-0.0262696
-0.209297
-0.0276409
0.0798279
1.08313
-1.61424
-4.87829
1.86827
2.00395
-1.49735
1.36596
-1.36694
9.40198
-0.159682
10.281
-2.94524
-1.10465
-0.97617
-0.222128
0.0854101
0.490661
-0.632443
-0.21326
-0.0124092
-5.67485
-4.59609
0.0789305
-0.687753
5.13573
-0.259153
13.9353
-0.551119
-3.24842
-0.0729908
4.72015
0.456293
-0.553787
0.544944
0.0925308
1.52612
0.500861
0.980522
-3.33116
1.81684
-0.201334
1.68548
-1.31545
0.142935
1.13895
0.163233
0.841889
-0.157461
-0.775328
-0.384096
-5.61539
-0.387898
-0.0800972
160.019
-0.185897
-0.821606
-0.888213
-1.52156
1.9573
0.621561
3.71005
-1.63402
-0.0591332
0.60438
0.255489
0.469537
-10.0226
0.802832
0.49936
-8.26133
-3.85677
-0.509113
1.77922
-1.77855
-1.34756
2.56763
1.37126
0.96487
1.85424
-1.81556
-14.6942
-0.0918244
-1.8639
-0.311503
0.771562
0.990248
-0.466696
-1.03603
6.72855
0.317207
-0.342974
-0.902786
5.15383
-1.81776
1.09594
2.53091
-69.244
4.79218
-0.680979
-5.28838
2.96282
4.32808
-0.126472
-0.353442
-1.37771
2.70826
1.01376
-2.14471
-0.595262
-0.0992769
-0.609374
-3.27252
-5.78371
-20.5985
0.270599
0.0543798
1.98618
-0.612892
2.40162
-0.926662
0.20736
0.678224
23.0407
-0.314964
-0.501335
-0.549839
-0.0475475
0.198771
0.308752
-0.167925
1.2317
-1.24119
0.456736
0.66399
0.758026
-0.76779
0.232885
-0.858292
1.96099
-0.825082
16.2616
2.37588
1.83067
-4.07382
2.6175
-5.17429
1.23164
-1.51491
-0.33189
0.205675
0.103974
-0.0690899
0.472518
-0.33133
-0.200039
-6.61892
-0.433393
0.814871
4.75996
-2.31312
0.307911
1.20947
0.651694
0.242884
0.123431
-2.37466
-2.00031
0.721027
2.70182
-4.29835
1.25313
8.07022
-0.176257
-45.5537
-2.38196
-13.9074
-9.01176
2.44262
-1.87301
-1.98743
0.96379
0.784286
8.80778
-0.6912
-2.5273
-3.53148
6.02859
-6.18594
0.246551
-3.24534
0.326961
-1.25783
-0.132488
0.336949
3.11435
0.594426
0.790413
-0.438399
-0.43153
-4.95487
-1.16979
0.555057
-1.43463
11.1054
8.67451
0.282027
0.0491084
-1.23336
-0.117876
1.68235
0.464422
0.450848
6.72791
-2.36448
1.60151
6.24938
0.682591
-3.84368
0.0370863
0.229064
1.34451
0.546981
2.14173
2.00352
5.94064
1.20773
0.105737
-1.1079
-0.0535527
-1.06792
9.33214
4.63263
-0.0441318
0.756948
-4.68057
-0.384837
1.76422
-1.90898
-7.06649
-1.86855
0.310055
0.0455979
-0.0602673
-13.0088
1.35077
-2.29648
0.24886
-1.21427
-11.8943
-1.41707
1.25721
0.689223
-0.0596627
-0.156853
1.04879
0.988829
-0.401247
-1.00812
-1.88739
-1.31216
5.70016
-0.681554
0.36191
-4.62234
-0.158414
-0.595263
0.882062
-0.385439
5.65241
0.326691
-1.96453
10.4681
-9.27011
-2.09181
-1.02441
6.49645
-4.2517
12.1
-2.16138
0.731728
4.30395
-0.770775
-0.259524
-1.14844
0.42533
0.795342
2.16499
0.298593
-17.1563
0.581235
1.29545
0.705507
-0.77136
0.175878
-0.0608453
-0.377948
-1.05502
1.21749
1.1693
1.44466
-0.693046
-3.15372
6.05436
-0.317897
2.83445
-1.55121
-20.9851
2.04045
-1.44681
6.12873
-0.685269
-1.20053
-0.493974
1.5933
1.84391
0.904656
-1.22808
-2.23251
-1.16524
-0.114054
0.410307
1.48798
0.336486
2.16746
3.51425
0.549912
-49.9442
0.776288
-1.47441
0.417832
7.14614
-0.433936
0.523668
-0.360816
-2.94709
-0.421456
1.28159
-0.881473
1.41323
12.6742
-7.95303
0.423029
-3.50482
0.474194
-0.449686
-0.330148
0.0581519
0.746358
-1.63937
6.57532
-0.279744
-0.747947
-2.22472
0.8858
-0.76947
1.16666
-0.885671
5.63475
7.72705
-0.473207
-3.50161
-0.223335
-6.70584
0.27027
-14.3699
-0.0640689
-0.797336
-2.95279
-0.0261355
-0.452409
-1.44795
1.31115
-2.71977
-1.09193
1.37022
11.1382
6.60254
-0.476013
0.547341
9.68772
2.00899
9.02894
0.415867
-0.283206
0.0382238
0.568106
-1.40172
-1.47461
0.139349
4.49415
2.42499
0.117502
2.03354
8.04642
0.551248
-0.384322
-0.38731
0.70372
-1.36621
1.52525
-1.36299
-1.69224
-1.78036
3.73796
4.23426
-1.83053
-5.76671
1.43919
1.11821
-0.542931
-0.346694
-0.83091
-6.82152
-0.293166
3.31091
-2.16607
0.878839
0.800179
-2.35031
-0.768928
-5.59523
0.128576
1.55637
0.178905
0.267608
2.83155
-13.9302
-0.213507
-0.825116
-2.15383
-1.16944
62.5316
-0.0226638
1.46525
-1.94872
-0.271989
0.731085
0.254105
0.196938
-3.99682
1.06673
2.42329
-0.311707
-2.80296
0.0556404
0.85961
-0.199943
-0.0819991
3.28462
-0.843424
2.64328
-0.444186
-0.127151
4.25938
-0.090725
2.44513
-74.8229
-16.8626
0.812793
-2.09987
0.0235474
0.0535787
0.362214
-1.08971
3.02265
1.08016
-0.699245
0.298908
-0.662425
-1.01436
1.07524
-2.32871
0.731808
9.92348
-15.9927
0.397249
-5.59802
-1.29476
3.57473
1.94724
0.300173
-1.1518
0.0157596
-0.214416
0.772937
4.5708
0.230202
8.87719
-0.572544
14.8805
-0.387231
-0.458823
1.30906
-0.470923
-0.800973
0.4991
-2.06898
-5.73117
8.48819
-1.29279
0.0930917
-0.361395
-0.716752
-2.76027
0.368768
0.769528
1.18079
1.94924
-5.6179
0.118334
-27.8092
4.8821
-1.31527
2.33146
-1.25415
1.41005
1.40158
-1.5073
0.63309
12.212
0.0942034
-0.0619563
-0.416405
1.36674
0.0527105
0.374351
-1.10501
1.67802
-11.2062
0.783354
-0.609704
-1.90246
0.0109648
0.939946
-0.506574
0.706148
-3.30604
2.443
-0.228443
-4.11051
0.389736
-1.50154
5.3028
0.129706
0.367663
0.48393
-3.4299
0.352974
-0.757544
1.80678
-0.836257
-1.01783
4.88811
-7.56078
-0.363044
-3.37153
-0.143479
0.414993
-0.0922255
-0.241628
7.9469
-0.122179
-0.464206
0.162394
0.182044
0.800591
0.942384
-2.63698
0.141209
0.174311
-0.221645
-0.345971
-1.60821
0.878703
-3.97647
0.208851
1.96141
0.239039
-0.200399
-1.01074
0.259521
3.62418
-1.23067
0.447394
-0.569153
-1.09637
-6.93239
0.383092
0.108956
0.00414989
0.289637
-1.06718
-2.28378
0.750856
3.24167
-0.622685
-1.14236
0.787448
6.69095
0.0457067
-0.772955
1.05385
2.39795
-0.0887228
0.50465
-28.6356
0.69857
-9.67969
-17.8014
0.0244266
2.30877
1.43867
10.2224
-0.686023
-0.0432925
0.446246
-0.336376
-0.191178
-0.223328
9.23997
0.416593
2.09459
3.40754
4.59021
-0.516246
0.928016
11.5363
-1.47569
0.308341
0.156317
4.88237
0.425887
0.329278
-5.10135
2.73836
0.0384186
-2.93377
-1.24611
1.05037
-1.47531
-0.741233
-4.07606
-2.72516
-0.339183
0.0108417
-0.26686
-0.601552
-0.484046
0.0590569
-3.0144
0.329576
-2.28731
-0.521093
6.14539
-1.40586
-0.880247
0.0232096
-1.11778
-0.764657
-2.50024
2.29124
-10.7185
1.05975
1.19178
0.36745
-1.06033
0.00157501
-0.305529
9.51129
1.44809
1.75698
0.61935
-2.36837
-0.187433
0.00356934
-0.139234
0.252328
-0.350761
0.650089
-0.701381
-4.17982
0.0137219
-5.53516
-0.39563
3.10551
-1.64441
19.0749
9.72192
0.827146
12.5316
-8.1602
-1.14277
-0.889342
0.488098
-2.90694
-1.48781
-2.09533
3.8826
7.29746
-3.93047
0.868958
-0.454084
-4.56979
1.12097
0.0991362
1.21021
-1.30347
68.7792
-0.636216
-8.0507
15.4017
13.9039
-5.75313
-7.49297
-1.82056
1.64994
4.34065
14.6442
-0.123884
-3.96296
-3.62757
2.20717
1.23423
-2.89982
-1.80063
-0.299602
0.307989
0.415841
-0.294286
-1.15928
0.0177181
-7.57317
-1.43303
-0.812723
-1.04657
0.654043
0.284529
0.136643
-1.73756
1.19594
0.921779
-0.562029
-1.04093
-0.796407
-2.86927
-44.0787
0.0855952
0.721588
-0.366581
-2.38479
9.70286
12.3595
-2.6784
-1.70552
0.517409
0.362992
-0.0617788
1.57264
6.30142
-0.499481
0.498946
-0.141293
0.476977
-2.46968
-0.991267
-0.412858
5.12444
11.1755
-6.02677
-0.132319
0.773512
-0.136213
0.532986
0.323812
0.200092
1.42186
12.9758
2.51332
-0.402163
-0.716445
-0.11598
-0.458527
-5.43626
2.53473
1.32116
-9.3765
0.71443
-3.10036
-0.274373
11.094
35.4769
-0.293858
0.393319
0.92511
1.46055
-0.302135
-1.87493
-0.525415
1.14414
6.91468
-2.42905
-0.735223
4.2094
0.504231
-0.265943
-0.901486
2.3772
1.68632
-0.547052
-2.36581
1.89211
0.612566
-0.052201
-0.136375
-1.80802
34.7641
-0.662803
-0.960151
-0.0646852
-3.16253
-0.419886
1.15222
-0.0839801
-1.30541
-11.5218
0.832931
0.213008
-0.44895
-0.523231
-1.97199
0.800168
-0.957422
-0.439374
-0.302577
0.810647
7.81371
-0.493817
-0.610959
-3.53461
-0.932056
-5.99675
0.0465743
-1.04239
5.57416
2.46467
0.4134
1.57683
-1.97155
-0.233177
-0.669811
2.07909
-0.245153
-1.19193
-0.640442
1.03565
-0.141709
1.64037
-0.964721
-1.23663
-1.54356
1.22349
-1.11213
0.0382724
-0.338075
1.19262
14.3434
0.230796
6.55799
-8.06061
-0.432673
0.188713
-0.680623
1.11414
3.75943
-0.711314
-0.435823
-2.03111
-0.542656
0.075724
-3.01166
-0.0991607
0.47383
47.2829
1.01947
1.32423
-0.362668
-0.695281
-0.371318
-0.233281
-3.50865
2.7159
-0.856439
1.38213
0.560807
-1.66291
-0.178809
37.5525
-3.10936
-6.02653
-5.40498
-0.683774
-0.782803
2.53038
-17.1754
14.9018
0.486512
-0.459642
-3.34952
2.08797
0.0991417
-2.53523
-0.636421
-18.1181
-1.46028
0.212394
0.435956
0.607527
-4.00959
-6.65526
-0.593728
1.48741
0.206097
-3.54995
-58.1698
0.0157914
-2.32676
0.165397
1.05407
0.528848
0.146995
19.2141
-0.190433
-5.44669
0.278776
-19.1766
0.351702
-0.154175
-0.879891
0.069199
0.227699
0.602239
-2.11328
1.49666
-0.357139
-1.28237
-1.19554
-1.38792
4.2686
-0.971735
0.177401
0.0926939
0.252928
0.100936
-0.553674
0.767889
0.329478
0.582624
1.81843
-12.7797
1.29089
4.65202
-0.542851
-0.459069
1.30506
1.4458
-0.54427
1.20935
0.466973
-6.43402
12.5743
1.0395
0.807563
-0.391066
-3.20699
1.0239
22.2454
0.741115
-0.466342
-3.47414
0.925704
-4.50164
10.3962
6.05653
0.324291
0.387392
-3.35394
-0.000549266
-0.96829
-1.77565
-0.76671
-1.1056
6.76516
-1.7085
-4.8271
13.4163
-3.42146
-6.30884
1.29236
0.449196
-304.036
8.83529
-0.370339
41.9017
0.823114
13.1779
0.488428
-1.27558
-0.363218
-0.848817
4.15193
2.17431
0.909783
-0.339041
-0.100395
42.5688
0.145707
-0.406897
-0.956618
132.063
-0.224889
3.89435
4.30183
4.75838
0.222869
0.697677
4.25959
0.848307
-0.774846
-0.454804
0.163446
1.79609
0.793088
-0.535582
5.45085
-2.03093
0.251989
0.931018
-4.1714
-0.591907
0.341178
-3.20357
-0.0301475
0.422718
7.23936
-2.26068
-0.443352
0.103392
-3.0616
-3.11772
1.0101
3.73637
-0.491964
-0.326899
0.607724
3.69873
2.62283
1.24087
0.309384
0.550037
8.41317
-0.708771
-0.0728671
4.13253
0.168078
-0.659981
0.953469
-2.61992
-0.637602
-0.482764
1.61827
-0.0890776
-10.9167
0.401429
0.886256
-1.04792
-7.20744
6.48025
-0.183241
-2.12471
0.454712
0.515149
0.829451
-76.4536
0.824536
0.311256
-0.450483
-16.2963
-2.01065
1.09283
1.26109
0.950456
2.55497
-5.11206
-2.15308
0.0441981
-0.00230947
-0.299019
4.30409
0.984193
3.38376
-5.23236
8.85097
-1.96423
0.710731
-1.89711
0.0148456
1.37706
4.29963
0.835019
-0.479853
-0.17455
0.705253
16.4797
-0.80913
-0.500739
0.198533
0.196351
-6.76022
-1.12526
1.13786
-0.925771
0.342934
-0.776091
0.172933
3.24941
6.04124
-0.101574
-696.877
-0.396512
0.164928
0.978011
2.23587
1.21939
-4.11459
0.134505
-3.27619
-6.8471
-1.32976
-0.661889
6.54625
-1.30443
-1.16579
-0.584484
1.33034
0.0198482
-0.761178
-1.647
-0.5
-0.147621
-1.79265
2.27831
0.168928
0.368093
0.507231
-1.83303
0.722504
-0.372715
3.3543
-0.424811
-5.24684
-0.209064
11.5708
0.199567
0.226767
-0.544917
-0.000982443
0.308223
0.146996
0.150606
-0.446354
0.403842
-0.151703
-7.24898
-0.720445
9.50448
0.134254
-0.268763
-3.15572
-8.50321
-0.886913
-2.94995
0.408858
1.93783
12.8752
-0.311485
2.32698
0.397952
0.562054
-0.608139
109.891
-0.46217
-2.07578
1.81376
0.935962
-1.13445
-0.925501
0.532165
12.1742
0.767043
-1.68026
-0.684209
0.0854121
-0.000414871
1.14426
11.3485
1.44347
0.570202
-3.77324
2.14121
-0.652757
0.204513
0.617409
-2.58322
1.10608
-7.00801
0.204145
-1.55473
-1.4512
7.16169
1.29917
0.219075
-1.4919
-0.826848
3.18867
5.907
372.011
-1.71177
0.917979
9.81423
0.525166
-28.2254
-0.309973
0.0897473
-0.495474
17.8951
0.856807
-0.440134
2.86522
0.295107
2.06003
-7.35288
0.378324
0.276646
1.29656
-0.0426568
-1.55654
0.883752
-0.59007
-0.756681
2.6005
1.06264
0.928847
0.0426028
-3.20259
-1.69842
0.887673
0.342722
-0.315007
5.93638
0.930923
-3.02762
0.0452955
-1.19289
-3.12192
0.991148
-17.0483
3.05524
0.0395153
-11.1222
0.86906
-0.737558
0.655813
-1.29487
0.000754988
1.08035
0.15606
0.899715
-0.191816
-3.02898
-0.858043
2.65475
0.702823
7.10949
0.855916
-0.262164
-0.909104
-2.904
-2.52374
14.1516
0.074857
-39.2899
-6.21447
0.946205
-2.2252
-3.33502
-1.49737
-0.71994
1.81619
0.400976
-4.61243
-1.07851
0.842727
-3.19574
-1.66494
0.120793
-2.79282
0.55489
0.572026
0.241627
0.664209
2.92074
8.44088
-7.00542
1.00665
0.0674122
0.955184
-0.0758554
-3.88526
-0.461897
2.05183
1.01248
1.22176
-0.500232
-0.860625
0.891569
2.22259
-0.187537
4.02132
-0.317579
-1.63898
-20.7845
2.20528
-2.86447
2.80935
-0.881251
-0.230373
4.28931
-17.8238
-0.731239
2.69779
-2.67179
-2.2748
-3.60658
-1.63795
-3.16393
-1.40796
4.26944
0.715685
0.567873
-0.639352
3.59256
-13.8069
1.01947
2.42348
-1.53398
-0.699936
-0.309149
-0.38943
1.11854
0.63862
2.81046
0.233478
0.366391
-1.84667
-1.5307
-0.566743
-2.63024
-2.75799
0.622358
-6.46067
-2.10072
-0.170667
0.14107
-0.277042
0.609223
0.39663
-7.30602
0.345442
-0.827027
0.0252247
-0.426907
-0.58268
-0.86913
1.76403
6.54805
0.846088
0.0551192
0.0456363
4.19543
0.376285
-0.124148
-0.537781
0.412614
-1.46605
19.5001
0.626347
-0.539278
2.39947
1.65299
1.30639
-4.00191
-3.2994
0.210632
0.751944
-0.348537
1.97943
0.171827
0.8671
-1.9594
-2.00567
-1.49549
-2.12487
1.30423
2.08951
0.565275
-0.800705
2.37725
3.52882
0.977485
0.351953
0.579275
-4.63469
0.267513
-1.07118
0.039905
-0.142262
-0.569859
1.09627
5.03502
1.31711
-1.28549
0.471368
2.74667
5.07338
1.25314
148.65
-0.856099
0.234786
-0.0821357
-0.00159892
0.6808
0.0179305
-0.620313
0.299733
-3.18602
-0.0956607
0.115142
0.353498
-0.312893
0.513595
-1.6855
-1.42032
0.337874
0.0535789
-0.998877
0.584267
-1.3077
56.0753
-0.718796
6.14808
-1.06408
0.926841
-1.06667
-0.240975
0.829184
-3.16259
-1.12218
0.573941
-1.64027
0.12252
-4.03001
-0.178271
1.65087
0.203115
0.770068
1.65305
-0.396168
0.530456
-0.298663
0.251492
52.8152
-1.08064
-0.0433198
-6.41228
0.882947
-3.33302
0.287016
23.6236
-0.19184
1.5837
8.148
15.7695
-2.08805
0.898163
-0.180211
1.83145
-0.666607
0.548806
-0.324556
-0.771311
-0.9753
-0.219289
-9.30662
0.223858
0.504053
1.8153
0.755164
0.468068
-0.41941
0.0958093
-7.00246
0.377922
-0.908462
-11.1282
-1.08427
-5.39768
0.0140066
0.961389
-0.792702
-0.909817
1431.84
1.15731
-5.62129
-0.735986
-2.1924
-0.562096
-2.31535
-1.89077
0.797262
-2.20396
-1.86467
-2.48779
-1.5674
-0.183918
-0.976526
-0.129381
-0.490103
0.651619
0.815268
-0.0529226
5.27522
-1.53151
22.3662
0.790481
-37.2217
3.82777
-1.17047
2.46982
-0.667746
-3.6473
0.843869
0.0611755
-0.41792
-1.22876
-0.236464
6.45009
0.216767
4.45375
-0.160895
-1.70703
-0.485963
-0.648768
0.0134231
0.710037
15.2804
4.73826
-1.49075
-0.319076
0.276056
-1.11676
0.336249
-1.11843
-0.560132
0.538291
-0.364706
-1.43782
0.277004
-0.595954
2.58706
-0.861804
7.60717
0.429856
0.680315
0.0287212
-13.4606
-77.7739
0.518341
7.38623
-1.78624
-2.28265
-0.778843
0.0193393
-11.5256
-2.07952
1.47639
0.554718
-0.300079
24.4176
-1.23122
0.355309
3.16911
-2.52758
1.38626
2.82958
-0.971183
0.16936
-1.16853
-0.854654
0.878239
0.731604
0.347593
-1.75171
-1.62447
-0.331762
0.709621
-2.87291
-0.657664
0.653289
3.49867
-2.68843
1.61852
-0.485667
-36.8544
-1.21991
0.994208
0.235888
-0.0106738
1.22364
2.04597
1.69055
-2.46407
-0.0314132
-0.263703
6.07777
-1.75553
-0.971646
0.416088
-0.807775
1.42355
-0.114485
0.92194
0.00150909
-6.09103
-0.475833
-1.76454
3.88675
2.09866
-1.08171
-3.18813
18.6552
-7.48648
-1.00948
0.767021
-0.0109548
-67.7819
0.780446
0.135671
-0.0830278
-1.50008
-1.90621
1.1287
-1.94332
0.498112
-62.5138
0.226779
0.043803
0.0291444
0.00303351
-1.27018
5.5338
0.458946
1.10441
-4.49704
0.865395
-0.370238
15.526
-1.97846
0.352296
-0.405615
-0.357491
4.32776
0.0977744
1.59762
4.0062
0.225234
0.955887
-2.54613
27.8059
-2.97314
-0.00414103
-0.631497
0.341358
0.3115
-0.751937
-2.16204
-3.74392
-5.77673
1.32978
2.2643
0.975819
8.83429
1.57789
0.42206
0.817226
-0.534239
4.72287
0.0337695
0.319766
8.69408
0.0683087
0.330958
0.721339
6.33274
2.02144
-0.146673
0.2183
-0.38207
0.105643
2.4782
-1.18005
-0.453957
67.549
-1.19828
-0.754325
-0.97509
-0.558711
-0.833511
-2.68384
2.73671
0.685802
-0.128064
0.0982206
-1.98388
0.126128
0.36856
-1.05963
0.853157
1.01256
-1.15153
-5.91321
0.5322
0.038734
0.619266
0.288501
-0.277711
0.389549
-0.910176
-3.63805
-1.11047
0.468045
0.216819
0.482841
9.61541
3.25574
0.437789
0.0259526
-2.41829
-6.05347
3.30293
0.0231827
0.479056
0.0908842
-0.433403
-0.936906
-0.956905
1.80274
-1.13629
-0.682281
0.813069
4.31914
-0.369091
9.25777
-2.58881
0.992487
1.18869
-60.9747
1.92292
-2.16015
0.387497
2.30344
-0.0537423
-0.395332
-1.97065
0.910435
0.409836
0.626953
0.748142
0.502312
0.225907
0.983707
3.55424
-0.598921
1.42942
-0.654492
5.16805
0.267628
0.646401
11.735
-2.49079
-0.166194
-0.491986
2.14102
19.3975
6.86696
0.926174
0.427946
4.58645
-1.40807
2.49779
-2.20041
-11.3299
-0.745215
-1.2461
12.3934
-73.6395
1.18765
-0.386957
-1.43446
-0.124907
-0.268906
12.2711
151.975
-1.10784
52.7517
-0.685213
1.06019
2.20005
0.838995
-1.65479
1.05973
-0.0721518
-7.94983
1.25559
0.539763
-1.26464
0.127027
-3.88239
-4.41019
-0.240974
-3.7672
0.744339
1.09118
-0.00606256
0.484519
5.81515
-14.9118
0.0639845
0.656573
1.27148
0.67366
0.728571
-1.40994
-0.722612
-0.988833
4.11749
-6.49361
-1.48158
-7.5247
-32.4593
0.971841
-5.72255
-1.00676
3.42995
-0.110589
-0.917254
0.659572
-0.0100788
1.02381
0.26244
-1.45603
1.31028
-1.53878
-1.35514
2.58371
-5.42528
-0.110612
0.358669
-2.6102
0.0362658
-1.58213
5.4555
0.699248
-0.384762
0.426572
-1.50339
-0.62095
-0.644847
-67.7173
-0.298403
-0.502114
4.5885
1.24954
-1.10538
-9.23953
0.591458
-6.38729
0.0851731
0.474826
-0.118651
-0.226524
-0.845747
-0.462764
-0.325289
-2.46596
0.752398
0.309775
0.061162
-0.314348
1.59966
0.322738
-0.0809696
-0.845466
-0.112432
16.0297
-0.120086
-0.395195
0.153612
1.11233
-0.862544
-0.965697
1.5206
-1.65533
-2.77189
-1.36732
9.3215
-1.49071
-1.42256
1.83887
0.273907
-2.49747
2.67037
-1.37922
0.137153
0.513131
0.343158
0.725494
-0.300486
-6.98238
-0.192532
-0.151395
-0.279871
-0.208647
0.631902
-3.21382
-0.524749
0.0216545
-1.53758
-2.67793
0.807252
-2.18131
0.0262442
-5.39059
-0.927451
-0.576603
2.91763
0.674722
-0.314463
1.75965
47.0996
-1.33225
3.03453
0.751879
0.310876
-1.50423
2.42258
0.500752
0.0328523
0.105859
-0.228379
-0.117253
-0.746795
0.567108
-1.10602
-1.17159
-3.0731
32.7393
0.770855
-0.376645
1.90955
0.495037
-3.39675
-2.3979
-20.7019
0.281458
2.19404
1.48302
-1.81739
-0.568716
3.56412
-0.472502
2.22646
-1.10474
7.91235
0.136638
-0.558354
-0.383221
0.608548
0.592677
-0.738741
-0.85363
0.0870776
-0.066839
2.37206
-0.723666
-1.07319
-0.476656
-1.61676
58.8973
-0.13415
1.88419
-14.9012
-0.691
-0.607713
0.287913
0.215997
-5.52909
-0.295885
-0.743222
0.598065
0.384119
-1.67261
-1.07557
-0.118047
27.5072
-0.875878
-0.1489
0.324323
0.908336
-4.73583
-0.493784
-1.95858
-0.354954
-0.130395
0.678591
2.11059
-0.225519
1.79789
-0.790064
-0.276696
0.313859
1.71758
-1.30718
-1.12018
-0.0264027
-10.7561
-0.153471
-0.684008
3.70231
3.66
0.0456397
-1.76984
-0.533724
-11.0562
0.0525775
-1.61048
0.149625
0.829172
0.0756444
-0.329761
3.50441
0.970244
0.413623
1.08537
0.0619607
15.8853
-0.0497827
0.525591
9.81974
0.0900405
5.19286
1.59543
1.66248
2.12872
2.41258
-3.17465
-0.308484
40.1399
-0.0165127
-0.225215
-2.73344
-0.542558
-0.711815
-2.3477
0.167325
-1.99369
3.379
-0.424105
2.66853
-0.47726
-1.13196
-11.5742
1.22101
1.74327
-5.77035
-0.209664
-0.355782
0.030327
-2.42318
-0.367651
-1.69858
1.29501
-0.911923
-1.5557
0.596679
0.751931
-0.660715
4.70826
-39.3502
5.10013
-10.3736
4.32761
-0.244784
-0.190818
-0.157155
-0.665443
-0.553448
-0.259097
0.105026
6.15003
0.226058
0.224929
-6.32351
1.09273
0.23854
1.16648
0.322242
0.978634
-0.608342
-0.222098
-3.48787
-1.94581
0.184595
-0.900352
3.48006
-1.84049
1.34237
3.65238
-5.14987
1.5639
-1.87934
1.38262
-0.142302
-0.129939
2.29362
1.05648
-0.779488
4.70857
0.469164
-2.03433
-0.795366
-1.0494
-0.849037
0.50963
0.301012
0.127076
0.956073
-1.09531
0.825421
1.72769
-0.736223
-7.44499
0.585686
-0.206173
-0.699236
-1.31484
-8.88751
-1.05766
0.348033
0.215202
0.854774
-2.56718
4.33997
0.0526477
0.659625
-0.89014
-1.59784
1.34592
-6.34643
0.296993
7.52344
-184.374
1.79702
-0.922648
-2.54613
1.12167
-1.07978
0.228588
0.0560506
-6.2602
2.66722
-1.1454
0.222614
-1.75524
1.63917
1.24437
-5.61988
-1.45137
-1.00775
0.076816
0.373126
-0.651688
-71.3773
-0.101313
-1.81238
-0.506239
-0.0567765
-1.27016
-0.558908
-0.715536
10.3924
3.50763
-8.87025
1.12971
-0.864943
-0.907261
1.56033
-0.536825
-0.86256
6.16806
-1.80528
-1.65723
-0.11585
-0.689638
3.02111
-0.377592
-0.698599
0.542708
-1.43713
-2.36591
0.674196
-0.619185
-2.36093
-0.580205
0.766159
-1.18686
-1.7128
0.929252
0.503809
2.16132
-1.29338
0.847609
-1.79772
2.49491
-0.0959158
1.84589
-0.501333
0.549711
0.59134
1.44529
0.164719
-1.46919
3.48285
0.544142
18.3483
-0.681772
-0.675965
7.48692
-26.8357
0.015066
0.183539
0.0360284
-1.12033
0.416521
-0.885136
-1.9843
1.25864
-0.453596
0.5683
0.524283
-2.50662
0.713286
-1.25857
1.4299
-1.05938
2.96437
-0.866555
0.0179198
-0.267167
-0.970394
-0.534353
1.15882
0.497817
1.02549
0.415473
0.593913
1.30561
5.76219
-0.155533
-0.505889
0.44051
-6.92217
0.336245
14.7317
1.7357
-0.405695
-0.707882
-0.340236
-0.438353
2.27908
2.43668
0.00601553
4.73415
-0.386594
-3.58
-0.568967
0.76142
0.159865
-0.38679
44.3994
3.96174
1.78413
0.00883634
0.319429
0.0659525
0.0397386
-2.57343
0.0203401
-3.37999
0.310365
-0.0162291
-0.186019
0.0911579
1.14296
-80.6392
-2.71251
-101.605
0.353053
-0.764612
-0.178207
1.46381
0.108603
2.00597
0.104899
-4.26588
-2.27411
0.761186
-8.61286
-3.55356
-3.68751
-2.70033
-0.685848
0.316364
-3.41019
-1.06367
-0.522488
0.72416
-1.49505
-1.45332
0.511868
-0.500402
-3.35948
0.464677
-0.476518
2.62271
0.496969
0.744836
0.116073
-0.287101
-0.362629
-4.85591
5.14805
0.949148
-0.844933
11.8964
1.22225
-1.28178
-1.85602
44.2389
0.374285
1.74357
0.278254
0.165599
1.71388
-0.968728
1.89897
-0.559761
-1.94836
6.92278
0.971555
-0.444523
1.94522
-2.61935
-3.73578
-1.90048
12.8598
-3.02783
-10.4771
-0.283479
-0.848723
0.429604
0.432173
0.0453283
-1.08399
-2.13756
2.4113
0.491112
0.0838669
-0.632807
-1.33172
2.27576
5.41086
20.0751
2.71915
3.31148
0.672978
-1.27166
0.586125
-0.534628
11.136
-0.0205028
1.02469
-0.71133
-1.31296
-1.58255
30.9355
-17.3077
-6.29895
-0.097386
1.37701
0.140532
-0.355453
-82.0456
0.761109
-1.2792
0.93657
-0.378557
-1.50691
-1.36111
-0.838625
-1.59579
-1.61522
-0.718209
-0.305055
0.228702
-1.6783
1.27607
3.05363
-0.470106
1.26084
-0.0838487
1.03055
0.547466
0.728191
3.88837
-0.663796
-1.82363
0.134819
-2.80317
-21.7316
-4.05905
0.699887
0.356282
2.76858
0.556458
4.74322
-0.569651
-2.43735
-0.519003
1.57692
38.3844
-0.803912
0.97348
1.76271
-0.27802
-0.360161
1.39541
-0.778336
-0.158788
-0.72716
2.14021
-0.525847
-0.606877
30.5553
-2.21008
-0.881719
-1.30037
-0.385852
-0.176142
3.41493
12.2146
-0.285365
55.0885
2.1487
-8.43221
3.29799
0.50035
2.15468
4.56631
-0.0769714
-0.0993667
-0.885417
0.581142
0.212544
-0.206132
0.335098
0.526921
3.60595
18.6615
1.3592
8.44825
-1.09432
-0.0738273
-32.9685
-0.23275
0.557572
0.542572
0.275153
0.958879
-0.235942
0.0742195
-0.310211
-1.70509
15.9677
0.746313
0.396234
-0.116617
-1.81422
-1.39978
-0.257847
-0.0493396
-0.650755
1.99817
0.0247071
0.575819
-0.0901915
-0.949223
-0.213008
-5.99315
-0.266161
-1.27584
0.702736
-0.544088
-10.95
0.102658
2.74385
0.272851
0.354209
-1.05388
-0.299206
2.62279
-0.180446
0.74319
1.26002
-1.74173
-0.358014
1.33564
-0.21491
-0.187788
0.654298
-2.10984
2.76246
1.50104
0.102441
-0.437717
-6.94092
2.69568
1.00686
2.06467
1.22481
0.109155
0.694268
1.59485
2.3876
0.377974
-1.20736
0.0415209
1.47243
-4.31048
-0.89325
3.21817
-0.745802
0.623401
0.458051
-1.33109
-2.08139
1.72851
0.420297
3.58296
-3.57369
0.384985
1.65713
-0.192836
0.806246
-0.79634
-1.37446
1.06593
-0.173956
0.200473
-1.73697
-0.27106
0.535018
-0.66663
10.7891
0.281722
-0.791294
1.82379
0.263958
-0.775258
3.91235
0.42885
1.71748
3.31691
0.898727
-0.153406
0.521344
0.487613
-0.486671
-0.0535499
-19.1398
9.62339
-3.4257
-0.549646
0.0930788
2.05162
-1.8967
-0.481018
-0.677854
1.05481
-0.724654
-0.59018
0.364056
-0.115492
1.00905
-0.52679
-2.05827
0.656642
1.57896
-4.97519
3.3697
19.1352
0.41672
-0.837361
1.32184
-0.00441838
-1.3277
-2.87974
1.86633
2.93258
-1.8034
-0.0228773
3.55913
0.309188
-0.851721
0.826618
2.40136
1.0416
1.01801
-0.249518
-0.355337
-1.30169
0.610452
-0.0310282
1.08412
0.149785
0.607968
2.25166
-1.92766
-0.281907
2.48406
-1.18056
0.234512
-0.139247
2.26219
10.907
2.89187
-1.70442
-1.00194
-3.08703
0.161538
-0.565663
1.25662
-0.0200514
-16.2173
2.80461
0.375496
-2.29642
3.42457
-6.55322
0.594611
46.4764
-10.5393
-1.37673
7479.42
-0.10204
-0.97386
1.36416
-0.996099
22.9974
0.0199671
0.581818
0.632909
-40.1647
2.29483
-0.189969
0.9048
-6.81711
-0.102113
-0.296381
-0.137328
-2.34891
-0.259172
-0.0700852
-1.60454
-2.28239
-0.433708
-0.39303
-1.02256
-1.82115
0.965027
-1.03265
1.73932
-1.40631
-0.764075
-1.31425
-0.192433
-0.108638
-0.433381
-0.407081
4.09036
-0.475774
8.79514
-1.5461
-0.907066
0.484293
-2.72056
-0.736581
-0.296845
0.0418797
-1.49908
13.8545
-0.198442
0.010675
0.857219
13.1698
1.51624
-0.335604
6.21148
-0.903833
0.804452
-211.187
3.86432
0.589579
4.14882
0.291344
-7.87932
-1.09324
0.761774
-0.664448
-0.906812
1.36105
-1.12757
4.24361
-0.492422
0.0552016
-1.23471
0.477825
0.0782839
-0.282181
-0.157514
-1.92656
-1.32483
0.6414
1.0142
-1.17591
0.921328
-12.5061
-2.85524
0.0837595
10.7168
3.84071
-0.260568
-0.744197
-6.28722
1.27359
-1.29976
-0.73241
-1.97443
15.5113
-0.503813
0.0358601
0.783264
-2.02183
-0.422048
0.87456
0.159926
1.47944
-3.74801
-0.0482373
2.82404
-1.25276
-0.261866
-0.196271
0.712794
0.542078
1.33532
0.960722
-3.43699
-2.16934
-0.389771
-0.0822952
1.32239
0.460348
-0.906209
-0.270393
0.961814
0.617084
-1.40257
-0.0852925
0.408023
17.0533
-0.00610531
-0.0912834
-0.476203
-1.75039
2.21875
1.24155
0.290413
-0.783078
0.0728165
-0.960854
24.0986
1.81484
1.61513
-0.814245
1.33445
-1.74941
0.49694
-0.222346
-1.42878
-0.727361
-0.158624
6.37837
-0.00429732
0.540311
0.153617
-1.44498
1.28129
0.387811
-2.04057
-4.73011
0.353381
1.42869
-5.73764
6.20056
0.0882566
-1.08191
-0.840652
-7.64097
5.67234
0.0969132
-1.87937
-1.1952
1.18212
-0.25584
-0.25573
0.31098
4.64123
2.60546
2.54273
0.868019
0.543006
0.0612729
1.1121
-8.25281
-3.06831
-0.239132
-13.0493
-3.24597
0.397081
1.81233
-0.375315
4.74457
-0.711798
-1.23929
-0.405874
0.628572
0.0792861
-1.05133
-5.46765
-0.319312
5.01758
-0.0133793
-2.50959
-0.513906
-0.344371
-38.8213
1.753
0.603033
0.23945
0.837433
-0.562933
-61.7326
0.938584
0.991306
-1.6568
-0.426898
-0.261951
-2.46703
-1.31756
1.93816
-5.772
-0.41803
0.00290856
-0.999344
1.14707
-0.460011
-0.346116
-1.43021
-0.0760984
-0.741325
-0.183651
1.47597
-0.678635
-0.71578
-0.498295
1.18677
2.79016
-2.27083
0.0891757
-0.348955
-0.480888
-2.20843
1.98942
-2.82314
1.57266
-1.44172
-1.19405
2.74149
0.297384
-0.141516
2.28821
0.000293927
-0.716476
-5.37779
-0.603947
-1.01375
0.511969
13.1238
-1.4267
2.01168
0.663532
-0.380677
-0.148076
-0.254274
4.99347
1.13055
0.206356
-1.12892
1.01878
23.2589
-3.2618
-1.01369
0.383802
5.82759
6.59473
0.328914
3.01231
-89.8858
-3.20508
-1.88115
-1.04483
0.707848
1.0543
4.57936
-0.998733
0.574611
1.35117
-0.842101
1.04009
0.216513
-4.00261
-6.12776
0.0882726
2.08418
15.9612
1.63482
0.670186
0.800346
5.41678
-0.403884
-1.33577
-0.976882
2.99051
-1.55417
-0.622968
0.611789
0.0246179
0.75189
-2.64985
-0.509233
-2.87547
-0.949421
-0.780492
23.7914
0.0691067
1.51439
-15.2171
-1.71133
0.392956
-1.52097
0.294379
0.485949
-5.17964
0.454257
1.85683
1.72908
6.07639
-0.470966
-0.190693
-33.1516
0.151742
-2.22891
-0.874844
0.191026
-8.12454
-0.940867
-0.296369
-0.393061
-0.52183
4.76788
-0.754455
2.49546
1.19372
-0.901139
-0.311473
2.97643
1.83751
-27.7221
1.39156
-2.25519
1.2858
-21.5703
0.985266
3.85266
1.9298
0.0302355
2.40999
-0.118771
0.23175
-0.0719139
-1.07932
-0.352058
-0.185912
3.57852
0.413857
0.198076
0.588851
-1.98083
-0.00660903
-44.3911
1.70013
-0.246213
0.0344004
0.162604
0.0722259
-0.897113
-2.37627
-1.05021
1.21379
-0.237698
6.28831
-0.989532
5.59018
-12.4474
-1.28363
0.139095
-0.920038
-0.202455
0.849306
-3.48593
0.720686
-1.47253
0.330863
-7.96041
0.0107776
1.57806
-1.38042
0.585866
0.424224
-0.236457
-9.31912
-1.0931
-0.357311
6.79499
0.640062
2.27927
3.02695
10.0417
0.396231
-1.83159
-0.533515
-0.771476
-0.432139
-87.059
0.129795
-9.47841
0.186175
-0.558111
-2.09122
-8.73086
-0.618053
-0.790341
-1.14383
0.275209
20.3193
2.97195
12.8687
1.31103
0.258713
-0.349392
-0.251739
0.738992
1.40042
1.95925
-12.4047
0.604287
-1.6085
-0.0809959
-0.156196
2.38108
-4.15289
-0.19905
-1.03473
3.43869
-1.73656
-0.160685
2.72099
-4.36295
-5.01147
-10.3644
0.647221
15.3082
5.31786
1.23957
0.441016
-0.289915
-0.40905
1.07726
0.769232
0.658816
-1.71846
-0.549241
0.131155
0.221455
2.06802
0.335209
1.06205
0.0361641
-0.115307
-2.03477
-2.04283
-12.3442
1.115
-2.72747
2.62864
1.7959
0.207645
-1.8415
53.9992
-0.427233
0.657023
0.0330038
-0.925634
-0.421294
-1.37224
-0.917691
0.144417
0.84783
-5.23619
-2.24978
-2.40388
-0.71673
-2.73603
1.63688
-2.71481
-0.456575
1.79453
0.319011
-5.08263
-0.76872
1.06211
-1.80047
-0.391287
-0.619212
1.05151
-0.680356
0.141066
0.0371901
-2.64437
-0.879201
-0.896097
0.562765
12.5766
-3.79764
0.771202
-0.521375
0.446581
-5.69638
-0.140972
0.414249
0.0353145
1.47156
2.7493
-0.432647
-13.8808
-2.37919
2.50443
1.03268
0.721638
-1.65119
-1.15892
0.106909
0.843412
-5.3505
0.313868
-0.307347
-1.01926
-0.476848
1.27392
-0.631251
-1.85621
0.671308
-7.38553
1.35795
2.1741
0.879932
-7.89472
1.69471
0.990766
0.740509
-0.101127
-6.84145
-0.157952
-0.977138
-0.795527
-0.118335
-0.137634
-0.438216
0.0940885
-1.92475
1.56886
-0.757268
0.797532
8.01182
-1.85107
1.11972
-0.148358
-2.94348
0.228947
-1.9924
-4.38465
-2.34094
0.226479
-0.312902
6.08504
0.677942
-0.48964
-0.355733
0.536218
0.0829978
0.412085
-0.262122
-1.74919
0.394514
-7.84921
0.752191
-0.632169
2.21283
-1.72472
-7.83824
-0.492187
4.5278
0.0808421
-0.144248
-0.147008
0.677039
0.968612
-2.26782
0.360777
-0.0749414
2.04915
1.03319
0.217027
-1.09189
1.2992
7.2318
-2.90659
0.245853
-2.43235
-1.08541
-136.73
-3.79262
-10.4642
-0.264206
0.149498
0.370983
-1.09041
-5.08912
0.0526008
-0.371533
-2.11309
-2.01837
-1.07531
-0.0681601
-52.5839
-3.48252
-2.94413
-2.34973
1.36279
1.47458
-3.60439
-0.347314
-0.70429
-0.628191
-1.34311
1.3014
-3.02869
-12.0351
-1.70771
0.342268
428.942
7.61983
0.639874
-0.150278
-4.74841
-2.1326
-5.38501
4.93498
-0.832633
0.0302695
-0.208198
-2.54564
-0.338157
28.5421
54.0674
-4.86639
0.413262
-0.0423659
-0.819747
0.190526
-7.45574
0.195984
-1.35264
0.791293
-1.91346
-1.4549
3.12107
0.489766
-1.39052
-1.84523
-1.40886
0.881812
-0.49105
-4.90428
-8.47705
-0.123054
-0.603235
-0.523802
0.738108
-1.22636
-0.546475
3.72391
2.95026
-2.17687
0.204185
0.269817
-12.108
0.087281
0.450731
-1.23902
0.940687
-0.231853
-0.281055
3.60044
-2.60547
-26.6225
-0.95835
-0.683315
-8.50756
0.505841
-10.3776
0.386312
-0.461798
5.30386
-0.335679
-1.54878
-1.41947
0.172496
0.302141
-2.79484
-1.05967
6.43919
-0.64447
16.2076
3.92969
-2.00137
-1.0914
0.778127
-0.571968
1.23648
-0.779702
-5.25645
0.0684907
-0.679075
2.58579
-1.25927
5.05589
2.92911
-0.574477
2.2942
-2.80754
-0.310775
3.46272
-0.388281
-0.0035471
1.39575
-0.510581
-0.415451
0.194754
1.02206
-7.92066
0.61306
-0.0661308
0.787727
1.14216
-2.17882
-0.414403
-3.77241
-3.48236
0.297118
1.99782
-1.91285
-0.507552
-0.149762
-5.28481
0.315875
-0.679042
-5.18068
-0.216817
2.37759
2.08773
-1.13715
0.370121
-0.161379
3.09475
-0.908583
-0.0635886
-0.636026
0.120757
-0.150126
1.24763
1.37005
11.8813
-1.24369
0.460872
-0.162915
-19.043
-1.17481
-0.592221
0.461808
1.2256
-1.28727
-2.53752
0.0411782
256.985
-0.220061
-1.01592
2.0847
-0.67379
-2.44762
-0.677014
1.46126
0.303034
-3.87955
-2.23655
3.01067
-0.0897929
-1.68728
-0.202333
-2.45925
-0.428898
-0.695505
-1.53902
-0.0184068
-3.47675
-0.122461
1.46285
1.74337
-0.457619
3.3068
-2.29523
1.04049
0.425327
-0.979387
-0.756055
-0.923596
-2.1589
-3.49805
-0.0992536
3.13939
-1.89802
-0.555507
-2.90353
4.92681
1.26559
2.30082
0.490551
0.0657779
-0.205753
-0.0622268
1.4832
10.5512
-1.20279
-1.06336
0.413223
-1.07744
-0.968772
-1.23913
0.00809746
0.727134
-0.00204971
2.00493
-1.59212
-5.42561
-8.71619
0.703085
-0.0104755
-2.6455
-3.03128
0.126994
0.27007
0.135626
0.630826
-0.0222796
0.437597
-0.164276
969.25
-0.0365219
-16.2474
-0.873618
-1.94509
0.252265
-1.0247
0.229667
-1.34527
-0.665531
2.37319
1.07285
1.52747
1.04257
-0.874312
0.100224
-11.7104
0.621855
-0.256097
-1.25977
0.892413
-39.2544
-0.0186562
0.7582
1.02578
-0.34841
2.62664
-6.29599
-1.07167
-1.4903
-10.1723
0.531634
0.29959
-1.2608
1.00768
-0.949872
-81.7945
0.0134379
-0.687763
0.927766
2.056
0.684683
-0.343498
-6.30331
-0.253512
-2.71384
-0.227126
-8.28459
-2.00901
0.448576
0.165158
-0.912635
0.971165
-33.4188
0.804895
-12.017
65.878
0.867866
-7168.95
-0.730891
0.576716
-1.48676
-0.28686
0.805835
2.12766
3.30904
2.74208
-1.78593
-1.84986
0.926009
-6.30245
1.83673
0.784107
-62.8052
0.413774
-0.0911419
-0.394724
-1.1314
1.96388
1.29762
-0.0346533
-4.25801
4.67589
2.73257
-1.60147
-0.5529
0.353946
0.582451
0.542523
0.263367
1.17147
0.384195
-0.92373
-1.94565
-5.40823
4.66754
1.47063
-0.0847962
-1.58914
-3.04276
0.263627
-2.48549
-0.301824
0.336139
1.17529
0.809948
0.706565
-3.54112
0.115339
-14.4969
2.08624
4.72664
-3.33067
0.511539
-1.30452
0.355312
0.928965
0.227827
-0.612084
3.02246
1.46677
6.33256
-3.10885
-0.625915
1.46172
0.935352
-1.02411
0.41557
0.300569
0.247749
-0.25224
4.76587
-0.505945
3.58436
-0.229491
-1.37276
2.9695
-0.0231551
0.414968
-1.64902
0.574457
-0.765854
-1.4148
8.19979
0.117062
-0.738772
0.49127
6.47302
-5.60747
7.53738
1.01444
0.160099
-0.17351
-0.812165
0.736619
8.18103
0.339656
-2.55615
0.418251
0.2172
0.261273
0.382791
-9.05704
-16.9469
-1.23784
10.5523
-0.515282
0.681796
-8.11764
0.277581
9.3888
3.96765
-0.321524
0.16415
-3.50277
0.227477
-1.24032
6.30844
-1.57344
0.141013
1.09752
1.43967
2.30418
0.905714
0.281316
-0.00316015
3.43568
-1.0654
0.07205
1.76097
-1.34892
-288.238
-3.25761
6.50387
1.73797
-0.299606
-0.143768
-4.68508
-0.0310089
1.05618
-0.151043
-1.15635
3.79504
-0.523752
0.617485
0.796872
-0.379131
0.264078
1.10015
-9.73166
-1.64464
-1.7309
-0.469788
-0.0322864
-0.16148
-0.441595
1.18266
0.0120327
-0.471774
0.502904
-3.12205
-3.93254
3.0552
-1.28313
1.17333
-0.335496
-21.3976
-0.0256169
23.1854
-0.511528
-74.4531
1.24598
0.934154
-17.4534
2.98908
-0.376765
0.714551
0.597474
1.27922
4.2328
0.454222
0.736386
2.54922
0.919142
1.72526
-3.59072
-3.55278
0.0921439
9.35621
-1.24407
0.62467
1.2383
0.434352
-0.608512
0.740163
0.635408
0.361977
9.81607
-0.482495
-3.32571
1.13261
3.70345
-0.165683
-1.13567
1.60189
-0.541145
0.226274
-1.46385
-0.203606
1.04061
-1.59903
0.768952
1.53911
1.93158
0.42761
-0.994446
-4.32582
0.546226
0.243814
0.434548
1.48613
-3.10736
-2.60055
-0.442367
-0.670383
-0.445651
-0.318044
1.47918
0.343704
2.6078
0.431718
60.9344
-0.101639
0.111019
-1.4217
-0.532568
1.46677
1.15391
-0.512468
0.400194
0.485087
-3.62064
-82.7787
-0.548691
0.753713
1.98761
0.75699
0.576914
-6.80547
-1.80884
0.349434
-0.296997
-0.470003
-1.30177
-1.88004
7.31313
-0.376681
0.80748
3.29695
-1.26156
-3.00802
1.71338
-1.2511
4.14172
-0.368154
-0.0151457
0.666983
-1.42201
1.04365
-0.0100234
-0.545691
4.19661
-0.34773
1.26666
1.22563
0.928076
-2.33856
-2.99183
9.53118
0.872126
1.01725
13.2672
1.50107
0.922498
-2.13782
0.916943
-5.41658
-0.497622
-0.648156
-0.298331
-1.92192
0.223577
0.995248
-0.0357113
4.89284
14.6169
0.705156
0.277981
0.0483301
-22.1468
-0.588471
0.954737
1.11921
0.409987
-2.08536
-2.82498
0.576477
0.317877
0.0238037
-0.863527
-2.15985
0.947143
5.62404
-3.23955
-2.03351
-0.913862
0.477199
-4.41542
-0.342804
0.748092
167.686
-1.72919
0.319747
-4.73627
-2.57388
-0.745523
-2.99316
-0.0292755
3.16181
-1.23957
-0.543498
2.25852
-0.438401
-1.23831
1.83823
0.265715
-0.641653
-0.296109
-2.8071
0.916925
-1.61492
-0.508212
1.90367
-0.776293
0.422297
3.93967
0.283711
2.14696
-1.28295
-0.460193
0.077236
-0.70601
9.96107
11.0679
-0.729713
-0.348739
9.93927
-0.00340137
1.0839
-0.502876
0.41852
0.538385
0.527889
0.475284
-0.562047
0.144988
-3.081
-0.795579
-0.220441
-9.3206
0.348532
0.0081535
1.9061
-0.23831
-0.516301
3.08702
-0.567562
0.758867
-1.33368
3.03429
-0.621679
0.312982
-8.67398
-3.66924
0.555732
37.7547
0.236112
-0.632459
-1.79598
-0.196293
-1.732
1.11406
0.410753
-0.228846
-0.461175
-0.492374
0.679122
0.903288
-1.31715
-0.717254
0.745284
-4.07695
0.10845
-0.921642
-1.22806
-1.04455
14.8243
0.510225
-1.63273
0.433246
0.0824424
-0.548163
-0.882867
-1.65534
-1.89198
1.42518
0.624585
3.6748
-0.977011
1.80773
-1.16645
-2.96643
-0.183526
-0.108606
-3.03803
1.45106
-1.20903
1.25111
-2.45251
0.384373
-1.29531
5.56758
-1.11329
-25.2227
-5.07747
6.65133
0.955182
0.0165151
-0.714803
0.840356
0.476921
-0.00732658
-0.884437
0.541162
-1.08262
108.811
-3.00885
5.02698
-4.12523
0.528769
0.0637823
2.41382
0.196738
5.36736
-0.059114
-0.510607
-0.770229
-0.0623953
-3.32355
-0.247258
0.880069
-0.578252
-0.943805
-2.39449
0.575335
-1.15248
-1.83068
0.722225
0.111674
4.90455
19.8315
3.2422
-1.23655
-3.79306
-0.338787
0.20733
1.24804
-4.16353
-0.23663
-1.03612
0.681904
-0.205
-0.60677
0.23043
-0.692786
4.09282
-8.78897
0.303969
-0.680583
-0.658255
-5.38563
0.912183
-6.16742
1.36294
1.31622
-0.25946
-0.298191
-0.252073
0.660977
0.0542418
-0.226377
-3.01722
-0.459663
-9.25169
0.88059
-3.31339
0.0122707
0.23472
0.83589
0.390829
-0.802037
-5.73559
-0.0814876
-0.880037
-0.308701
-2.01001
1.82507
2.36013
-11.387
-1.50837
-0.806921
-0.83561
-0.550777
1.07712
-10.7537
-1.47717
-1.63235
-0.751407
-0.52793
3.02727
0.217047
-4.34021
-1.53154
36.9994
0.957634
-0.368169
0.0048763
1.22491
0.180837
-0.443004
-0.390914
0.538792
0.703623
-1.10061
2.1176
1.50295
2.15259
-0.667765
5.14852
-7.46691
-4.80968
3.73704
1.00992
-0.0614541
-3.94187
-14.6321
2.06196
-0.20988
1.35902
0.221316
-3.0411
0.929793
-5.29725
0.0433685
1.85393
-0.502864
-0.352047
-18.9259
-0.976726
-1.62132
6.23485
1980.14
-0.740961
-1.83858
0.941274
1.98036
-1.98774
0.32033
-0.48119
-0.863982
0.265437
8.38667
-1.64284
1.46798
-0.560953
-0.51061
5.71181
0.977838
0.829004
0.784632
0.508581
-7.59045
1.42848
1.98528
-3.4469
-0.387306
-1.118
1.23382
-0.990107
-10.9661
1.35013
6.11552
3.30779
3.40393
-0.870283
0.531401
0.936794
0.107451
3.97341
0.560749
2.34397
-0.781101
-0.300403
0.103966
0.928403
-129.849
0.725276
5.78214
0.241194
-0.222918
-0.144476
7.71548
-0.567934
-0.602543
-0.340176
3.67778
0.723234
0.265642
0.392622
0.298032
-0.480557
1.50402
-0.0295882
3.94434
-1.19672
1.02502
1.98189
-0.386638
-0.402648
0.101447
-0.0822784
0.145154
-5.59542
1.48355
1.4258
-0.38015
0.514586
-4.51814
1.02215
-0.32266
2.09913
0.734443
-3.928
-0.379296
0.207599
2.6924
-0.205729
-1.40957
0.181797
-0.224876
0.0225007
-0.321228
11.8359
-1.27473
-0.0790017
-1.39832
-0.600474
-4.38561
-1.47451
3.85605
1.36233
-0.112739
-0.870848
0.638023
-1.66558
-1.48991
0.621124
-0.0343986
0.631278
1.29023
-1.76868
-0.00673452
-6.68622
0.0494697
-1.01196
40.1928
-3.12237
-1.00373
-0.123092
-0.992353
0.219454
1.09233
0.284392
0.0514765
-0.215166
0.456239
0.629832
4.64286
0.764214
1.01901
-0.634508
-0.545304
0.518245
1.10548
-0.206445
-1.80582
0.371266
5.28101
1.65327
-9.15229
-9.36399
-0.452973
-2.64537
-0.401704
0.781672
0.573787
0.278844
-2.78815
-1.8966
-0.213339
1.93765
0.0437169
0.211014
-2.14911
1.80364
-5.74929
0.695385
-2.30894
0.324248
0.882174
0.457717
-0.539117
1.55824
2.50433
-2.68766
1.7112
-1.0599
2.87939
-19.5095
0.350622
-26.833
0.169612
-1.85645
-4.33478
-0.499634
-0.381341
0.0749
0.381831
4.75073
4.35901
-0.840681
0.187094
-1.3353
1.09263
-3.57811
-4.21787
1.11076
1.65448
0.334941
-0.412314
2.06836
0.628565
-0.916533
-1.90757
2.28427
-3.59515
1.99619
1.99519
0.515361
-2.22816
7.33268
-1.7748
0.45428
-0.678146
0.813446
-0.408195
-0.00737902
-10.1116
2.67008
0.527303
-0.0586476
-6.64448
0.586056
0.55329
-0.810821
-0.0675987
-1.09143
-0.37469
1.41767
14.9178
2.37402
0.494468
0.0545082
-20.259
-11.1178
-1.31138
0.85481
0.0412404
10.5138
-0.52221
2.26397
-0.307227
-1.13338
-68.0742
-3.33248
6.0356
1.5137
-0.0736435
0.458197
-2.53929
-0.377628
-0.449709
1.45651
-10.7361
12.9946
0.687011
-0.251109
-4.79496
0.462569
0.260222
2.00809
-0.357413
1.12111
0.751114
-1.38587
-0.232502
-0.283163
34.1371
0.235891
2.75287
2.90402
-0.352559
3.1361
1.33534
0.82142
0.0207837
1.06461
-0.362078
-0.334984
-0.72224
-1.5423
10.4418
-3.42143
-0.243837
1.56691
7.91086
0.13564
0.841658
0.0131723
17.3767
-0.0966611
-0.61099
11.3932
1.76159
0.00563637
0.500491
5.39998
15.2868
-11.9578
-9.04236
1.30215
1.51106
-1.07968
0.140543
-1.60562
0.490287
1.9156
-1.95226
0.459599
-259.947
2.87088
6.24994
-25.5246
1.36623
0.65508
0.766555
0.240627
-18.137
-2.39993
-0.546862
-0.17163
0.89648
0.264578
16.9923
-1.20133
2.85958
-0.52489
0.682782
2.05945
0.641539
-8.29959
-0.655619
0.341694
7.07884
0.370792
-0.129662
-1.95653
0.364547
0.388685
-1.19024
0.455736
-31.6538
-6.76816
0.255621
2.35447
-1.16773
-0.224284
0.908786
-11.245
-6.17512
-5.09518
-1.07546
-1.35852
1.03133
0.781233
-1.24733
0.49122
0.40201
-0.15406
3.26707
0.13829
0.661062
4.35024
-0.0990316
-2.03396
1.03312
-0.279909
-1.34617
7.05268
-2.59277
-1.05226
-3.92624
0.0563489
-1.56961
9.95756
0.923938
-4.95072
3.33649
11.186
-0.282646
0.513497
-1.75861
3.28563
-217.927
-0.728422
-1.55418
1.10093
0.615933
-0.274665
36.722
-0.410011
2.99558
-0.768689
-2.63749
0.283788
1.7426
3.28481
0.482979
0.160544
-0.897213
-4.31243
-1.53034
-0.529718
30.1749
-0.0676114
0.997941
-0.337068
-2.22615
-0.333902
-0.661733
14.3626
-2.61793
9.32354
-0.681556
0.0806056
-3.44035
2.87347
-0.0232551
-1.29598
0.955967
-2.86462
-4.47197
-0.593956
-0.221635
-8.19143
0.0857456
1.01464
-0.665779
0.299374
1.05616
-1.84318
-0.901876
-14.1816
0.497211
1.11673
0.124647
-0.385002
0.391861
-1.683
2.3077
-0.242328
0.433392
0.371789
-3.72505
11.8347
2.67116
0.532995
-19.5474
-0.532122
-7.56078
0.0849738
-0.52632
-2.0929
10.8658
-2.46821
105.344
-2.54929
-35.8374
1.10432
-6.57721
-0.405397
-1.57782
-1.00106
-0.537668
-3.92859
1.00029
5.97605
0.374928
0.502979
1.41717
3.53689
-3.13935
4.92742
1.31948
1.97144
-2.33906
-0.0756887
-0.508512
3.74972
0.809352
-0.625097
-0.0777468
1.16133
2.00373
-0.458327
0.176533
1.7269
-0.582575
1.16409
3.28985
0.668111
4.12811
0.152611
0.553772
-0.53624
-0.93725
-27.5194
-2.31698
2.71644
5.78085
1.16517
-2.03945
3.89047
-2.09854
0.959561
0.566457
0.385247
0.6276
-0.699828
1.71092
-0.764465
-2.5356
-0.219785
-12.3597
-1.2694
-10.695
1.12375
2.99234
-1.59512
2.4147
-0.184631
-1.53036
0.885138
2.78387
0.182091
2.47677
-7.23886
-1.43609
1.86772
-1.6211
0.795599
-1.12011
0.071774
-0.891077
-0.861896
-6.56862
0.847016
-0.605475
1.18957
-2.34428
-0.176984
1.03871
-4.7346
3.40652
-0.473455
0.691896
-8.5882
-4.4111
-0.366172
-0.00236303
0.330901
-1.64012
1.55237
-0.248151
-8.3113
-3.14456
-0.0986466
-1.57356
0.281469
-1.24283
0.47767
1.20207
1.49987
1.67811
0.977996
1.50479
-1.95388
0.307951
-2.03032
0.0856199
6.68649
0.0585633
-6.89737
-0.0695796
-1.16905
-0.0541703
0.161422
-0.702313
-1.56556
0.719522
-0.666864
-0.867184
-4.58711
-1.07311
0.678394
-0.187683
1.32533
2.224
1.40707
2.00279
-0.520649
-0.0694879
-0.614176
-0.130565
0.192041
-38.0637
2.20124
3.55622
-0.50074
0.925893
-0.90853
-1.06424
-1.63946
0.0967586
-0.48508
3.87707
-0.646251
-2.90292
-0.313882
-0.105683
-1.26581
-0.58012
2.2709
-0.870975
0.229916
1.74219
0.145165
0.189328
0.601122
-0.13381
1.2345
2.59447
-0.731535
-3.57252
-0.0170698
2.4081
0.449209
1.28572
24.1052
4.60214
-7.64801
0.00999119
-1.41866
-0.432637
-0.414119
1.41497
0.0985079
-1.21436
1.16676
-0.944131
21.2414
-0.38557
-0.650993
-0.580468
5.17493
-1.49105
-0.496122
0.850566
7.32068
-0.0266837
0.38851
0.673145
12.2644
-1.07448
-0.164667
0.616521
-0.752435
0.841032
3.5706
-0.549507
0.676744
-0.10857
0.684306
-0.593005
-6.33061
0.275319
0.802399
0.236203
-0.496793
-0.376384
0.700073
-1.51344
-0.824351
0.236034
-0.481203
-0.691658
-0.177454
0.321894
1.68585
2.10336
0.88279
2.27327
10.2012
-0.53419
-0.610205
0.512742
-1.22697
0.599906
-0.78325
-31.54
7.90307
5.89299
-0.211205
0.300881
-1.04027
1.97991
-0.47256
-0.797126
0.972395
0.422452
1.90523
7.99382
-3.6627
0.42815
7.08083
-0.107319
-8.74776
-0.00829777
6.7185
15.3447
-1.11116
0.0131055
1.81538
-0.335592
3.44385
-0.24684
0.364109
3.30348
1.35591
-0.947452
-0.458979
0.814732
-3.27798
0.178691
0.463772
-0.358124
-0.0563717
-2.36273
1.08411
0.727775
-0.307795
0.264724
1.28142
0.684586
0.214672
1.10923
0.494946
2.3073
-2.36652
-1.1666
-0.130874
-0.109818
8.81731
-0.622772
-2.37817
0.521482
-0.910209
-1.35318
-0.907715
0.500345
-0.14325
-9.69055
0.530645
1.83297
-6.62469
2.75803
-0.337918
0.735477
0.360306
-0.63791
10.5082
-2.50355
2.04519
-0.0445324
-2.34915
-1.3096
0.135266
-0.535736
1.17037
-0.554997
1.39645
-0.257445
-0.757062
-0.394559
0.5106
-0.344444
1.17557
0.00725991
0.407016
-2.53824
0.397216
0.63327
1.39942
-0.477019
0.00741792
1.54751
-1.31646
-2.52926
1.86703
-1.73419
-6.96339
1.45876
231.702
-0.89465
-1.94507
0.888014
-0.792103
0.773783
1.55315
73.8601
2.62511
-0.286539
-7.68349
-1.33438
-1.3989
0.0549567
3.97956
-1.5159
0.200726
-1.83928
1.4022
-0.081287
0.126622
1.25622
-9.28747
-0.275909
-0.274124
-0.576685
-0.186337
-2.32589
-1.65491
0.0182031
-0.247985
1.10122
0.663899
1.25573
0.978878
-0.738632
-0.41517
0.553309
0.689514
1.14607
-0.00524639
0.914119
-2.3264
0.205353
0.094857
-1.59647
2.86224
-0.118635
2.52079
2.3579
0.513274
7.01835
-0.146663
-6.11952
-2.65957
5.09327
-4.24126
0.0541539
0.0594907
-0.598442
-0.72885
-4.69673
1.44614
-1.85931
-0.0825144
2.47523
1.77535
-0.685202
-0.749965
-0.0282671
0.0189141
1.93834
0.0220533
-3.95915
-1.07651
-4.13607
0.453553
10.8664
-0.47429
-1.97105
0.0839296
-0.977108
-1.60418
17.4577
1.26062
0.697551
4.74169
0.572149
-0.506843
0.0367262
-2.92348
-6.23979
-1.67408
0.410071
-2.48746
-1.31503
-0.123311
-4.79457
0.11335
3.5634
1.00196
-0.699814
0.510181
-0.179904
-4.35051
-1.24841
-3.22497
0.77441
-0.49539
-0.446357
0.725066
-2.23142
-0.80822
-1.15739
-11.9712
2.33141
1.29457
-0.318942
-0.248189
-0.117929
-0.501827
-0.216267
-0.513407
0.0482045
0.890546
-0.195895
1.20484
-0.752202
0.938423
-3.53601
2.83137
-0.0583133
-2.03111
0.338902
-8.95971
3.94464
-5.48689
0.730741
0.929862
0.765837
0.632777
-27.4396
-0.00986264
-19.9503
-0.984657
0.388791
-0.807833
1.57683
1.1527
-1.55621
0.419802
-1.84424
-0.0458992
0.756173
-5.49344
-0.464808
0.0842839
0.243403
0.107929
-0.707351
166.926
4.4229
0.913361
-2.31833
-0.351637
-70.6356
-13.4734
-3.24763
20.3188
0.0972611
-0.49738
0.0753885
0.232786
1.37896
2.15537
1.38952
11.6048
-0.409212
0.39075
0.789202
0.828748
0.791687
0.960082
-4.7276
0.162321
1.33384
-0.157181
1.00944
9.04076
-0.0580844
0.114786
-0.274056
-0.337675
18.0629
-0.444632
0.179425
0.354899
14.4575
1.57267
0.861026
0.0240889
0.618395
-1.3577
1.79097
3.58363
0.737881
-0.0844092
0.139383
-0.675407
-0.233308
1.08965
0.963282
-0.597462
-1.29399
-2.50886
-1.30698
2.05773
-0.719333
0.023057
-6.95582
-1.19699
1.49423
0.333528
-0.544931
0.826962
-0.539822
-4.08955
-1.32583
0.818783
0.28738
-0.61448
-1.25006
-0.267095
0.0228163
0.453948
0.476482
0.351394
-0.506837
-0.603252
4.45884
-2.43189
-1.84976
-0.594997
2.25106
-0.248523
1.28006
-1.26472
-1.16936
-0.508503
-0.142229
2.94824
-6.89889
1.32256
0.0898303
0.702023
-22.571
1.40712
-1.09947
0.0106768
0.976009
6.33155
-1.03312
-0.162437
-0.0360743
-1.81036
-3.17061
-1.47331
-0.35132
1.83853
-0.375039
-1.40346
1.44684
0.706641
0.11909
6.82532
-5.47935
1.20407
-0.500117
0.00601528
47.1163
1.28359
21.3953
-0.0368347
1.49405
0.747551
-1.04996
0.368313
0.776257
-1.14769
0.244515
1.6847
2.37971
-1.11703
-0.152739
2.69664
-3.5819
2.89046
-0.288644
1.13635
-1.0698
-0.0532221
0.185224
1.41806
0.571847
5.77827
2.30316
1.29669
-0.319428
-0.510688
10.1964
-0.409127
4.20172
3.78676
-0.416961
-0.116781
-6.75759
-0.504682
1.61392
2.83496
0.413765
-0.752268
0.579961
1.4507
-0.220057
-0.0347123
0.258029
-0.493147
-0.196531
-6.33785
-0.423332
4.01404
-0.648253
0.444633
0.287898
0.735962
-6.08215
-0.283002
-1.64125
-0.583072
-183.79
2.42846
1.12771
11.9277
13.2263
0.623196
-0.0170496
43.9656
-6.40696
-34.827
-0.914061
3.99523
2.83639
-0.898734
-16.9785
0.429981
2.00549
1.71204
0.461181
-0.817472
-0.565163
-0.212689
1.60544
-1.50883
-2.71362
-0.616909
1.27343
2.22603
5.49214
-28.0527
-1.30703
0.2046
0.744991
3.39282
-0.52273
16.0303
-0.57168
-0.197089
0.42341
0.0572077
-1.04214
13.764
1.38774
-0.914266
-6.59314
2.80115
-0.675989
0.407095
4.11863
0.519901
-6.76899
13.0852
0.349856
1.81654
-0.507569
0.125905
3.09741
-0.443491
-0.227305
501.786
-6.02134
0.204823
-2.69445
-0.108622
0.487942
-1.1661
0.58079
-0.334251
1.58595
-0.982315
2.23168
0.351091
-0.866812
-0.416373
-0.751781
-1.46991
5.27823
-1.5106
-0.0485317
1.33199
2.22443
0.372199
-0.204326
-1.10562
12.8348
-1.40909
-22.4303
4.17254
-0.995163
-0.514076
2.61105
0.157917
-3.36529
-3.00283
0.733399
1.74959
0.391819
0.479353
-0.0428901
-0.923799
10.5728
-2.19751
3.0554
-0.31793
0.577674
0.28247
2.2553
-0.239766
-3.67428
0.0364652
9.50798
-1.37247
0.905981
0.108445
-0.212006
-0.232872
-2.456
-1.15747
5.44021
2.16878
0.335362
1.17109
0.0441164
-0.215988
10.9941
5.55738
-0.434959
-0.133506
-0.891114
-1.1577
-0.870861
-0.56677
1.53199
-0.454218
-1.55701
0.501498
-3.97613
-0.461916
1.35483
-2.91657
-0.117966
3.20729
-11.9954
-1.91019
-1.9859
-1.56378
-0.0874526
-8.37887
5.88418
0.467805
1.54623
-1.96132
3.66158
-0.456703
-0.63007
-0.103071
5.89197
0.133882
0.499737
0.360761
-3.49262
3.45957
0.467594
0.968398
-0.43442
1.40018
-0.0554821
-0.662632
-3.41765
0.144614
0.616595
5.65737
1.12976
0.675501
-0.901168
-0.867359
-0.592372
6.29681
0.325525
0.559347
-63.3908
1.80339
-1.03763
0.506852
-0.395705
-0.0440488
-0.503244
0.0905276
0.798643
-2.63551
-0.39001
2.93066
-0.943259
-0.00825064
-0.776021
0.297606
1.3035
-0.989137
1.56695
1.31782
0.302998
-0.0706463
1.50321
0.36998
-2.97498
-0.435182
-1.0299
-0.465977
-0.102802
-0.153524
-0.725178
-0.0850322
-1.70847
-1.79001
271.98
-1.87161
-1.26292
1.04153
2.19449
-0.316938
-0.15783
-8.61508
0.150149
-0.26279
-0.771045
-4.3109
-0.124201
0.0697871
-0.928406
1.58376
1.17321
0.707759
0.899041
-11.1966
3.4806
-0.607893
-3.00428
