1.2422
0.700822
0.796676
1.51751
1.4428
0.870252
1.32602
1.42971
1.59519
1.70018
1.03159
1.70339
0.765851
0.84403
0.819375
0.91357
1.81522
1.04118
1.03544
1.19094
0.951173
1.26286
0.837654
0.864225
0.71273
0.927032
0.717898
1.27502
1.03728
0.693392
0.536538
1.09641
1.05916
1.39066
0.744687
0.565644
1.02178
0.800322
0.684256
0.784795
1.24294
1.4573
1.98282
1.13603
0.99092
0.793407
1.2191
0.881045
0.997539
0.909553
1.50713
1.02528
1.00884
0.618232
0.881496
0.825061
1.20299
1.10222
1.08198
0.434548
1.14056
0.55337
1.43998
1.23203
1.1843
0.798136
1.00182
0.855004
0.464681
1.0196
1.09538
1.22109
0.890969
0.921032
1.21486
1.11461
1.08469
0.862348
1.56158
0.812834
0.944382
1.00251
1.37808
0.424832
1.35644
0.974136
1.32251
0.796789
0.672463
0.514742
0.644828
1.01349
1.11112
0.473431
1.04453
1.07386
1.20577
0.911666
0.481323
1.47151
0.985146
1.26278
2.33574
0.820939
1.0033
1.5625
0.628987
0.645267
1.03654
1.12684
1.09859
0.685017
0.830266
0.581734
1.19973
1.09352
0.956104
1.16251
1.39709
1.29558
0.924551
1.25422
0.684279
1.58281
0.766498
1.07714
0.873773
1.60264
0.41576
0.75253
1.31344
0.69669
0.650595
1.74697
1.10565
0.875025
0.861364
1.32601
0.947686
1.11718
0.753686
1.72575
1.44331
1.76759
1.16993
0.99584
1.2871
1.01546
0.63252
0.852613
0.504457
0.795748
1.03745
0.668509
0.563868
1.04704
0.787888
1.28073
0.773875
1.22206
0.92956
0.999185
1.09026
0.798145
0.806754
0.903464
0.931082
1.33752
0.936309
1.4024
1.54814
0.780119
0.878589
1.57628
0.440153
1.58481
0.628949
0.663554
0.965297
1.26311
0.751093
0.686799
0.887496
1.56655
0.861761
1.09184
0.825437
1.05985
0.720271
1.3701
0.613423
0.746946
0.748061
0.851526
0.978636
0.731846
0.502992
0.769238
0.622839
0.651809
1.16581
0.785261
0.777809
1.31696
0.629045
1.27131
0.77711
0.666047
0.90672
1.11041
1.3869
1.03118
0.845681
1.57464
0.634534
0.926669
1.0773
1.17327
0.735605
0.946355
0.996226
0.973615
1.21248
1.24252
0.883238
0.527307
1.23841
1.58012
0.788092
0.631898
1.06005
0.532121
1.21501
1.34873
1.11015
0.667847
1.10588
0.792412
1.24228
0.996435
0.825899
1.53912
0.759391
0.906161
1.38455
0.77361
0.907558
1.42403
0.975796
0.97537
0.474813
1.51059
1.2397
0.793381
0.972887
0.869385
0.81174
1.01731
0.56878
1.72659
0.898383
0.851231
0.867378
0.730435
0.869116
0.657603
0.904858
1.26064
1.61661
1.07887
0.513995
0.754041
1.0905
0.315846
0.972162
0.592493
1.05186
1.07521
0.917916
0.645522
0.588043
0.593283
0.682355
1.12305
1.02728
0.65837
0.633264
1.4511
1.56427
1.77629
0.949479
0.959052
0.812964
1.41806
1.01769
0.662802
1.01854
1.17641
0.688862
1.03272
1.2515
1.48956
1.05281
0.767713
1.29369
1.17795
0.399515
1.53321
0.748714
0.784228
0.915665
1.26801
1.5059
0.670596
1.08535
0.852973
1.03747
0.967252
0.805978
1.29888
1.7334
0.923517
0.999747
0.866167
0.818794
1.03122
0.780266
1.0125
0.70709
1.24499
1.05543
0.739783
0.556344
0.537477
1.20342
1.44529
1.60922
0.589511
0.700463
0.865615
0.910492
0.814074
0.533666
0.934653
1.05236
0.994808
0.77783
1.6869
0.849317
1.04283
1.40228
1.55159
1.25213
1.14093
1.37368
1.28348
0.837596
1.0332
1.55857
0.840201
2.14139
1.0495
1.08369
1.08716
0.826171
1.16371
0.885826
1.05028
0.591002
0.779446
1.27077
0.707238
0.782772
0.78977
0.478232
0.83864
1.05227
0.891651
0.615825
0.803762
1.43431
1.72515
1.97601
0.986042
0.73058
1.51996
1.64308
0.808438
0.78973
0.964957
0.955954
0.887786
1.91346
1.83068
0.71638
1.26038
1.15132
0.87534
1.42298
0.735677
0.589276
1.34875
1.35474
0.785094
0.774102
0.694141
0.872843
0.907451
0.785934
0.812299
1.41823
0.71333
1.41342
0.616339
0.657927
1.09556
1.39463
0.61115
1.31339
1.61792
0.662568
0.646218
0.80157
0.761896
0.83811
1.1728
0.574352
0.638829
1.1213
0.881137
1.33895
1.1998
1.25553
0.85333
0.971799
1.43215
0.716008
1.08271
0.81426
0.752682
0.707841
1.43279
1.038
1.02893
0.847553
1.14807
0.975499
1.25881
0.961327
0.911193
0.85979
0.687768
1.14547
0.717702
0.895054
1.58538
1.20097
0.820196
0.415197
1.27162
1.17546
0.591245
0.902297
1.04064
0.660995
0.865445
0.527653
1.15432
1.07184
0.803153
0.575582
0.797213
0.730228
1.0931
0.745875
0.941203
0.609232
0.931269
0.808996
1.29294
0.747786
0.45896
1.30077
0.604628
0.811681
1.30327
0.93064
0.642385
1.239
0.965519
1.36062
0.42696
0.979996
1.12668
1.15955
0.989542
1.22368
1.49021
0.589212
1.24023
0.633434
0.686401
1.1712
1.17666
1.07989
1.20474
0.638088
0.933272
0.628987
0.533562
0.769808
1.02098
1.93578
1.48249
0.488149
1.37102
0.961069
0.873126
0.683389
0.710509
1.18188
0.864416
1.62082
0.678732
0.906333
0.88674
1.17615
0.643623
0.431464
1.01075
0.694018
1.20277
0.91711
0.606822
1.19296
1.19442
2.48689
1.03111
0.837713
1.06669
1.3296
0.890272
1.31396
1.08876
1.28941
0.545288
1.537
0.957602
0.966127
1.10386
1.0376
1.00053
0.68
1.16991
1.34288
0.507965
0.954229
0.816054
0.917841
0.867272
1.07708
0.801592
1.8128
0.737452
1.24204
0.990959
0.870716
0.984834
0.779711
0.982094
0.897771
1.08117
0.556893
0.929564
0.845829
0.830905
1.04528
0.964062
1.65704
1.28516
0.701272
1.04659
0.778168
0.801923
0.6908
0.960905
0.905078
0.791947
1.15025
0.663488
0.537735
1.20487
0.994824
1.58812
0.724833
1.33012
1.15459
1.36985
0.434094
0.947416
1.33324
0.868102
1.49365
0.519493
1.3298
1.04997
0.950638
1.06521
0.597178
0.694084
1.33977
0.773481
1.00558
0.979151
0.846185
1.6211
1.13936
1.11372
1.652
1.33451
0.885025
1.5403
0.914455
1.13522
0.875561
1.31378
1.08529
0.721848
1.18521
0.524382
0.725716
0.903661
0.804678
0.918405
1.05416
0.533799
1.00818
0.79131
1.00194
0.300131
0.987518
0.718029
0.959595
0.727608
1.39363
0.80757
1.15872
0.915938
1.03626
1.22731
0.468179
0.687498
0.915664
0.849431
0.886147
0.628026
1.26697
1.14778
0.913708
1.06384
0.811234
1.56386
1.49598
1.36707
0.800423
1.0479
1.42291
0.981498
0.69549
0.920683
0.86852
1.24811
0.919634
1.09334
1.13593
1.1295
0.854604
1.23751
1.59129
1.33431
1.49863
1.08178
1.84523
0.942935
1.12739
1.16204
0.875024
1.14018
0.870806
1.10017
0.799044
1.33857
1.01873
1.0772
0.810975
1.43104
0.746561
0.778346
0.981368
0.882934
0.991707
1.15012
1.08058
1.0489
1.62453
1.5182
0.868089
0.755745
1.08109
0.62626
1.02186
1.15688
0.996084
1.33575
0.879856
0.783549
0.787169
0.788742
0.930542
1.0221
1.66685
1.39656
0.705164
0.910594
0.548019
1.12265
0.622015
1.61836
1.68241
0.762244
1.27285
1.30369
0.841523
0.976506
1.06468
1.01787
0.560206
1.0742
1.41998
0.444745
0.780375
1.37989
0.623572
0.970228
0.828146
1.11995
0.4996
0.827153
0.91588
0.844188
0.517939
0.928454
0.797501
1.07557
0.755522
0.665752
1.40089
1.62707
1.37419
1.53307
1.31536
0.641365
1.27456
1.0456
1.24366
1.27483
0.795561
0.942164
0.46157
2.08747
1.32109
0.672131
1.01561
0.957852
1.19895
0.495365
0.652133
0.47355
1.15284
0.694848
1.05944
0.930006
1.07645
0.572182
0.651826
1.08708
1.29418
1.43193
0.776762
1.33899
0.780312
1.56037
0.466581
1.82234
0.414245
1.33533
0.826332
0.7779
0.92076
1.01266
0.653222
0.892622
1.01628
1.27341
0.521602
0.785535
1.16125
1.16229
0.830524
1.13305
0.908702
1.24513
1.60819
0.936988
1.22977
0.555663
1.28607
0.707365
0.646374
1.35537
0.669665
0.636704
1.79269
0.955122
1.01034
1.07665
1.80591
1.06882
2.12417
1.02408
0.644597
0.973082
0.992131
1.02663
1.02894
0.907804
1.43658
0.783702
1.11239
0.921355
0.89398
1.25689
1.31269
1.49497
0.928305
0.907093
0.666372
0.858397
0.691247
0.410449
0.637051
1.07835
1.21215
0.778491
0.578093
1.02328
1.44832
1.56211
0.89568
0.797584
1.16963
0.740457
0.806096
0.894733
1.32372
0.489253
0.749536
0.850821
1.0091
0.588228
0.744219
1.07793
0.905577
1.03816
0.449568
0.784078
1.64257
1.06745
0.723055
1.183
0.602629
1.54805
1.27217
1.26709
1.24921
1.02247
1.36826
0.636363
0.822315
1.06556
1.00545
0.717106
0.848221
0.84852
0.980447
1.30773
1.86915
1.52443
1.19727
0.551234
0.747111
1.42795
1.61532
0.798459
0.743123
0.687579
1.29378
0.977097
1.27536
0.552051
1.44673
0.605893
0.482355
1.45091
0.638444
0.486721
0.956439
1.59825
0.870018
0.600005
0.672345
0.641548
0.758246
0.769005
0.685334
1.70007
0.525246
0.656951
0.862287
0.472999
0.931565
1.21628
1.51526
0.769395
1.12624
0.891118
0.842121
0.87042
0.910381
0.50475
0.722973
0.95135
1.06339
0.807034
1.35075
0.90735
0.714321
1.3222
0.65141
1.77152
1.28616
1.2901
0.794223
0.700876
0.772007
0.697559
1.10987
0.881877
1.52771
0.859613
1.19848
0.464255
0.636849
1.1589
2.07065
0.841379
0.799527
0.513657
1.13707
0.755852
0.947057
1.25857
0.79207
0.590538
0.933421
1.69904
1.3368
1.20034
0.855476
1.07262
0.931009
1.58784
0.836997
0.85972
0.821511
0.938047
0.848495
0.943131
0.669838
1.19781
1.0737
0.995907
0.68797
1.01113
0.875008
1.27619
0.965852
0.78449
0.540371
1.13465
1.5074
0.560075
0.545204
1.10454
1.46822
1.14257
0.824241
0.896721
1.10292
0.885113
0.535313
0.960056
1.25095
0.601239
0.785891
1.1542
1.10542
1.00002
0.597447
0.615562
0.958885
1.18473
0.774248
0.677291
0.780292
1.15267
1.45739
1.32447
0.793549
0.449999
1.08179
0.830405
1.12584
1.07812
0.801642
0.807644
0.821677
0.884028
1.16321
1.45625
0.945538
1.24796
1.09403
1.53911
0.996583
1.41218
0.731697
0.857511
1.27635
0.898252
0.898457
0.540965
0.588195
1.28395
0.774572
1.60258
0.678861
1.74917
1.10602
1.1825
0.912679
1.21976
0.969978
0.595866
0.897569
1.04375
1.12135
0.638268
1.91246
0.746425
0.652018
0.838499
0.550841
1.51594
0.963564
0.935561
0.754695
1.08007
0.608539
1.27565
1.13258
0.687746
1.15638
1.80853
1.00014
1.33035
1.18253
0.925238
1.04409
1.36227
1.02964
1.14259
1.63254
1.14062
1.07509
0.542187
1.04699
0.777435
1.137
1.67612
0.745562
0.795558
1.11026
0.751496
1.2251
0.854843
1.58985
0.904639
0.788254
0.920924
1.50109
0.687052
1.41864
0.820614
0.754089
1.9337
0.995615
0.992937
0.921184
0.873076
0.723756
0.626461
0.590376
1.40738
0.718733
0.611642
0.607854
1.05687
0.90285
1.04814
0.56002
1.01983
1.07035
1.05151
0.678489
1.49242
0.916173
0.772543
0.798963
0.648079
1.93049
0.866822
0.968518
0.639566
1.12034
0.666481
1.97204
0.589724
1.53354
1.15696
0.850927
1.53778
1.10255
1.32634
0.709988
0.894695
1.71805
0.5338
1.14004
0.472909
1.20533
0.795835
1.02512
0.870994
1.44116
0.619132
0.504511
0.660459
0.884958
1.00058
1.04867
0.656487
0.565744
1.30485
0.783199
0.973674
0.653432
1.00229
1.1246
1.20192
0.48595
1.2374
0.968927
1.05065
0.889761
0.360311
0.674961
0.922448
0.788659
1.05466
0.784785
1.2756
0.846319
1.08197
1.12405
0.471739
1.38307
0.516005
1.44024
1.34411
1.09447
0.663972
1.26361
1.30093
1.53689
1.02901
0.717114
0.912735
1.13778
0.773255
1.02476
0.681373
1.18867
0.953075
1.06307
1.29088
0.817179
1.7217
0.920573
1.43796
1.20172
1.31524
0.54133
0.691282
1.05075
0.856697
0.996144
1.39896
1.32008
1.09807
1.10895
0.894797
1.14053
1.49823
0.864427
0.541277
1.60966
1.16459
1.14026
1.06477
1.44856
0.695016
1.14195
2.03688
1.42846
0.840967
0.761866
1.67673
0.932841
1.07013
1.12133
1.43863
1.00776
0.306055
0.88892
0.97584
0.935859
0.739195
0.905884
1.11242
0.767692
0.965782
1.03865
1.48632
0.696454
0.730934
1.19381
0.574512
0.565173
0.881847
0.992542
1.08369
1.18289
0.833329
1.1565
0.99139
1.62115
0.76137
0.71038
1.07701
1.74256
0.589629
0.778041
1.60045
0.903281
1.06557
0.697907
1.08737
1.30394
1.19195
1.33131
1.11206
1.13421
0.729455
1.15846
1.63459
1.01477
1.49161
1.31802
0.964514
0.440731
1.23564
0.841882
1.16706
0.96409
0.711363
0.754207
1.14028
0.353703
0.779547
1.0884
1.71354
1.27592
0.767581
0.707869
1.1255
1.36814
0.662048
1.17144
0.79251
0.921596
0.763615
2.26269
1.16571
1.42192
0.973975
0.941458
0.803979
0.395832
1.4082
1.17127
0.638142
0.881065
0.791225
1.21516
0.71939
1.00639
1.35893
0.572888
1.72017
0.98293
0.325838
0.464301
0.803614
0.877335
1.10051
1.03229
0.813066
1.5704
0.867838
0.501794
0.706463
0.729478
1.09841
0.951974
1.34281
0.9349
1.49597
0.660368
1.44147
0.920191
1.07884
1.13078
0.891362
0.687968
1.1513
1.43062
1.26907
1.2677
0.951985
0.966733
1.19137
0.772141
1.47241
0.910911
0.584669
1.27639
1.01168
0.655865
1.10574
0.958278
0.947895
1.41404
0.586876
0.738782
0.594631
0.656895
1.33013
1.53442
1.1279
0.949141
1.12679
1.11519
0.948001
0.75254
1.16193
0.835162
1.37476
0.972421
1.01907
1.11563
1.25374
1.04984
1.32014
0.79833
1.14038
0.990206
0.670732
0.592217
1.0913
1.13697
0.681729
0.732785
0.779537
1.37393
0.946062
1.62306
1.39219
1.00907
0.508049
0.710695
1.09963
1.28255
1.0633
0.836207
0.977096
1.27387
1.04979
1.1763
0.912842
0.786746
0.525775
0.687396
1.21491
0.909123
0.839706
1.18873
0.827134
0.61084
1.29674
1.21099
0.697206
0.869018
0.817249
0.642204
0.828904
0.440337
0.922405
1.03921
0.794619
0.743776
1.13986
1.08546
0.985729
1.45117
0.707589
0.557258
0.984753
0.890565
0.901129
0.960944
0.845043
0.923298
1.11575
0.834996
1.14308
1.09601
1.09027
1.05839
1.10229
0.602041
0.98683
1.01766
0.846808
0.587519
0.622619
0.786221
0.711591
1.02877
0.898039
1.19739
1.31628
1.54159
0.66926
0.666719
1.2894
0.735431
0.629056
0.965068
0.79995
1.10724
0.824292
0.972443
1.70954
1.15789
1.29797
1.13639
1.42004
1.47341
0.815107
1.21568
0.816933
1.1706
1.1787
0.710707
1.30468
0.792581
0.864292
0.770718
1.2298
0.788011
1.27063
1.00456
1.8121
0.865895
1.53029
0.766295
0.747889
0.641543
1.12603
0.687525
0.589625
1.57306
0.997141
1.17962
0.776335
1.35529
1.5174
1.33338
0.837864
0.779052
0.49281
0.573985
1.02058
0.74479
0.774518
1.2198
1.66181
0.813437
1.35371
1.13349
0.873106
0.868816
0.80041
1.32359
1.5225
0.685501
1.4062
0.262712
0.67233
1.16754
0.904707
1.41253
1.1104
1.22329
1.42275
0.627671
0.68996
1.19365
0.94842
1.33357
1.0466
0.873502
1.21527
1.32609
1.31296
1.15661
0.591139
0.741875
1.63856
0.751593
0.941293
1.21003
1.44146
1.58613
0.914565
0.777557
1.48317
1.2033
0.887074
0.573915
0.932278
1.91193
0.88635
0.640601
1.02273
1.5537
2.01151
1.1173
0.806955
1.0192
1.18293
0.615605
0.569666
0.902535
0.815095
0.928643
0.828529
1.22002
0.94183
0.711781
1.25089
0.698
0.827114
1.02264
1.12808
0.731199
1.30055
0.78118
1.04993
0.777263
0.560008
0.740421
1.22228
1.195
1.26094
0.589524
1.27223
1.46841
1.32449
0.956238
1.06311
0.736987
0.737111
1.09881
0.639111
1.17617
0.815095
1.43683
0.565024
0.930907
1.39725
0.584111
0.502977
0.50552
1.06633
0.986566
0.822112
1.24957
1.10766
0.657086
0.862865
1.41922
0.829696
1.44842
1.27185
1.22494
1.28812
1.1412
0.976175
0.652294
0.858004
0.8716
0.69443
1.16408
0.741107
0.782732
0.74305
0.820608
1.33096
1.04945
1.04612
0.664273
0.826595
0.912169
1.42058
0.979711
0.96062
0.536622
0.802568
0.680489
1.11133
0.762779
0.639102
1.64394
0.429121
0.676565
1.25349
0.778146
1.24233
0.905749
1.24349
1.29471
1.12589
0.722526
0.768418
1.06893
0.664514
0.88935
0.999719
0.362576
1.07924
0.969155
0.742525
1.13694
1.05471
1.28597
0.80437
0.77642
0.970064
0.979981
0.965491
1.21154
1.10315
0.768653
1.09548
0.720599
1.05501
1.24091
0.893608
0.705078
0.963126
0.916438
0.885777
0.882807
1.012
0.543587
0.99536
0.98563
1.84918
0.905015
0.947917
1.00361
1.12133
1.11057
0.921656
0.747781
1.34414
0.805295
0.860408
1.66091
1.04572
0.958052
1.02827
0.764916
0.941759
0.697158
1.13323
1.14795
1.15651
0.960843
1.56761
0.721823
1.13272
0.687787
1.0692
0.672435
0.509966
1.57453
1.38428
1.03446
1.0294
1.16674
0.471956
0.766877
1.05969
1.05333
0.515823
0.989047
0.501762
1.03065
1.0028
1.93751
0.546937
1.0457
0.644688
0.737483
0.560456
1.03846
1.0713
1.34343
0.989553
1.06125
0.997928
0.895286
1.01194
0.52607
0.785067
0.788594
1.15178
0.822885
1.08341
0.512571
1.21026
1.08068
1.2608
1.25809
0.671686
1.39138
1.34549
0.700286
1.46453
1.74072
0.639356
0.716281
0.777333
0.845111
1.79618
0.940882
0.940009
1.10456
0.617551
0.557031
0.910534
0.913536
1.10521
0.943585
0.714349
0.848171
1.02365
1.12059
1.44165
1.28699
0.99807
0.801627
0.932662
0.635044
0.506318
1.23239
1.24573
0.968851
1.07574
1.13813
1.41331
1.25043
0.768772
0.752644
1.08492
1.11311
1.3925
0.688782
1.94406
1.24007
1.45052
0.761699
0.516754
0.959251
0.953574
1.30304
0.715487
0.995106
1.18519
0.950997
0.764367
0.549683
1.13164
1.07635
1.03287
0.714942
0.795018
0.751229
0.636013
0.56757
0.891526
1.24522
0.988527
0.954391
0.963941
0.683057
0.919054
1.52214
0.701679
0.397837
0.689827
0.914249
1.26732
1.19372
1.03353
1.23669
1.23472
0.73859
0.875152
1.70202
1.02158
1.40494
0.888802
0.957364
1.05032
1.27998
0.729368
1.18431
1.23652
0.737795
0.896894
0.488718
0.756508
0.924232
1.34791
1.41124
1.0605
0.756906
0.935218
1.48622
0.520271
0.884376
1.05493
1.1317
0.932574
0.670265
1.07564
1.30818
1.27416
1.84427
0.807484
0.643877
0.760651
1.25627
0.750007
1.26361
0.70077
1.59115
0.788312
1.4839
0.842122
0.907946
0.679019
1.03041
1.32796
0.789929
1.12961
1.54814
1.20499
0.669918
0.703351
1.2102
1.18128
1.09896
0.939356
1.15008
0.97335
0.652979
0.992871
1.01784
1.02275
0.598141
1.14217
0.723504
0.948556
1.0033
1.08545
1.13557
1.24845
1.16283
1.24035
1.18099
0.688343
0.890437
0.642061
2.49115
0.695451
1.16934
0.825476
0.75156
1.58084
0.907482
0.74508
0.703699
0.859845
1.2756
0.959419
1.03009
0.592455
1.0973
0.687181
1.1916
1.07089
0.896205
0.621634
1.10903
1.90579
1.29549
0.880332
1.30717
1.23455
1.455
1.55895
1.18297
0.683539
1.0438
1.28014
0.593654
1.30138
1.84532
1.74455
0.939879
0.916107
1.46667
0.628737
1.40399
0.919177
0.805009
1.28437
0.72742
0.561743
0.862888
0.56034
1.1182
0.806499
1.52296
0.817166
0.914966
0.940621
0.762858
0.573247
1.50715
1.59523
1.09223
0.785281
0.716046
1.0051
0.999765
0.530245
1.28491
0.815086
0.711804
1.19982
1.39352
1.09991
1.19027
0.860531
0.906293
1.43727
1.29981
0.90346
1.41705
0.932216
0.918842
0.37663
0.746785
1.14788
1.35817
0.975168
0.902015
0.836316
1.31956
1.03322
0.582698
0.802933
1.17558
0.966698
1.36102
0.774021
0.927064
1.48783
0.461178
0.992981
1.15748
1.19293
1.13947
0.44937
1.16767
0.76181
1.50735
1.04979
0.802523
0.740781
1.0271
1.00181
0.688541
1.11297
1.1154
0.63257
0.749071
0.827404
1.42168
1.20989
1.64858
0.972951
0.805995
1.34623
0.937408
0.584143
0.694586
0.716865
1.17466
0.964318
0.932892
0.977925
1.52854
0.661166
0.509494
1.17982
0.883006
0.63481
1.11904
0.722474
0.830974
0.783394
1.03064
0.48311
0.540235
0.99761
1.05651
0.540148
0.729221
0.537019
0.628341
1.01494
0.956325
0.492177
0.414645
1.40277
0.920064
0.537037
1.38981
1.50513
0.483147
1.09725
0.972578
1.29776
1.36212
0.906294
1.15967
0.664891
0.690431
1.29467
1.14063
0.86348
0.939641
1.24019
0.885939
1.22272
0.484814
1.51097
1.32747
0.919762
0.630354
0.676528
0.699696
0.947407
1.06439
0.971896
0.670067
1.10058
1.72479
0.758587
1.33533
0.741899
1.0858
0.795683
0.83113
0.686236
0.755321
0.993979
1.27037
0.800946
1.12592
1.4693
0.741184
0.705082
1.48406
1.27034
1.01153
0.900113
0.754784
0.888649
0.766283
0.840895
0.56385
0.561342
0.798204
0.485496
1.34799
0.673348
0.643997
1.49369
1.29412
0.785639
1.29172
1.14506
1.12174
0.867668
0.894671
1.11566
1.27955
0.565952
1.34965
0.76484
1.01325
1.43598
1.24033
0.58359
0.906733
0.701677
0.63705
1.24383
0.791951
1.08187
0.880398
0.750522
1.48755
0.927043
1.10391
1.11377
0.891326
0.788395
0.547485
1.46028
0.924997
1.10246
1.3252
1.33617
0.755124
1.24667
0.945925
1.34935
0.812597
1.23785
0.870405
0.626198
1.27292
1.25323
0.694231
0.914923
1.4294
1.14118
0.609314
0.601093
0.579431
0.491953
0.739373
0.753028
0.525097
0.935789
0.809693
0.896001
1.24379
1.01168
1.47406
0.764203
2.04885
0.852062
0.938907
0.891912
0.933761
0.663494
0.712621
0.451513
0.890885
0.887325
1.38092
0.53772
0.679881
0.660926
0.96702
0.605401
0.95429
1.03245
0.655843
0.870619
1.35403
1.20712
1.08789
1.52558
0.560241
1.5244
0.869036
1.16887
1.11641
0.759015
1.43445
0.81361
0.773141
1.05771
0.730135
1.59747
1.30561
0.944779
0.333616
0.667043
1.2229
0.616014
0.785849
0.839907
1.18452
0.900803
1.38633
0.659904
0.946688
0.741668
0.713137
1.18229
0.538646
1.26465
0.515293
1.45283
0.649787
1.26058
0.847011
0.973629
1.03089
0.98727
1.29901
0.485014
0.980389
0.702638
1.80677
0.694057
0.878765
0.969928
0.620695
1.36185
0.913539
0.77795
1.32055
1.24067
0.526703
1.37656
1.16172
0.933069
1.25117
1.21739
1.01158
0.979441
0.975708
1.33289
1.00669
1.23147
0.984888
0.7955
0.876293
1.92449
1.36938
0.804042
0.877879
1.19067
0.94178
1.27991
0.631465
0.958915
1.1743
0.771001
0.946899
1.2786
0.866628
0.669615
1.0751
1.87168
0.649411
0.902214
0.516528
1.33124
1.21622
0.914229
1.10691
1.3431
1.08311
1.00008
0.540935
1.172
0.695477
0.818705
1.19713
1.24921
0.95422
1.11409
0.437729
1.15763
1.69199
0.940985
0.973683
0.724397
0.438695
0.979179
0.882304
0.914819
0.699739
0.917856
0.714724
0.615574
0.750539
0.894929
0.950442
0.672254
0.890653
0.708081
0.986937
1.15807
0.678901
0.835188
1.15864
0.760341
1.24068
1.2449
1.52547
0.776875
1.18269
1.82909
1.01535
0.907658
0.800138
1.06363
1.25662
1.64364
0.725657
1.04778
1.18341
1.08437
1.20919
1.42223
0.892009
0.840681
0.581029
1.02129
1.21011
1.10872
1.00068
0.538684
0.992007
0.743271
0.896178
0.824024
1.33605
1.64593
0.772406
0.750911
0.684789
0.820784
0.722936
0.751793
0.918508
1.25082
1.38728
0.935143
1.08404
1.53578
1.30574
1.39849
1.22589
0.788271
1.68027
0.731394
0.527129
1.02828
0.78158
0.872004
0.818002
1.73263
0.732913
1.39229
1.23151
0.535521
0.945283
0.860472
1.08825
0.913358
0.662905
1.38436
1.53972
1.03765
1.6692
0.849892
1.0509
0.970495
1.74603
1.01821
0.745145
0.914887
1.18336
0.754522
0.959595
1.32793
1.03466
0.645406
0.752225
0.756442
0.875111
1.13232
1.10074
0.679015
1.0114
0.976627
0.640463
0.635494
1.33138
0.95063
0.903715
0.899647
1.44353
1.43203
1.50966
0.861222
0.90263
0.903852
0.780348
1.70378
1.25325
0.716255
0.455511
0.81925
1.05637
0.972425
1.60638
0.838122
0.972198
0.915759
0.760894
0.672996
1.65801
0.48805
1.25317
0.851413
1.42353
1.19709
1.37139
0.8981
1.56012
0.843328
0.666781
1.01729
0.852213
1.41718
0.783304
0.835292
0.620128
0.894037
1.47196
0.757582
0.726724
0.723043
0.52929
0.877608
0.768086
0.756737
0.721161
1.41494
0.611529
0.748556
1.12718
1.0169
1.67487
0.522577
1.57772
0.684259
1.08688
0.540719
1.17605
1.55794
1.22786
1.07658
1.61251
0.706464
0.956707
0.796113
1.3216
0.906691
0.8251
1.01527
1.13768
1.33093
0.924051
0.986815
0.394072
1.11735
1.03743
1.02079
0.962544
0.490278
1.17917
0.785593
0.896944
1.03289
0.941382
1.60361
1.44612
0.430945
1.13225
0.622029
0.879459
0.597565
0.919728
0.807656
1.05557
0.941254
0.6485
1.2952
1.17153
0.925381
0.912918
0.558595
0.644652
1.40497
0.586945
0.894563
0.893628
0.686539
0.89018
0.988043
0.8734
0.64378
1.0197
0.980834
0.879268
1.15179
1.44594
0.77579
1.02114
0.967909
0.97077
0.689426
0.859854
0.81075
1.14395
0.850872
0.702571
0.997094
0.604806
1.16717
0.959101
1.46912
0.488099
0.594233
1.22485
0.811816
0.957204
0.353431
1.13903
1.0102
1.45021
1.39881
1.34904
1.38151
0.69499
1.00555
1.53702
1.04108
0.743849
1.00608
1.26178
1.17312
1.92242
0.620724
1.28178
1.32099
0.952095
1.43459
0.878065
1.51114
0.805479
1.47866
1.78129
0.86131
1.22843
1.23077
0.726302
1.30178
1.59988
0.795068
1.29752
1.01881
0.853584
1.03457
1.00818
0.599893
1.16962
1.09319
0.796085
0.745029
0.975949
0.828552
1.10375
1.54765
0.850954
1.73801
0.912429
0.966452
1.27817
1.16232
0.820905
1.18457
0.507673
1.18838
0.786937
1.63852
0.674988
1.24939
1.35001
0.880233
1.3279
0.958202
1.00875
0.507256
1.21
1.27927
1.154
1.65809
0.901462
0.958916
0.877357
0.815737
0.807679
1.16511
0.878538
1.15836
0.639269
0.76152
0.658915
0.871906
0.695027
1.11766
0.921732
0.817787
1.31197
0.869397
0.945545
0.999177
0.629632
0.927037
0.770196
1.34155
0.555888
0.975772
1.40191
1.33133
1.06182
0.786906
0.917343
0.915764
1.0164
0.965188
0.695457
1.50991
0.609509
0.614887
0.777591
1.05443
0.714053
0.833217
0.450111
0.519441
0.747415
1.1671
1.41539
1.49995
0.784988
0.694252
1.13354
0.510609
0.807883
0.929142
0.816731
0.672947
1.29608
0.665228
1.26548
0.799666
1.53539
0.940619
0.986511
1.37905
0.335792
0.803668
0.522315
1.14228
0.794297
1.27448
0.915102
0.965511
1.3649
1.00299
1.22883
1.0513
1.17115
0.766502
1.123
1.15651
0.515469
0.855885
0.744773
1.37464
0.786143
0.732603
0.989021
1.32403
1.03713
1.65188
0.793143
1.1678
0.923636
1.0617
1.07301
1.07092
0.763095
0.456849
0.787471
1.11431
0.989242
0.794457
0.82627
0.644683
0.689908
1.23248
1.10299
0.889707
1.73302
1.57494
1.18255
0.678167
1.41893
0.976633
1.01107
1.14145
0.759129
1.46912
0.745251
0.919259
0.939788
1.19625
1.5615
1.40614
0.7433
1.03104
0.934644
1.0423
0.66877
1.1206
1.06431
0.538642
1.52377
1.25071
0.455841
0.861645
0.880268
0.847743
0.793471
1.17015
1.21448
1.37588
0.549903
1.27366
0.863279
1.16199
1.68506
0.634563
0.579865
1.02983
0.461975
1.08185
0.859559
0.834924
0.45432
0.834062
0.82287
1.34342
1.01338
1.49219
0.902993
1.47297
0.946221
0.894838
0.773434
0.533875
1.40421
0.463023
1.11928
1.11577
1.09236
1.25525
0.956543
0.826711
1.12274
0.712701
1.169
0.84362
0.789081
0.881081
0.565222
0.68539
0.923245
1.18784
1.84488
1.02664
0.537185
1.10839
1.07077
1.1883
1.12467
1.15724
1.5893
0.956921
0.730225
1.27091
0.731622
0.943262
0.703029
0.961501
1.05369
0.955698
1.38024
1.8225
0.708895
0.607238
1.16573
1.02473
1.14621
0.974852
0.820941
0.847026
0.890642
1.59284
0.805577
1.02298
1.6902
1.04518
1.52726
0.899812
0.793378
0.958656
0.993025
0.944572
0.671669
0.896864
1.09317
1.18369
1.7927
0.555729
0.768246
1.261
1.01707
1.23057
1.33918
1.13626
1.55136
0.651632
1.34187
1.56621
1.31606
1.03499
1.17355
1.15177
0.950357
0.800088
0.548447
2.62695
0.64401
1.00012
0.621989
0.957896
0.865552
1.36762
0.481739
1.53112
0.798881
0.788136
0.723595
1.42496
0.774836
1.16993
1.49483
1.6418
0.931456
1.28544
1.49301
1.24542
1.19556
1.47156
1.2413
0.976182
0.827881
0.796236
1.42451
1.05481
0.658763
2.17287
1.14455
0.514693
0.909198
1.51616
1.12309
1.23979
0.712687
0.996601
1.05124
0.640657
0.772552
0.68496
0.858934
1.14265
0.679089
0.949689
0.698219
1.08996
1.09361
0.808188
0.760899
0.843794
1.36764
0.987602
1.2322
0.780585
1.02236
1.04509
1.0001
0.41255
1.14711
0.996336
1.30428
0.865047
0.673939
0.916526
0.612665
1.45424
1.49106
1.153
0.544055
1.12028
1.22549
0.839694
1.08754
0.528162
1.14417
0.689129
1.21096
1.56277
0.669946
0.817956
1.00197
1.10813
1.09946
0.847403
1.44179
0.995206
0.913253
0.726338
0.938125
0.766785
0.978497
1.18399
1.10589
0.945648
0.708343
0.747588
0.779688
0.834657
0.679747
0.663298
1.16969
1.16552
1.0619
1.29795
1.363
1.24784
1.26682
0.897565
1.00146
0.692002
1.25461
1.7905
0.920366
1.39893
0.998495
1.14363
0.616044
1.59651
0.952451
0.760265
1.48074
0.768431
0.66922
0.59931
1.21204
0.656321
1.15438
1.07536
0.468326
0.791138
1.00106
1.53805
1.20049
1.41148
0.880411
0.727019
0.997437
1.82637
0.722573
1.21935
0.988236
0.864806
0.903084
1.48711
1.0571
0.863068
0.466672
0.953777
1.25559
0.978483
1.1995
1.41383
0.727299
1.48633
0.748826
0.762548
0.794273
0.823532
0.921886
0.761565
0.719133
1.31456
0.944005
0.358411
0.583347
1.26558
0.972285
1.09997
0.767107
0.791148
0.709463
0.87256
1.1042
1.09372
0.664242
1.0143
0.537082
1.08738
1.04106
0.954386
0.710767
0.972218
0.913312
1.31989
0.779306
0.463149
1.30598
0.782647
0.847596
1.0067
0.786896
1.04101
0.614511
1.14189
0.560452
1.17726
1.19758
0.555976
0.929756
1.07351
1.44356
1.13203
1.49297
1.31907
1.05277
1.03019
0.535394
0.841477
0.674478
1.32237
0.550331
0.761929
1.45016
1.2863
0.745593
0.949337
0.917719
0.862322
1.39784
1.39983
0.663786
1.25803
0.972744
1.16965
1.07628
1.95324
1.07774
1.25613
1.86545
1.00542
0.746712
1.12581
0.845303
1.09105
1.55208
1.44617
0.694139
1.1742
0.920111
0.95092
1.15771
0.688169
0.397591
1.00029
0.952316
1.43828
0.937003
1.28441
0.892317
0.969158
0.756047
1.59156
1.09129
0.818547
1.25569
0.55233
0.504258
0.807904
0.915973
1.3881
1.10617
1.16017
1.27188
0.818178
0.931616
1.02499
1.25566
0.984823
1.09851
0.379722
0.355378
0.930234
0.788565
0.653563
0.991298
1.04308
1.09831
0.776892
1.04864
0.930546
0.779406
0.876205
1.09287
0.604689
2.10917
1.39241
0.630449
1.07202
0.82207
1.15133
0.672052
0.55454
1.11466
1.11702
0.793191
0.590653
1.45145
1.13148
1.12555
1.0031
1.31034
1.01027
0.723729
1.07877
0.941752
0.482477
0.81551
0.840685
0.674564
1.35748
0.826458
1.2887
1.24374
0.897088
1.01236
1.18846
0.794195
0.783851
1.1012
1.42379
0.986148
0.814544
1.22689
0.675971
0.79654
1.14749
1.44227
0.477072
1.3246
0.679536
0.971409
0.600771
0.816518
1.45643
1.11601
1.77169
0.587906
0.952637
0.941087
0.898825
1.40766
0.932822
0.922828
1.27203
0.871462
0.408664
0.539483
0.702014
1.05317
0.970653
1.07851
0.9917
1.26333
1.2421
1.71872
1.15545
0.897235
1.52429
0.802751
1.06535
0.747744
1.15956
1.06221
0.994182
0.911167
0.644921
2.09837
0.920709
0.782873
1.35401
0.74399
1.05492
1.30201
0.813442
0.477288
0.84562
0.405421
1.52257
0.832502
0.635964
0.525741
0.773261
1.04484
1.09814
1.01292
1.0288
1.00366
0.995891
0.813498
0.797081
1.07024
1.23131
1.46259
0.881889
0.50835
0.960752
1.07696
0.828628
0.742608
0.769036
0.644538
0.77903
1.22047
0.928237
0.743299
1.78969
1.16101
0.689716
1.02402
0.905738
1.38889
0.746517
1.37974
0.887124
1.34413
1.7807
0.735027
1.07586
0.959784
0.789749
1.07057
1.49341
0.922918
0.786027
0.403829
0.86686
1.03315
0.636085
0.710989
0.701376
1.77855
0.788923
0.580392
1.17018
0.747572
0.997423
0.485296
0.781147
1.81315
1.40533
0.538538
1.18886
1.53768
1.28229
0.929715
1.06349
0.48173
1.09241
0.627998
0.739092
0.754243
0.831576
0.943033
1.2654
1.04177
0.819629
0.67303
1.43429
0.654679
1.12853
1.18539
0.991632
1.22436
0.641473
0.600012
1.14108
0.925786
1.14154
0.915342
0.493615
0.718413
0.871225
0.619975
0.806945
1.09848
1.19043
0.769171
0.988257
1.30899
0.878049
1.22004
0.750912
0.946771
1.46394
1.64468
1.8411
0.659205
0.339034
0.590514
1.0497
1.12059
0.950796
0.536577
1.08343
0.709842
0.806699
1.20797
1.21381
1.75636
1.16706
0.986824
1.73827
0.762458
0.852163
0.672296
1.05023
0.515639
0.705388
0.876443
0.720523
0.583725
0.572197
0.559416
0.608318
0.879931
1.26096
1.436
1.46868
1.02012
1.08379
1.09926
0.854407
1.33342
1.48574
0.561218
0.581306
0.991842
1.26269
0.662426
1.26222
1.26711
1.07201
0.996792
1.00026
0.724451
0.86502
1.31742
0.828367
0.888799
0.82713
1.07991
0.714875
0.725378
1.33079
1.22212
1.01707
0.948818
0.603271
1.12939
0.504618
0.875087
0.752363
0.928996
1.4712
0.653929
0.859143
1.16381
0.703161
1.42954
0.999798
0.759899
1.22885
1.18806
0.880069
0.565337
0.747576
1.33372
1.34308
0.89927
2.07088
0.51387
1.01895
0.552975
0.860465
0.958611
0.52352
0.997799
1.24978
0.911326
0.999342
1.24005
0.846351
1.23225
1.5298
0.75007
0.618988
0.359192
0.589535
0.88871
0.639816
1.59576
1.65336
1.00539
0.637005
1.21272
0.895897
0.469129
0.63892
1.11829
0.924376
1.02899
0.868416
0.713479
0.498222
0.98012
0.644975
0.577379
1.37266
1.1192
0.867409
1.06045
1.21327
0.695545
1.00818
0.860971
1.0099
1.33925
1.26712
1.31099
0.664658
1.11179
1.52579
1.25172
1.19439
0.904734
1.08432
1.69422
1.54853
0.99991
0.875294
0.866787
0.743598
0.875414
0.980808
0.522658
1.13628
0.914597
1.12414
0.883793
1.06568
1.40999
0.838168
0.998274
0.916084
0.786388
1.33379
0.992503
1.25229
1.09519
0.591452
1.32386
0.480398
1.36732
0.857454
1.00827
0.965841
0.434215
0.896048
1.10431
1.35103
0.655279
0.646927
0.907848
0.900142
1.40093
1.08191
1.04216
0.667462
1.56164
1.14773
0.595564
0.739932
1.03931
1.35542
1.21857
0.655603
1.26599
1.00316
1.05314
0.932601
0.965555
1.69999
0.859076
1.36226
0.860346
1.11675
0.720542
0.708749
1.51694
0.838175
1.48496
1.20371
0.605764
1.11952
0.530824
1.2766
0.83412
1.62374
0.698039
1.24383
0.657895
0.735009
2.20749
1.12238
0.893864
0.823394
1.20507
0.773329
0.675223
1.16195
1.54697
1.4638
1.15722
1.09963
0.619022
1.04903
0.553097
0.779534
0.814985
1.11996
0.663716
1.09273
1.14688
0.963976
1.61245
0.958146
0.875118
1.02281
1.02501
1.12825
0.855648
1.77386
1.10382
0.464501
1.63167
1.08875
0.976755
1.53608
1.0896
0.750269
0.855989
1.07471
0.35382
0.860073
0.823249
1.26923
1.94965
0.9165
0.992414
0.463471
1.08248
0.94633
0.917711
0.966349
0.729708
1.37134
1.22537
0.850747
1.05676
1.2833
0.977788
0.82341
1.25307
0.840722
1.06982
0.692401
1.22102
1.03821
0.870167
0.747356
0.932157
1.18027
0.550667
1.08027
1.35726
1.10503
0.554099
1.09728
1.52014
1.80704
1.04749
0.762209
1.43167
1.24725
0.995047
1.93363
0.996671
1.16013
0.719695
1.22851
0.993284
1.08274
0.948927
0.941572
1.18713
1.66085
1.12452
1.16108
0.955588
1.14898
1.02013
0.971659
1.51013
0.956017
0.473574
0.814043
0.848423
0.93348
0.604824
1.02377
0.815018
0.763189
1.07446
0.943521
1.17619
0.720863
1.03652
0.941537
1.15658
0.866645
0.242596
1.43824
1.22493
1.13207
0.708547
0.789842
1.04497
0.825578
0.885122
1.45396
1.03505
1.46986
1.06464
0.806161
0.633085
1.57547
0.775917
0.695491
0.729544
1.12079
1.10826
0.902924
0.620422
1.11381
0.848078
1.01496
0.929391
1.26069
1.21106
0.885613
0.878097
1.99444
0.859876
1.20998
1.16123
1.06726
1.60416
0.911152
0.445209
1.18441
1.41145
0.677316
1.09625
1.10851
1.1519
0.543114
1.24897
0.67442
1.48487
0.993964
1.24401
1.37745
0.822564
0.69068
0.392853
1.16586
1.27736
1.08706
0.513813
1.04736
0.571203
0.906329
1.77781
0.858085
0.765232
0.841699
1.3718
1.35268
0.803672
0.970763
0.347684
1.25166
1.31055
1.0927
1.1094
0.536469
0.759901
0.916908
0.488891
0.74704
1.35389
0.925533
0.927849
1.51086
1.23712
0.530574
0.832823
0.611749
0.998344
1.08095
0.689078
0.912267
1.06626
0.994359
1.1503
0.907832
0.597479
0.950245
1.10695
0.878555
0.452823
1.13969
1.11434
1.15037
1.08025
0.874917
1.27934
0.946078
1.43127
1.06288
0.540036
1.40613
0.465039
0.729285
1.62409
0.780865
1.19496
1.22212
0.79262
0.91664
0.734484
1.25027
0.827038
1.22792
0.637082
1.17033
1.12369
1.35751
1.38871
1.51287
1.22085
0.930245
0.791068
1.21139
1.3175
0.581516
0.963562
1.01407
0.302694
0.849725
0.718163
1.48323
0.976338
1.35495
0.554744
0.989485
0.544949
1.06667
0.737864
0.949864
0.900037
0.56892
1.0257
0.825855
0.718008
0.813703
1.10941
0.755425
1.10888
0.865074
1.21588
0.916129
2.10214
0.818743
1.285
0.502548
1.55871
0.537309
1.10262
1.3714
0.779402
1.29406
1.44047
0.647754
1.09157
0.896641
1.34388
0.81432
0.759606
1.54284
1.17629
1.03055
0.773211
1.3541
0.84843
0.819041
1.0817
1.43822
0.877511
0.793283
0.817114
2.12261
0.922685
1.39739
1.08798
0.724916
0.352017
0.48104
1.04167
1.74271
1.05782
0.844678
1.40287
1.08726
1.20241
1.07221
1.24
0.865416
0.855877
1.43658
0.973676
0.731756
1.55756
1.663
1.09119
0.796993
1.09523
0.830505
1.24864
0.755371
0.900612
0.858515
1.05647
0.655384
0.74007
1.23336
1.05306
0.529405
0.754392
1.02809
1.44993
1.16142
1.24424
1.63205
1.04026
0.691841
1.14835
1.01199
0.770086
1.0217
0.853041
1.23578
0.733936
1.32839
1.03502
0.46513
1.22719
1.02686
0.652935
1.05449
1.26216
0.915187
1.1185
1.42651
0.96745
0.979246
1.50864
0.761956
1.29584
0.937041
0.836358
1.08848
0.817258
1.22849
0.985208
1.17611
0.906935
0.958015
1.14204
1.34958
0.727507
1.5774
0.977286
0.915974
1.33321
0.935147
1.15016
1.03451
1.10477
0.613763
0.63562
1.24634
1.51529
0.642776
0.710041
1.05393
1.31904
1.01281
0.675053
0.997501
1.04757
1.38372
1.22833
1.23982
0.753428
1.18347
1.21738
0.992411
0.570141
0.819911
0.445202
1.12893
0.640781
0.598747
0.598202
1.50426
1.20254
0.795103
0.877218
1.28077
0.44317
1.4974
0.604224
1.0107
1.68469
1.09361
0.993388
1.31684
1.34721
1.06311
1.20486
1.14373
0.888787
1.35632
1.40934
1.68237
0.850643
0.896883
1.23304
0.704421
0.715666
1.38349
0.448742
1.51264
0.633855
0.69547
0.960159
0.645723
1.35634
1.12711
1.15989
0.532999
0.851451
1.15731
1.03182
1.19495
0.718133
0.831203
1.40397
0.755296
1.02839
0.560317
1.68378
0.934062
0.813722
1.03487
1.15663
1.20678
0.637469
1.0201
0.868009
0.639852
0.634381
0.854768
0.871565
0.924043
1.39412
0.690537
0.865184
0.946156
0.745481
1.45734
0.76896
1.09703
1.26116
1.35225
1.06838
1.91582
0.613131
0.404982
0.996013
0.44928
1.50589
1.17397
0.707067
0.841103
0.621343
1.48812
0.783698
1.19729
0.837617
1.34756
1.03452
0.982472
1.80769
1.44388
1.8033
0.799147
0.864622
1.28616
0.984658
1.4091
0.815412
0.505096
0.530686
1.09422
0.734576
0.690341
1.22098
0.553748
1.17007
1.44601
1.50839
0.859015
0.776483
0.767316
1.23335
2.06028
1.17756
0.585229
0.838091
1.34132
0.83027
0.940855
1.20986
0.688957
0.955746
1.04004
1.37685
1.17733
1.24428
0.707703
0.96007
0.888472
1.00574
1.42343
1.11988
0.961146
0.722653
0.859385
0.9904
0.648833
0.793524
1.39361
0.71877
0.754006
0.774761
1.80097
0.492757
0.915624
1.17704
1.02551
1.07674
1.64747
0.720572
0.505475
0.882498
1.08497
1.10418
0.823614
1.13125
0.923721
1.52285
0.997969
1.43432
0.887091
1.06886
0.544714
1.09603
0.775244
1.22078
1.4375
0.723261
1.08344
0.80448
0.683479
0.666069
1.25218
1.02535
1.02972
0.756321
1.04726
1.54836
0.690868
0.396011
0.718288
0.942178
0.239337
1.19801
0.799497
0.751836
0.913586
0.845896
1.45429
1.04585
1.12586
1.46582
0.936782
1.13641
1.20736
2.31068
1.23073
0.881656
0.987765
0.932272
1.21678
0.825747
0.447796
0.987698
1.3946
0.732194
0.902575
0.82155
0.990643
0.775348
0.546919
0.656649
0.955635
0.960511
0.980679
1.13506
0.909494
1.62245
0.461021
0.459307
0.797916
0.675401
1.25642
0.796704
0.769815
0.743216
1.30547
0.825915
0.830532
1.42152
1.13149
0.955457
0.771627
1.36894
0.892537
1.10128
1.13755
0.72491
0.763825
0.488671
0.477624
0.927538
1.15282
1.46999
1.69764
0.727275
0.877671
0.724089
0.979457
1.38025
0.639926
1.06677
1.71601
0.805344
0.783055
0.889619
0.468001
1.02304
0.949529
1.2641
1.04222
1.43208
0.389255
0.916297
0.878258
1.36705
0.679957
1.19841
0.695562
1.7496
0.536265
1.02094
1.04835
0.829041
0.554681
1.2668
0.97569
0.6015
0.833035
0.817897
1.04782
0.860083
1.53847
1.41695
0.953984
0.810508
1.08294
0.979597
0.723819
0.961701
1.38175
0.739292
1.06569
0.631411
1.27371
0.935334
0.599351
1.00948
0.939625
1.0538
1.00969
0.706256
1.11621
1.14269
1.23942
0.752837
1.63034
1.2113
0.861979
1.18332
1.33013
1.11197
0.850045
1.12046
0.878574
1.03939
0.93976
1.78736
0.909751
1.90321
0.939703
0.885971
1.33287
0.618121
1.17389
0.931786
0.803309
0.816664
1.27108
0.698556
0.83605
0.652634
0.532533
1.39514
1.4215
0.988351
1.05262
1.06895
0.771286
0.765089
1.31691
0.684508
0.821216
1.17934
0.856939
1.47974
0.96918
0.758371
0.933959
0.638112
0.987623
1.2155
0.576843
0.95161
0.823755
0.676187
0.745542
1.14174
0.950985
0.697518
0.684324
0.53484
0.993349
0.939876
0.872575
0.697606
0.685684
0.659047
0.829841
1.34688
0.869025
0.979841
0.584341
0.744737
0.848577
1.53149
0.974322
0.719326
1.09079
0.838538
1.2769
0.626811
1.10263
0.771596
0.982297
0.684653
1.12208
1.20313
1.17144
1.05212
1.32389
0.847364
0.784087
1.04412
0.704593
1.33034
1.31433
1.00228
1.1257
1.35327
1.03277
0.698324
0.911362
0.992035
0.532471
0.813921
1.16985
1.34601
0.709219
0.69786
0.563125
0.981846
0.739467
0.751447
0.638883
1.35591
1.08822
1.18982
1.66812
1.0465
1.40284
0.732196
0.670042
0.802286
0.826957
1.09653
1.19157
1.45542
0.935943
0.58037
0.739587
0.778383
1.11975
0.568002
0.960305
0.77632
0.542975
0.712608
1.14515
1.00235
1.16768
0.564016
0.633321
0.68273
0.886776
0.721183
1.14719
0.680112
0.739739
0.810873
0.660728
1.05951
1.01227
0.989052
1.54287
0.877857
1.07298
0.712983
1.16462
0.884581
0.556448
1.87343
0.6107
0.873439
0.747618
1.29967
0.960527
0.788594
0.785638
1.01707
0.934185
1.09331
1.46707
1.19708
1.38016
0.563593
1.13132
1.27801
0.893857
1.08084
1.45806
1.0592
1.18092
0.705995
1.37713
0.573401
0.762622
1.29363
0.569157
1.09168
0.908156
1.31216
0.979019
1.65317
1.45726
1.04615
1.47062
0.741339
0.970631
0.724326
1.02486
1.40692
1.04446
0.684955
0.633054
0.978917
0.556157
0.989449
0.792662
0.996921
0.474635
1.05978
0.577352
0.994586
0.341054
0.993026
0.919696
1.28648
0.831181
1.01081
0.637923
0.629616
0.681721
0.450734
1.13944
1.74515
0.730476
0.690548
1.45474
1.20529
0.831678
0.676855
1.01275
1.14075
0.870569
1.08925
0.712982
1.24335
1.5902
1.18696
1.30683
1.06508
0.797828
0.737667
0.625771
0.985797
1.27479
0.699737
0.975452
1.55151
0.780618
0.775086
0.790553
0.693146
1.19203
1.41804
0.95363
0.921205
0.727535
1.21182
0.941737
1.33835
0.872272
1.34395
1.64998
0.67735
1.1247
0.784801
0.782012
1.24752
0.489278
0.658353
1.20468
1.50207
0.583371
0.946323
0.676787
1.35508
1.24332
0.579393
0.661648
1.44216
1.10133
1.21273
1.30402
0.481936
1.34042
0.536074
1.0483
0.856225
1.22731
0.990019
1.18021
1.60641
1.19403
1.03229
1.28563
0.773507
0.672009
1.62304
0.797004
1.12674
1.18477
1.04649
0.646306
0.950406
0.719852
0.954535
0.858472
0.717731
1.00243
1.02474
0.681771
1.16737
0.765078
1.81065
0.940314
1.04687
1.05572
1.21794
1.01336
1.06773
1.08624
1.11881
1.46594
1.24369
0.987432
0.746282
0.714945
1.53022
0.862779
0.60075
1.07893
1.19432
1.43976
1.93998
1.05319
0.8828
0.60653
1.54789
0.971115
1.14374
1.34026
0.548117
0.850225
1.04993
1.00203
1.99682
0.67284
0.54952
0.846004
0.949136
0.975663
0.898861
1.14848
0.489331
1.1454
0.784145
1.03044
1.07979
1.3285
0.795912
1.15326
0.778539
1.02324
0.683848
0.649413
1.62926
1.04722
1.68041
1.0927
0.526846
1.31257
0.808378
1.03506
0.715883
1.15386
0.898304
0.722589
0.766296
0.755546
0.5241
0.929538
0.82063
1.40061
0.661227
0.921838
1.39013
0.718579
0.994127
0.380152
0.848548
0.686241
1.38063
0.771661
0.786978
0.897083
0.838535
0.936289
0.755817
0.825409
1.15352
1.02374
1.20785
0.824759
1.03565
1.41549
0.59844
0.820276
1.17289
0.636084
1.19791
1.06566
1.01231
0.574107
1.1232
1.05662
1.2887
0.464597
1.43282
0.94436
0.829178
0.998716
1.1938
0.782198
0.743297
1.18653
0.500464
0.612687
0.942231
0.772719
1.25913
1.73784
0.81219
1.06601
0.595944
0.9362
1.1307
0.945591
0.928303
0.865916
0.707809
1.09007
0.666364
0.861582
1.59344
1.33746
0.588833
1.15718
0.945167
0.809062
0.684838
0.924123
0.790318
1.27248
0.789518
1.30938
0.985414
1.53524
1.1227
0.817565
0.57844
1.14339
1.42936
0.65947
1.2161
0.789366
0.879012
1.52546
0.45396
1.18081
1.16037
0.712182
1.02844
0.950821
0.808573
0.839405
1.44189
1.24097
1.25011
0.765102
1.32047
1.01318
0.998056
0.859134
0.860614
1.25008
1.01845
0.669737
0.574549
0.840506
1.68291
0.607604
1.70684
0.827632
0.925558
1.0158
1.2367
0.673326
0.727314
0.907475
0.583984
1.24354
1.18447
0.662684
0.992399
0.779911
0.73288
0.489798
0.930808
0.852424
0.522029
0.809834
0.567601
0.869388
0.97114
0.709022
0.847381
1.04755
1.14968
0.78126
1.90377
0.973922
1.3358
0.479729
0.965087
0.672619
1.15499
1.48708
1.41352
0.820687
0.703347
0.815159
0.613991
0.744706
1.3978
0.873332
1.22022
0.772584
1.09274
1.13705
0.95405
1.06236
1.26554
1.20968
0.851636
1.04003
1.19182
1.3965
1.45291
0.789078
0.923878
1.1503
1.03762
1.23371
1.16869
1.11458
0.905954
0.518989
1.04502
1.43464
1.46701
1.05386
1.24584
0.591392
1.01987
1.09516
2.1969
1.15555
1.11206
0.817139
0.777778
0.858077
1.17547
0.87121
0.591739
1.88482
0.674004
0.473774
0.695151
1.31834
0.871747
0.895543
0.305454
0.931255
1.1994
1.01799
0.915708
1.42199
1.41131
1.66937
0.85847
0.925706
1.05353
0.357993
1.04762
1.23004
1.46279
0.741894
0.846255
0.986119
0.780809
0.597735
0.874195
1.00693
0.94478
1.17683
0.516878
1.0284
0.605192
0.431952
1.00901
0.723336
0.895474
1.32266
0.836164
0.23483
0.631984
1.61204
0.604043
1.1461
1.4495
1.20837
1.30442
0.881785
1.03036
2.05445
1.27028
0.645395
0.837412
0.760986
1.41432
0.92682
0.652678
1.10124
0.368379
0.88916
1.12265
1.00098
0.333811
0.796777
1.06447
1.16415
1.06574
1.07675
0.776615
1.05709
0.626701
0.499287
0.921303
0.986908
0.886793
2.07477
0.472737
1.07195
0.852843
1.06069
0.54392
1.22268
0.724795
0.620098
1.16795
1.29939
1.09147
1.11401
0.909745
1.20963
0.574856
1.41737
0.842471
0.73955
1.16936
1.19609
0.812115
1.38893
1.71453
0.758369
2.08678
1.82067
1.20009
1.40291
1.01614
1.21281
1.26822
0.946518
0.493518
0.959034
1.16256
0.504863
0.901954
0.738356
1.12547
0.725214
0.981537
1.05532
1.03337
1.43701
0.637349
0.789272
1.06237
0.971881
1.02206
1.01656
1.23744
1.11997
0.834776
0.810794
0.892289
1.44593
1.70265
1.0747
1.35146
0.981244
1.50572
1.07629
0.881677
0.478199
1.0759
1.52868
1.45021
2.05852
0.864335
0.878313
0.807225
1.16805
0.573492
1.13429
1.44254
1.6255
0.996087
1.0651
1.29988
1.03145
0.994028
1.47107
0.968274
0.662047
0.93395
0.918278
0.830703
0.660464
0.925662
1.35326
0.558018
1.58127
1.30886
1.13511
0.93955
0.923844
0.819377
0.877133
0.856605
0.529768
0.955308
0.724696
1.68168
1.05361
1.10783
1.34111
0.93529
1.07109
1.0114
1.03026
1.19592
1.22279
1.50093
0.811239
0.969321
0.654259
1.25356
1.18512
0.61579
0.701002
0.981431
0.422618
1.1336
1.23565
1.20022
0.982819
1.00027
1.3294
1.59393
1.55023
1.07307
1.1745
0.7744
0.9051
1.30372
1.64131
0.738127
0.7117
1.01122
1.0924
1.31593
0.98063
0.751596
0.64714
0.936031
1.01437
0.548528
1.07023
0.569102
1.37519
0.940807
1.63183
0.883951
1.337
1.01367
1.65614
1.2602
1.04771
1.34488
0.829044
0.927383
1.35783
1.09873
1.09666
0.902728
0.921735
0.778533
0.902132
0.792853
0.936911
0.974577
1.25569
0.76656
0.831654
0.736214
0.992563
0.65057
0.868301
0.972583
0.575421
0.564059
1.06879
1.15642
1.65045
1.23845
0.734847
0.922998
1.06851
0.746936
1.34329
0.667338
0.93565
1.01021
0.759101
0.9136
1.6148
0.946725
0.963457
0.472004
0.478069
0.925017
1.13613
1.01019
1.31458
1.04383
1.15013
0.916762
0.924734
0.749291
1.33096
1.66235
1.08354
1.26569
0.876585
0.911986
1.31736
0.939501
1.2833
1.02785
1.53638
1.23555
0.769542
0.694696
1.17904
1.4926
1.07983
0.956233
1.19877
0.718749
1.26574
1.03449
0.70909
1.06177
1.22296
1.11663
0.961491
1.35299
1.22536
0.91492
0.931878
1.21855
1.23827
0.659041
0.79612
1.09541
0.518899
0.701031
0.841976
0.841243
1.25127
1.10138
0.930155
1.18065
0.715371
1.12029
1.23124
0.605327
0.486316
0.776807
0.758171
0.913337
0.970925
1.30084
1.35841
0.409775
1.41327
1.29675
0.900417
0.578493
0.899659
1.3338
0.511916
1.17788
1.28325
0.956747
0.978266
1.62588
1.45927
0.893186
0.663662
0.957777
1.25279
1.08808
1.76931
1.00528
1.17079
0.893308
0.865308
0.93955
1.26595
1.4223
0.714088
2.24168
0.967722
0.999494
0.928561
1.48352
1.37212
0.801792
0.882117
0.73485
1.6833
1.64059
1.12707
1.14417
0.775916
0.462998
0.633271
0.755517
0.526413
0.829677
1.11427
1.09036
0.977016
1.30501
0.875013
1.31723
0.952517
0.835646
1.41489
0.657152
0.493666
1.62775
1.17047
1.20685
0.715637
0.802194
1.28579
1.28872
1.21146
0.938222
1.3494
0.639905
1.31806
1.00974
1.46524
0.844835
0.995048
1.35507
1.40425
0.981001
1.363
0.8595
1.50457
0.961085
0.895689
1.13463
1.5569
1.18264
0.724769
1.02665
1.30044
1.34679
0.812982
0.884169
1.49455
0.763803
0.5729
1.38564
0.781725
1.14487
1.0621
1.08961
1.11421
1.30133
1.09252
0.938084
1.74564
0.96905
1.05701
0.836612
0.702252
0.720248
0.786364
0.661285
1.1335
1.33034
1.5435
0.432597
1.14003
1.1235
0.815369
0.601315
1.18675
0.760623
0.936781
1.01659
1.48138
0.997701
0.962554
1.20394
1.07855
0.600387
0.932963
0.876495
0.816177
1.30161
0.834802
0.920383
1.52164
1.6991
1.23471
1.00418
1.30328
1.31479
0.929253
1.12177
1.1492
0.732294
0.922778
1.0326
1.39856
0.809432
1.40332
0.680484
0.792742
1.10485
1.09518
0.323122
1.08523
0.771035
0.819021
0.901983
0.954626
0.904218
1.24947
1.41753
1.38218
0.490883
0.683348
0.65287
0.88185
0.944723
1.13631
1.3303
0.821738
1.54789
0.568038
0.985644
1.03105
1.04274
0.627835
1.29966
1.04032
0.618322
0.862954
1.39003
1.06919
0.807765
0.890406
1.21948
0.753368
0.800888
0.930987
1.1627
0.933889
1.31708
0.431449
0.92534
1.23201
1.17796
0.579701
0.49801
0.866571
0.949817
1.06668
0.928551
1.80388
0.65183
1.06384
0.769238
1.13197
1.18293
1.76768
1.02983
0.894854
1.37109
1.19181
1.40771
0.992845
0.471204
1.16483
1.35149
1.08687
1.05462
1.24243
1.49811
0.72355
0.84487
1.20155
0.477107
0.881123
1.20457
1.26169
1.3027
0.651407
1.35561
0.8358
0.893078
0.807537
0.743169
0.82525
0.505568
1.01295
0.759534
1.08054
1.22855
1.06067
0.937044
0.976021
1.08457
1.75243
1.4827
0.881496
1.13259
0.836632
0.696804
1.32975
1.52175
1.14847
0.975867
1.16494
1.87069
1.77269
0.708592
1.15122
0.642566
1.04824
0.422639
0.702616
0.757404
0.523593
0.960761
1.34554
1.84372
1.01168
0.752855
0.434377
0.917769
0.451466
0.737732
1.81143
1.26421
1.26418
0.492583
0.950993
1.30139
0.685273
0.829601
1.6087
1.21724
1.31922
1.38746
0.974525
1.01507
1.60753
1.45295
0.836846
0.979507
1.36169
1.00347
0.894963
1.1842
1.33686
1.13834
0.687972
0.468017
0.928444
0.991432
1.01765
0.93374
1.71583
0.976463
1.03753
1.05262
0.955128
0.934712
1.18967
0.68875
1.16158
1.40041
1.02651
1.27539
1.34911
1.09741
1.7572
1.45126
0.51331
0.618112
0.575547
1.00088
1.08759
1.11751
1.55807
0.8686
0.89296
0.677944
1.41277
1.33144
0.662103
1.0313
1.0786
1.01921
1.23457
1.00436
0.261534
0.721772
1.13788
0.70538
0.930528
0.755732
0.505253
0.972256
0.808818
0.889849
0.903066
0.713103
0.925262
0.84947
1.3006
0.507174
1.17335
1.15713
1.16258
1.81197
0.857603
0.839581
0.943492
0.596349
0.695741
1.50105
1.0478
0.997047
0.847385
1.39382
1.75463
1.18374
1.14012
1.37412
0.979828
1.07501
0.818226
0.737983
1.68233
1.16381
0.517049
1.53504
1.48003
0.573513
1.49181
1.04005
0.860765
0.855253
0.933661
1.6232
1.24576
0.915671
1.69246
0.902857
0.974864
0.902586
0.95692
1.41893
0.879771
0.864009
1.47501
1.0126
0.862819
1.01022
1.02901
1.36877
0.60688
1.13411
0.99673
1.61518
0.842489
0.547485
1.04858
1.16837
1.0455
1.03368
0.931784
1.03368
0.619629
1.13163
1.00667
1.33624
0.496845
0.977782
1.20705
1.22316
1.27452
0.953849
1.83784
1.31312
0.864833
0.575964
0.800358
0.978887
1.09221
1.1177
0.94303
1.02668
1.82992
0.917586
1.16907
1.44774
0.891839
1.21374
1.07036
0.631583
0.70821
0.566858
1.13238
0.493785
1.03606
1.4569
0.568194
0.823133
0.552507
0.849932
0.846446
1.2297
2.12333
0.763042
1.30603
0.731428
1.41845
0.568062
1.3312
1.01745
0.657648
0.723416
1.00997
1.13748
0.56084
0.824019
1.03498
1.09172
0.811307
1.09041
0.912491
1.06355
0.957404
1.38218
1.20297
1.60288
1.21623
1.19476
0.827843
0.645143
1.03275
1.28003
0.536822
0.810618
1.36614
0.867835
0.975547
1.21938
0.917867
0.484772
0.718617
1.27839
1.02744
0.978302
1.30462
0.65337
1.59873
1.33638
0.888576
1.19612
0.979246
1.01515
0.908027
1.54016
1.53602
1.09595
0.628725
0.791587
1.2718
0.711198
0.898549
0.719802
1.46016
1.27736
0.891473
1.1664
0.910856
1.24123
0.71994
1.33906
0.690218
0.833155
0.804954
0.881249
2.00128
1.68332
0.868869
1.94137
0.832754
0.68346
0.752499
0.788287
1.53856
0.806288
0.700424
0.759932
1.42045
0.644003
1.14131
1.16524
1.05608
0.723712
0.972213
0.643069
1.34754
1.04457
0.788227
0.933479
1.67921
0.791562
1.46018
1.43295
0.960306
1.2745
0.912418
0.826329
0.986339
1.13892
0.568788
0.525716
1.27722
0.532092
0.948171
0.715071
1.20236
1.16547
0.289062
1.01081
1.14752
0.85122
0.653022
1.20697
0.668934
1.1647
0.619515
1.33785
1.70136
0.893895
1.00663
1.23867
0.989354
0.772525
1.16138
1.27864
1.02528
1.97183
1.41582
1.06209
0.949963
1.41226
1.43179
0.507324
0.802692
1.02688
0.747366
0.948472
1.11699
0.504462
0.608029
1.26237
0.896698
0.58013
1.57824
0.833643
0.676654
0.894264
0.708653
0.804626
0.748381
0.766166
1.56485
0.716904
0.498919
0.852362
0.630147
1.40488
0.651537
1.04127
0.695095
0.998391
1.28822
0.972626
1.04607
0.676723
0.729931
0.932496
0.885648
0.90482
1.11304
1.01044
0.569338
1.27467
0.961541
0.784305
0.595815
1.142
0.661404
0.431565
1.6254
1.41077
1.51862
1.13907
0.825504
1.43597
1.14227
0.902015
0.995373
1.66309
0.772619
0.937414
1.04065
1.02976
1.18534
0.810499
0.647887
0.930047
1.53736
1.00325
0.957208
0.720741
0.887343
1.31022
1.029
0.689939
0.721258
1.35467
0.733033
1.41183
0.623238
0.937195
1.37593
1.37913
1.33944
1.72945
1.0136
0.985888
0.495405
1.12311
0.728794
1.09877
0.741677
0.657668
0.881166
0.60526
1.15928
0.786348
0.678547
1.47629
0.557696
1.10963
0.628639
0.979373
1.05142
1.51007
1.02352
0.583899
1.17841
0.84557
0.956156
1.04683
0.943967
0.628773
1.31066
1.01044
0.993708
0.513562
0.785289
1.05837
0.84863
0.723603
0.824391
0.593542
1.43108
1.40247
0.715167
0.492642
0.679186
0.927575
1.08023
1.10231
1.17085
0.684115
0.961387
0.685186
0.891406
1.40646
1.42738
0.312426
0.403245
0.562871
0.809011
0.949706
0.747135
1.0389
1.35221
0.729937
1.27359
0.607524
0.913177
0.848376
1.20934
0.900889
1.75751
1.03363
0.890689
0.64272
1.80141
0.646581
1.11583
0.844671
0.92994
0.658243
0.831702
0.861673
0.960591
0.498976
1.36267
0.74938
1.7563
0.483171
1.05406
1.38504
0.794333
0.674709
0.88168
0.683508
0.808386
0.89686
0.685512
0.788673
1.02878
0.546492
0.605703
1.24266
0.909043
1.05618
1.1107
0.83154
0.747728
1.02255
0.591911
1.13357
0.895271
0.765725
1.27633
0.922076
1.22123
1.40827
0.671453
1.5172
0.643951
0.855168
1.20762
0.759838
1.26633
0.538877
1.5987
0.524524
0.936228
1.22729
0.752715
1.10168
0.699442
0.992133
1.76387
0.849822
0.932138
1.33955
0.807863
0.852045
0.798151
1.26431
1.28459
0.914
1.03258
1.43918
0.727213
1.20946
0.317053
0.447733
0.53099
2.00275
1.28236
1.52124
0.537267
1.48644
0.889466
1.65131
1.68011
1.16074
1.15804
1.00144
0.733421
0.995424
1.96342
0.839679
0.961967
0.976768
1.62021
1.3492
0.588892
1.38202
1.21887
1.14922
1.15841
1.24267
0.992964
0.993159
1.27798
0.830397
0.991378
0.829176
0.854407
0.830211
0.679303
0.423925
0.859596
0.667521
1.36553
1.29169
0.458186
1.46625
0.667126
0.752124
1.18638
0.723491
0.973372
1.4967
1.06396
1.35846
1.13778
0.971086
0.669363
0.760634
1.06611
1.10817
0.780149
0.944212
0.905221
1.59838
1.21703
1.24759
1.14796
0.972879
1.95526
0.892689
0.716872
0.561368
0.974736
1.32461
0.692081
1.43672
0.936454
0.937849
1.00396
1.23722
1.00635
1.34894
1.00612
1.68109
0.803342
1.04455
1.08968
0.896933
0.78117
0.486678
1.1241
1.57924
0.448312
1.3472
0.905368
0.968555
1.19161
0.608751
0.726422
1.0991
0.997453
1.18642
1.44554
1.49638
0.722277
0.865723
0.919715
0.749079
0.946153
1.15695
1.31951
0.487125
0.885858
0.646043
2.12789
0.881704
0.590096
1.0652
1.00044
0.988432
0.757261
0.855267
1.37547
0.950659
0.488963
0.654113
1.14404
0.980016
1.33235
1.43242
1.02795
1.10394
1.57761
0.713605
0.88397
0.492846
1.23017
0.859071
1.85891
1.11092
1.14602
1.12451
0.949614
0.829893
0.62833
0.688243
1.11465
0.932106
0.719314
0.505085
0.749865
0.587619
0.656481
0.944293
0.545273
0.671873
0.6733
1.18847
0.958119
1.24708
0.978874
1.08505
0.901583
0.939505
0.875261
0.984911
0.78454
0.643841
0.850306
0.709548
1.64469
0.517769
0.859585
0.493498
0.929357
0.73434
1.17962
0.769051
1.24717
1.05309
1.2652
1.41392
1.2595
0.587715
1.34063
0.584739
1.07084
1.92246
0.604643
0.742334
0.68718
0.611926
1.86663
1.04006
1.17494
0.855808
0.955512
0.815362
0.80852
1.0849
0.95415
0.69927
0.632399
1.09937
1.25988
0.424135
1.33304
1.24655
1.10258
0.940596
1.40599
1.05516
0.502559
0.943638
1.12362
1.27031
0.524024
1.12119
1.01029
1.09848
1.20965
0.871441
0.94605
1.60963
1.47603
1.26542
1.25805
0.827609
1.4091
0.914912
1.0055
1.38401
1.5497
0.479166
0.705383
0.787137
0.899942
1.92037
1.10776
0.762777
1.59579
0.901888
1.14778
0.765759
1.1115
0.792361
1.58492
1.7544
1.04916
0.996818
0.696306
0.964501
0.993597
0.429217
0.940581
0.884203
0.701279
0.700916
0.67594
1.09216
1.5123
0.971237
0.542477
0.568012
0.64066
1.44904
0.948005
1.0766
0.619036
0.8655
0.971714
1.15249
1.29594
1.53575
1.30146
0.790513
0.57128
0.886061
0.764157
0.969307
1.98646
0.972655
1.08975
0.800707
1.37508
1.05512
1.40391
1.01231
1.50354
0.597196
0.973978
0.739071
0.725597
0.463837
0.666645
1.18584
0.979668
1.29625
0.9741
0.90882
0.829747
1.52441
0.737752
0.496712
2.08218
1.39177
1.16849
0.962154
1.03756
1.22267
0.734359
1.07011
0.911528
1.16254
0.964578
0.432257
1.63076
1.47807
0.719771
0.864789
1.18221
0.98693
0.608256
0.687087
1.09437
1.25705
0.740601
1.30038
1.21292
1.34191
1.09122
0.692631
1.4246
0.673256
1.22026
1.02404
0.59652
0.790218
0.788597
0.792211
1.07095
1.26045
1.15369
0.727027
0.92056
0.815465
0.799514
0.990096
0.838672
0.943146
0.893789
0.606782
0.711785
1.16437
1.01231
1.39745
0.678442
1.42586
1.03671
0.793318
0.854062
0.594101
0.940782
0.359339
0.897698
0.684427
1.14335
0.588261
0.957757
0.592356
0.956319
0.789073
0.653571
0.9954
1.02859
1.60093
0.448478
1.47176
1.83763
0.498321
0.826198
0.354079
0.719136
0.675464
1.87219
0.848385
0.952595
0.603326
1.12872
1.58862
0.518992
1.15973
0.696014
0.884909
0.666943
1.11645
1.41625
0.564828
0.578179
1.12886
1.26443
0.957765
1.2288
0.787035
0.827358
0.483136
1.15441
0.956011
0.787708
1.93829
1.09791
1.40244
0.884814
0.962745
1.32941
1.12292
0.741562
0.813222
1.92003
1.64954
0.677799
1.24593
1.06546
0.637585
1.15343
1.80502
1.02564
0.999697
0.893892
0.762771
1.00771
1.24398
1.04364
0.930501
0.854994
0.661467
0.457409
0.821689
0.514217
0.902245
1.02329
0.991522
0.826814
1.07862
1.69938
0.778675
1.10897
1.08652
0.915876
0.749175
0.692836
0.389574
0.764633
0.910406
0.984266
0.866882
1.58267
1.48935
1.1714
1.03527
0.966116
1.0082
0.970822
1.01522
0.981878
0.570207
1.68287
0.773822
0.736769
0.637679
0.7987
0.947203
0.890235
1.70828
0.805143
0.804642
0.872666
0.540105
0.46835
1.02883
1.05386
1.50621
1.01613
0.779792
0.942317
0.795607
1.06206
0.949062
1.34216
0.974852
0.519724
1.39277
1.58814
1.06919
1.09356
1.08087
0.415563
1.44982
1.00921
0.908059
0.853573
0.926165
0.727733
1.0695
0.841657
0.784211
0.964523
1.33729
1.212
1.46246
0.903146
0.903548
1.69239
1.35332
0.941966
0.696822
1.40885
0.972285
0.932771
1.2346
0.779109
0.930611
1.82376
1.04623
1.17727
1.15029
1.17142
1.21289
0.979141
1.14842
1.58339
1.24319
1.27267
1.01243
0.526846
1.09232
0.895715
0.626355
0.982472
1.32505
1.03921
1.64166
1.00348
0.442901
1.57591
1.14602
1.36541
1.09863
1.26426
1.06088
1.00451
1.38979
0.860114
1.24427
1.07432
0.898921
0.708675
1.24938
1.029
1.22011
0.899149
1.11902
0.972262
0.680544
1.45194
1.35029
0.834172
0.442717
1.10911
1.24724
0.759877
0.835679
0.92629
1.41953
1.04049
1.31866
1.52266
1.04016
0.755365
1.16914
1.39883
0.67755
0.463845
1.33544
1.65757
0.853646
1.25103
1.08882
1.20789
0.868839
1.20553
1.62455
1.22917
0.91542
1.64125
1.66468
0.776138
0.805092
0.943221
1.08386
1.17608
0.816613
0.695472
0.79882
0.971677
0.922578
0.996732
0.697476
1.25833
1.63838
0.787817
0.909351
0.793222
0.847146
1.1662
0.865302
0.863287
0.893779
0.398687
1.22163
0.616113
0.947997
1.54986
0.310676
0.875148
1.24329
0.702727
0.860257
0.677025
1.417
1.15777
1.08234
0.939384
0.991202
1.56
2.1671
1.20468
0.771602
0.794697
1.25527
0.639854
0.879656
1.3905
1.50181
0.949346
1.23346
1.04611
0.763532
0.393993
0.989164
1.3841
0.741783
1.31882
1.11058
0.752037
0.856982
0.641533
0.644757
0.686661
1.73654
0.72517
1.24319
1.07419
0.855998
0.564624
0.922777
0.990422
0.480999
1.02313
0.612486
1.01595
0.717788
0.862992
1.27485
0.519849
0.758068
1.3707
0.575338
1.0201
0.730855
1.25187
1.33112
0.514027
1.85863
1.14322
1.21278
0.895054
1.3278
1.14009
0.815671
0.533241
1.06949
1.4619
1.2527
0.981247
0.95976
1.3868
1.59848
0.775719
1.38106
0.794462
0.576202
1.02679
0.563403
0.69849
0.83822
1.30835
1.07961
1.80791
1.05453
1.37793
1.51217
1.17535
0.908081
1.40601
0.984216
0.992115
1.50085
0.701137
0.659895
1.04092
0.895239
1.05876
0.973221
0.768991
1.28367
1.13901
1.09541
0.742994
0.959384
1.24847
0.669961
0.523091
0.882915
0.985735
0.708273
1.11499
1.02858
1.31612
1.43618
1.23539
1.23326
1.02763
1.07743
0.870044
1.00732
1.11673
1.01345
0.606975
1.2322
0.958507
1.24237
0.425814
1.12024
1.42721
0.918311
0.807374
0.966569
1.15258
0.777251
1.27155
0.971832
1.15049
1.03677
0.965571
0.489436
1.38822
0.791393
1.30721
1.58013
1.40121
0.539165
0.984623
0.651943
0.68977
0.699556
0.941428
0.777492
0.79902
1.39708
0.630162
1.25051
0.653573
1.1022
0.605757
1.2318
0.800048
1.15197
0.851192
1.07799
0.67626
1.16069
0.572613
1.03609
1.28581
1.30527
0.505416
0.951437
1.04026
1.23381
0.845138
0.908842
0.861682
0.676122
1.30029
1.06459
1.02128
1.81171
1.01941
1.11563
1.05916
1.29378
0.440144
0.898298
0.701668
0.976424
1.72659
0.864296
0.715804
0.981626
0.918234
1.49378
1.04499
1.10128
0.517959
0.775715
0.899087
0.847438
0.727953
1.86971
0.876935
0.899228
0.777583
0.851843
1.09769
1.57014
1.05967
0.871973
0.569752
2.1854
0.976892
0.593676
1.28541
0.436828
0.759919
1.01312
0.851512
0.613545
1.01994
1.00109
0.734671
1.16373
1.038
0.794623
0.884002
1.60357
0.841995
1.068
0.631701
0.990878
0.814862
1.02988
1.17285
1.09421
1.3275
1.03111
0.673984
0.97312
1.01846
1.02695
0.684665
0.632848
1.03491
0.930787
1.30337
1.00697
0.932285
1.38269
0.470256
1.85392
0.790061
0.514299
1.23881
1.05067
1.30192
0.619159
0.334649
0.794217
2.1976
0.981788
0.972164
0.91956
0.697273
0.521052
0.810604
0.605261
0.794923
1.27229
1.09231
0.909412
1.41961
0.965799
1.03103
1.4833
0.866289
1.01029
1.43203
1.23776
0.871172
1.10831
0.914176
1.41531
0.952053
1.09161
1.69193
0.573141
0.828305
1.31856
0.610241
0.94265
1.11083
0.686226
0.818465
1.29416
0.965341
1.20953
0.9031
0.877403
0.982906
0.918278
1.12856
0.876274
0.908089
1.64379
0.942943
1.12465
1.4892
1.03207
0.87824
0.987448
1.30456
1.39195
1.14816
1.09122
0.893205
1.02955
1.07442
0.945134
0.724621
0.846446
1.20465
0.970585
0.762514
0.304444
1.22821
1.24168
1.27565
1.03339
0.865528
0.710816
1.08014
1.22813
0.913056
1.36217
0.874658
0.474921
0.758831
1.19018
1.05369
1.01465
0.941122
0.680444
0.765995
1.42451
0.967092
0.649783
1.64969
1.03402
0.974026
0.860017
0.938071
0.617492
0.829309
1.08835
1.65089
1.16589
0.819904
0.778702
0.767585
1.03803
1.05766
1.42441
0.65628
1.34778
1.28834
0.700549
1.58486
1.0674
0.845429
1.24448
1.64967
1.12523
0.956446
1.03692
1.43635
0.762032
0.861228
0.439578
1.77636
0.749459
0.667221
1.28232
1.10624
0.520374
0.571886
0.960261
1.57536
1.13394
1.24226
1.03884
0.986334
1.09494
1.07598
0.636231
1.19754
1.38012
0.581931
1.15117
1.00431
0.94311
0.986385
0.588906
1.09445
0.535939
0.671933
0.788957
1.11926
0.772554
0.611012
0.607739
0.747979
0.738845
1.46197
1.14803
0.741765
0.874925
0.918635
1.06078
0.714341
0.917157
0.511298
0.393082
1.12813
0.81083
1.19448
1.33886
1.01979
1.29114
1.13144
1.20999
1.20194
1.16744
1.00775
0.648035
1.13656
1.13367
1.54712
0.702145
0.901297
1.40939
1.71576
1.27079
1.31716
1.1754
1.14819
1.18713
0.674841
1.06492
0.699683
1.22252
0.736067
1.16707
1.38658
1.29166
0.647163
0.916026
0.862792
1.46191
0.658253
0.419988
0.404299
0.6817
0.77275
1.12696
1.1464
0.727419
1.28571
1.05114
0.722636
1.23769
2.21704
0.648695
1.33836
1.01477
2.40822
0.774882
1.55079
0.709837
1.19741
0.846957
0.754245
0.96706
0.845021
0.704733
0.721592
0.697554
1.05879
1.60816
0.830313
0.553167
1.35455
0.668312
0.824516
0.935417
0.961004
0.842708
1.30775
1.14206
1.34619
0.803037
1.47521
1.33787
0.346843
0.764334
1.44559
0.76661
0.936823
1.28543
1.47739
1.13103
0.909843
1.18604
1.01261
0.908059
0.656163
1.4033
0.70654
0.927992
1.26836
0.875794
0.578432
0.827323
1.16507
0.790022
0.576014
1.02262
1.19137
1.00904
0.886972
1.23856
0.980097
1.21043
1.74398
1.13159
1.05514
1.30205
1.10336
1.16155
0.698453
1.2536
0.747007
0.522973
0.867411
0.621443
1.10141
1.79738
1.21215
1.83807
0.850981
1.30958
0.697134
1.65475
0.845583
0.59804
0.87682
1.02994
1.42399
0.885452
1.07294
1.83011
1.06798
0.898338
0.840106
1.05713
1.56325
2.09726
0.9211
0.986312
0.935737
1.25346
1.84103
1.64105
1.4609
0.771741
1.27407
0.788135
0.769743
0.579558
1.04049
0.947015
0.728269
1.05922
1.03017
1.16744
0.978484
0.993818
1.93672
1.47437
1.09151
1.25488
1.83279
0.795169
1.02529
1.10948
1.01691
1.02907
1.42326
0.759546
0.998159
0.745767
0.820383
0.691831
0.720305
0.667241
0.970121
0.939459
1.01618
1.79051
1.04
0.760877
0.998403
1.13802
1.22762
0.8447
1.12199
0.767117
0.815782
0.900548
0.795128
0.949903
1.18056
0.728194
1.32633
0.964103
1.03154
0.950934
0.728832
0.904391
0.958834
0.952666
0.537049
0.605169
0.847139
1.15644
0.623219
0.796781
1.32539
1.05159
1.37213
0.722353
0.904677
0.818039
1.58406
1.01959
0.691811
0.852631
0.906437
1.16393
0.731939
0.534772
2.43461
1.03952
0.749035
1.03512
0.670818
1.28578
1.01958
0.857671
0.669194
1.07082
1.07069
0.754686
1.22148
1.32292
0.75505
1.28442
0.769091
1.22077
0.804039
0.465726
1.00933
0.507471
1.06454
0.728327
1.23607
0.693753
0.576457
0.963569
0.771285
1.11318
0.882848
0.968024
1.38823
1.13197
1.01553
0.716196
1.07189
1.27614
0.512125
0.95606
0.905751
1.69493
0.989251
0.678821
1.51276
0.683544
0.827402
0.570954
0.69885
0.798031
0.873405
0.920429
0.779725
0.759249
0.719606
1.33792
0.475828
1.14355
0.41248
1.15026
0.754169
0.844856
0.885349
0.863644
0.890285
0.738389
0.786314
1.32336
1.20548
1.09575
1.21016
0.695705
1.25142
1.08762
0.5429
0.667739
0.641213
1.08086
0.893077
1.02716
1.56377
0.941941
1.19997
1.267
0.701598
1.66309
1.72609
0.808085
0.71556
0.934217
1.24388
1.11225
0.838113
0.913301
0.336974
0.929578
0.58203
1.04985
1.08721
0.709143
1.02568
0.797847
0.94894
1.31128
0.818624
0.942262
1.35341
0.739818
0.80412
1.25265
1.15462
1.21257
1.14947
1.12362
0.991406
0.695064
0.598308
1.29804
1.53699
1.08632
1.16635
1.22233
0.871494
0.993643
0.731411
0.874272
0.785823
1.00857
0.894902
1.34899
1.1343
0.955202
1.54129
0.774237
0.884621
0.816805
1.43942
0.955825
0.541763
1.30571
0.890134
1.23976
0.996241
0.891801
0.834224
0.434028
1.61661
0.761831
1.12068
0.895323
0.671029
1.55553
0.946954
0.607086
0.847471
1.02633
0.97835
0.898108
1.57435
0.99251
0.954419
0.912491
1.91557
1.08005
1.37893
0.791121
0.589479
1.73408
0.825578
1.05398
1.06261
0.489174
1.12257
0.701306
1.60446
1.29477
1.128
0.683394
0.513967
1.16484
1.24944
1.23905
0.589916
0.636173
0.992599
0.764544
0.473996
1.03234
1.20713
1.12548
0.651798
1.37682
1.03312
0.798202
1.4744
0.50668
1.27178
0.850841
1.04704
1.34218
1.05729
1.41203
0.576429
0.674691
0.920915
1.05266
1.15587
0.754562
0.9452
1.18843
0.593709
0.648292
1.3302
0.888994
0.939894
1.27069
1.61324
1.29896
1.18507
0.76894
0.731007
0.82701
0.948146
1.48084
0.77555
1.40957
1.35448
1.3011
1.73911
0.606882
1.05061
1.20326
0.953791
1.37297
1.31401
0.838241
0.769224
0.738182
0.993042
0.695296
0.596495
0.896121
0.817864
0.760736
0.890209
0.66177
1.16781
0.998642
0.851499
0.960708
1.26805
0.786427
1.02143
0.448725
0.584279
0.329248
1.38409
0.779189
1.35925
0.770763
0.71375
0.678934
0.784585
0.723541
0.890917
0.858119
0.786617
1.17868
1.06153
0.678815
1.38287
0.566554
0.573694
0.895781
1.00564
1.01177
1.11093
0.719797
0.968863
1.42599
0.620744
0.890764
0.574171
1.0247
0.682226
0.824079
0.512054
0.765489
1.20009
0.590436
0.717234
1.45248
0.890657
1.24588
0.720046
1.34218
0.86066
0.497835
0.985565
1.02008
0.955512
1.19084
1.09175
1.66781
0.788304
1.05634
0.948402
1.05369
0.81694
1.13559
1.21012
0.628428
0.86402
0.589884
1.04316
0.830375
0.808472
0.755756
1.14834
1.51277
1.01793
0.632118
0.96388
1.2512
1.65051
0.744629
1.16611
1.42957
1.28948
0.705126
0.581074
1.0258
1.3866
0.894147
0.715358
0.821718
1.00928
1.13597
0.82404
0.78791
1.57611
1.03183
0.526048
0.82928
0.704606
1.0596
1.23703
0.555821
0.954417
1.17481
1.16507
1.22039
1.07744
0.907161
0.918307
1.03087
0.745604
0.661309
1.08579
0.452584
0.73262
0.804947
0.65546
0.930101
0.968916
1.12741
1.62885
0.944107
0.981908
0.456269
0.842937
1.46306
0.933023
1.0547
1.4269
0.803767
1.00265
0.651023
1.20291
1.18424
0.707424
0.875051
1.00993
1.14435
0.961605
1.62837
0.613606
0.766457
2.84616
0.40919
1.52916
1.22932
1.36186
1.10349
0.690838
0.806421
0.484831
0.661462
0.800917
0.69749
0.589981
0.652489
1.14852
1.17224
1.19779
1.39844
0.825448
0.764344
0.552117
1.17053
0.670712
1.1055
0.58796
0.882608
1.09724
1.46559
1.33015
0.942954
1.8134
0.357532
1.0549
0.615918
0.663164
0.744616
0.699306
0.912131
1.66945
1.13376
0.672015
0.661365
0.925383
0.279561
1.13913
1.3136
0.670018
0.906375
1.13364
0.834463
0.876239
0.685844
1.10062
0.866564
1.03386
0.99034
1.27478
0.729147
1.19765
1.09713
1.0857
0.697984
0.533648
0.960448
0.758574
1.09051
0.911974
1.06644
0.664613
0.59871
1.16209
0.716863
1.03057
1.78749
0.775594
0.984567
1.16725
0.882496
1.05781
1.06189
0.78596
1.36722
0.977614
0.773442
0.808111
0.812512
1.15709
0.945403
0.719418
0.435556
0.679154
1.28842
0.509752
1.80817
0.817418
0.934131
1.91824
1.23607
1.03396
1.0623
0.899625
0.603519
1.30835
0.818069
1.67136
1.16335
1.58249
1.59754
1.13154
0.654196
0.904997
0.463796
1.38004
0.86737
1.14443
0.833323
1.09981
0.73342
0.835799
0.905543
0.92313
0.980003
1.0414
1.04456
1.58884
1.07065
0.803775
0.881705
0.989079
1.29
1.05728
0.829321
1.0969
1.73989
0.904713
1.56992
0.597322
0.968485
0.827936
0.56927
0.82944
0.695542
0.536683
1.02872
1.21437
0.722189
1.0878
0.737021
1.15433
1.08176
1.10806
0.564167
0.862316
1.19948
1.1741
1.36461
1.31125
1.79954
1.11169
0.542588
0.761975
0.94805
1.19178
0.771267
0.86199
0.803817
1.46288
0.363921
0.795715
0.517555
1.28129
1.55441
1.33215
0.647795
1.18761
0.885763
1.46237
0.652433
1.12975
1.2557
1.43167
0.519745
1.05347
0.810406
0.913104
0.920509
0.925925
0.835896
0.870412
0.90972
0.962877
1.10731
0.948689
1.10783
0.72265
1.00324
0.451369
1.12449
0.792498
1.33925
1.25702
0.849724
1.22545
0.81242
0.839468
1.09161
0.518163
0.782461
0.952266
0.591128
0.52385
0.880976
0.755707
1.62954
0.813536
0.593369
0.730302
1.09675
0.901664
0.631234
1.05278
0.725683
1.23201
0.661132
0.815872
1.27242
0.778738
0.663905
1.48336
1.25814
0.645987
1.15351
1.32497
0.573774
1.27973
1.47341
0.379961
0.758696
0.48272
1.44882
0.877201
1.21281
1.23906
1.58788
1.05467
1.19973
0.471129
0.588532
1.17329
1.09271
1.11188
1.16987
1.12442
1.06928
0.72093
1.06809
1.21189
1.13581
0.990843
1.24848
1.18877
0.990863
0.823454
0.958007
1.16547
1.2697
0.834444
1.19318
1.36172
1.03435
1.02062
1.63349
0.35158
1.31028
1.08369
0.357914
1.01816
1.26918
0.566269
1.03885
1.03218
1.46932
0.602656
1.40739
1.32722
0.611368
1.08306
0.578462
1.12568
0.898894
1.17305
1.14032
0.867233
1.02831
1.00137
0.821788
0.613673
0.996274
0.693067
0.637043
1.01019
1.21033
0.54428
1.04577
1.08615
0.680376
1.55778
1.24023
0.75056
0.581146
1.37695
0.474407
0.965185
1.18637
1.52027
1.08052
0.805916
1.57302
0.66299
1.40775
1.01678
1.24162
0.770624
0.98497
0.820072
0.704463
0.816631
0.60259
1.13615
1.68588
0.966697
1.09168
0.921777
0.765638
0.864272
0.929011
1.10853
1.14
1.26806
1.36624
0.866337
1.33734
1.49112
1.49488
0.850439
0.833417
0.81423
1.51214
0.690728
0.966993
1.10241
0.367777
0.815048
0.958589
1.29848
0.860607
0.565105
0.945169
0.744494
0.824694
1.15102
1.13001
1.14499
1.15305
0.723415
0.904575
1.12391
0.916311
0.836128
1.23021
0.897961
0.912788
1.5081
1.81905
1.54306
0.97608
0.731301
0.907645
0.886503
1.40322
1.94924
1.13441
0.911255
0.606675
1.19007
0.879793
0.739313
1.26154
1.50031
1.19669
0.576072
0.855491
0.677635
0.892761
0.820233
0.696909
1.01724
1.08854
1.38062
0.994883
0.688902
1.07052
1.04899
2.07365
0.486445
0.636946
1.29447
0.766122
1.01584
0.736241
1.06209
1.50776
0.602534
1.6672
1.11263
1.38458
0.860324
1.80923
1.17349
1.45654
1.0334
0.614419
1.1936
0.748286
0.844432
1.80239
1.11537
1.42837
0.947305
1.49946
0.815352
1.13093
0.771453
0.731513
1.25004
0.926089
1.10484
1.00412
1.11864
1.50188
0.805926
0.847587
0.759643
0.803143
1.36708
0.966555
1.05059
0.693595
0.924759
1.24792
0.500723
1.46363
0.71031
0.792127
1.73228
1.07258
0.815007
1.66113
1.50602
0.812584
1.92285
1.02828
0.676254
1.11697
0.800152
0.814892
0.915767
1.11096
0.846327
0.809231
1.11117
1.21415
0.88866
0.728291
0.98637
0.860326
1.12801
1.09053
1.3185
1.00096
0.749546
0.765502
0.738349
1.16367
0.930133
1.15104
1.33419
0.909843
1.05123
0.865801
1.48341
0.357298
0.585588
0.767144
1.15648
1.35775
1.03351
1.71983
0.927759
0.410302
0.914912
1.39525
0.617648
0.907457
0.664589
0.972241
2.2213
0.567258
1.10935
0.439174
1.06115
0.653906
1.05974
1.20566
1.32938
1.60781
0.847132
2.01382
1.03294
1.78619
0.850793
1.14297
0.834461
1.16018
1.14843
0.491934
1.22357
0.847361
0.737677
1.37697
0.624787
1.32337
1.35229
0.717137
1.30165
0.848646
1.03953
0.936402
0.805249
1.13795
1.39491
1.08731
1.00701
0.807006
0.892296
0.788046
1.12427
0.943945
1.08901
1.31843
1.10632
1.02627
1.28492
0.760051
0.508202
0.726172
0.734077
0.699585
0.83386
0.964845
0.815059
1.6242
0.580549
0.841883
0.753284
1.40814
0.85401
0.790599
1.07883
1.24168
0.855118
1.55571
0.787656
0.986813
1.25791
0.813278
0.711564
0.672075
0.907095
1.31406
0.865873
1.07697
0.876457
0.692592
1.59422
1.13953
0.992438
0.815956
1.00984
0.824782
1.3172
1.01784
1.04559
0.660623
0.743127
0.808318
0.775069
0.729277
0.930289
1.01876
1.27939
0.445054
0.975492
0.655749
0.920316
1.18918
0.638998
1.2305
0.995081
1.03046
0.762182
0.88281
0.832518
0.979815
0.531899
0.874589
1.09785
1.27185
0.843234
1.03665
1.28858
0.800839
1.20545
1.7445
1.11996
0.809423
1.382
0.68732
0.931409
1.3441
1.6938
1.36469
1.033
1.05586
0.524754
1.26506
0.943578
1.33921
1.03883
1.12593
0.577568
0.531236
1.31728
0.809216
0.763629
1.22937
0.982481
1.28972
0.740782
0.698504
1.30173
1.18016
0.765218
1.00616
0.666993
1.52908
1.42943
1.42159
1.64128
0.804552
0.916705
0.37078
0.48554
1.35498
0.81879
0.74146
0.892245
0.862646
1.34713
1.14738
1.15064
0.638731
1.1036
1.09189
0.922243
1.04288
0.902426
1.15822
1.26719
1.16247
1.0654
0.900511
1.17996
1.05908
0.732504
0.578563
1.73791
1.47404
0.861852
0.993048
1.03058
0.711021
0.805363
1.19472
1.12197
1.24
1.53532
1.08875
0.848496
0.740872
0.641218
1.19869
0.884418
0.702817
1.48848
0.877566
1.25996
0.656369
1.44056
1.14046
1.07163
0.831889
0.569618
0.824019
0.775325
0.907379
1.11799
0.965967
0.977762
1.13894
0.997104
1.07098
0.722411
0.433689
0.927979
1.25838
0.673705
0.888448
0.60724
1.14153
1.3225
0.695367
1.40156
0.907778
0.830859
1.12394
0.58983
0.916128
0.479524
1.93104
1.0745
0.887021
0.82554
1.49771
0.935719
1.21068
0.802236
1.2505
0.894893
1.32792
0.702651
1.71617
0.734085
0.899437
0.580215
0.885299
1.23322
0.822707
1.15873
1.07314
1.05449
0.882692
1.38545
1.03889
1.11154
0.96537
1.22589
0.814283
0.362733
1.62142
0.948457
0.59096
0.631425
0.909175
1.37122
1.01402
0.958868
0.544603
1.44292
0.808088
0.795292
0.72604
1.31961
0.618364
0.813447
1.29623
1.43617
0.724218
2.38787
0.505949
0.873974
1.24872
1.43289
0.894807
0.677241
1.12762
0.711906
0.705079
0.811299
0.859052
1.22329
1.22408
1.17708
0.862915
0.839602
0.84575
0.652257
0.826955
0.910208
1.62847
1.76905
1.17194
1.46632
0.721636
0.757726
1.38649
0.747972
1.36565
0.67176
1.15886
1.03439
0.60781
0.372829
1.16878
0.998046
1.76089
0.61942
0.955807
0.884803
0.931007
0.863486
0.686404
1.25931
0.95339
1.44332
0.640813
1.09552
0.833834
1.3951
0.806239
0.99426
1.01956
0.757536
1.12301
0.489031
1.02338
1.07548
0.487463
0.573738
0.576068
0.883221
0.933832
1.67691
1.04348
0.732516
0.674553
1.40956
0.797327
1.39726
0.524397
1.10408
1.58575
0.851716
0.844538
1.12723
0.479109
0.72589
1.1511
1.13934
0.951664
0.423887
1.06835
1.06884
0.929865
1.36471
1.63069
0.745215
0.882457
0.519586
1.14033
1.0072
1.23951
0.494856
1.01518
1.14799
1.52523
0.801325
0.946103
0.794914
0.893983
1.33456
1.2224
0.909093
1.02688
0.898422
0.748312
0.959145
1.12533
1.36118
0.915011
0.517145
1.14706
0.950497
0.731107
1.22873
1.01019
1.01031
0.612808
0.800447
0.980413
1.13458
1.60106
0.822896
0.608668
1.2366
1.7135
1.23611
1.47887
0.737504
0.665127
1.4047
0.998575
0.419227
1.2507
1.88159
0.85868
0.68547
0.910403
1.00816
1.16117
2.37791
0.742817
1.15788
0.839164
0.904786
1.42203
0.885479
0.609551
0.931608
0.647319
0.681253
0.855323
0.603997
0.900514
0.694767
1.49482
1.17241
0.929166
0.719617
1.29307
0.723891
1.13005
1.39955
1.34068
1.34137
0.819462
1.56481
0.629617
1.0989
0.881035
0.727924
1.14196
0.853129
2.32157
1.21612
0.692646
0.916245
0.611965
0.862219
0.7211
1.08857
0.8172
0.898626
0.821315
1.03785
0.701418
0.535061
1.18746
1.59369
0.723197
0.925918
1.0154
1.25758
0.991042
1.0431
0.821638
1.01289
1.28413
1.16171
1.18329
0.865399
0.605705
1.11288
1.44162
1.61147
0.662555
0.718191
1.17052
1.12242
0.811643
1.05626
1.00626
1.42852
1.14662
0.403214
1.3229
0.760705
0.61129
1.35964
0.779836
1.23156
1.35348
0.975691
0.820969
1.17237
1.17428
0.971298
1.24342
1.13821
0.67445
1.14491
1.02922
1.32659
0.604665
0.726902
1.13439
0.994694
0.737099
0.647291
1.58372
0.774458
1.10619
0.934418
0.998062
0.61623
0.668703
1.09183
1.04637
1.70263
0.612902
0.852796
1.34747
1.02695
1.42957
1.31101
1.58539
0.866936
1.12922
0.692582
0.784117
0.990143
1.60584
1.21287
0.845014
1.15107
1.08961
1.08464
0.738815
1.39073
0.460252
1.12924
0.853554
0.673497
0.969274
0.906796
0.778202
1.09767
0.481576
1.43043
0.644111
0.771272
1.33504
1.24561
1.17726
0.743776
0.740196
2.22498
0.720977
0.771865
0.775054
0.805201
0.862099
1.14904
1.15048
1.41054
0.904357
0.422263
0.775629
1.1106
1.15375
0.793046
1.355
1.29239
1.44277
0.846086
1.11523
0.757029
0.637351
1.42417
1.08591
0.755971
1.54284
1.14285
1.08332
1.95734
1.24474
0.887091
0.74891
1.06299
0.811991
0.430848
0.918481
0.636228
1.1625
1.20221
0.926429
1.21185
1.13037
1.59564
0.75928
0.541223
0.641669
0.861486
1.04054
0.662473
1.00329
0.930541
1.15022
0.514294
0.695647
1.02357
1.4769
0.953145
1.06361
0.838827
1.02742
1.21923
1.18866
1.10859
1.44409
0.768743
1.62092
0.651935
1.1744
0.823962
1.03017
0.650014
0.866305
0.851558
1.20884
0.851701
1.12496
1.01328
0.597005
0.850523
0.695556
1.54765
0.413281
0.840509
1.51203
1.13809
1.10673
1.16285
0.750674
1.65624
0.90883
0.915987
0.463454
1.15952
0.593407
0.917017
1.11773
0.610079
1.47725
0.939197
0.694912
0.906884
1.43655
0.897665
1.08548
1.28429
0.402972
1.2141
0.854612
0.731831
0.987811
1.10734
0.783753
0.827251
0.83006
0.769868
1.3718
1.00396
0.877283
1.09063
1.01624
0.412931
0.404188
0.542739
1.01786
1.91143
0.771484
1.13612
1.40337
1.14006
0.930907
0.884008
0.614019
1.15449
0.872673
0.744844
0.940355
0.538028
0.650043
0.56003
0.482749
1.00263
0.653902
0.542519
1.16406
0.427487
0.544827
1.18727
0.822885
1.1674
1.18431
0.941125
0.77979
1.17754
0.931608
0.857658
0.56094
1.18054
0.890882
1.12084
0.707836
1.05599
0.504598
1.52764
1.75266
0.798337
1.35052
0.365352
1.22291
1.39803
0.937633
1.05307
1.09654
0.650775
0.527973
0.642834
1.05125
0.709878
1.07894
0.758141
0.997994
1.15489
0.799853
1.64111
0.540522
0.625412
0.980659
0.825262
0.648834
1.21641
1.16334
1.4045
0.373908
1.06131
0.779407
0.577233
0.754552
0.397876
1.3724
0.558093
0.736604
0.783692
1.56875
1.01458
1.18272
1.15827
1.39623
1.04205
0.759528
1.12847
0.834825
1.24208
0.735607
1.03698
1.06705
1.47255
1.03079
1.12587
0.83809
1.12069
1.45255
1.31459
1.45741
0.481868
0.858661
0.569291
0.769282
1.02709
0.754307
1.494
0.626165
0.640811
0.678636
1.17241
1.06081
0.863776
1.02422
0.478796
0.986385
1.01294
1.41131
1.42481
1.13798
1.42147
1.48958
1.12767
1.16347
0.65973
0.908157
0.856623
1.64113
0.833382
0.787909
0.952595
0.724921
1.12873
0.651785
1.06304
0.864535
1.78333
0.937912
0.847405
1.37338
0.755131
1.09964
1.52409
0.745589
1.27094
0.850089
0.484628
0.677929
0.99233
1.15243
0.724745
0.936099
0.79646
0.767106
0.713187
1.48814
0.551195
0.962533
1.47078
0.978948
0.708145
1.29944
0.7665
0.940125
1.31268
0.341029
1.06899
0.565183
0.775545
0.80902
0.866933
1.06884
1.25979
1.20608
0.827576
1.97661
0.995706
1.31341
1.4407
1.10197
1.47733
0.850735
1.15963
0.849627
0.590818
0.503796
0.603142
0.862373
0.709365
0.71766
1.32726
1.28012
0.857693
0.732173
0.724864
0.899664
0.988376
0.656028
1.29722
0.65267
0.634331
1.33486
1.40276
1.94809
1.14297
0.79485
1.1722
0.582299
1.02774
0.910546
0.959132
0.536536
0.743065
0.683331
1.27099
1.36389
0.982647
1.5337
0.722562
1.05493
0.973843
0.817076
1.33275
0.728671
1.02493
0.600866
1.3788
0.846203
0.679761
1.62263
0.53804
1.01154
0.948861
1.26806
0.859797
0.602927
0.81278
0.829892
0.917119
0.947164
1.67231
1.11071
0.835264
0.631552
0.91941
1.21985
0.999441
1.30264
0.881382
0.79425
1.10427
0.558559
1.25231
0.646039
1.33198
0.812208
1.26276
1.24346
0.95403
1.00239
0.773769
1.84809
0.928427
0.904521
1.15596
0.945776
0.849039
0.834467
0.886383
0.671079
1.3597
1.27253
2.1926
0.931212
1.18986
0.710211
1.02625
0.677523
1.10374
0.489435
1.05463
0.575729
1.33589
1.27096
0.848544
0.899389
0.8819
1.15836
1.05759
0.902082
0.800349
0.803854
1.34527
1.89699
0.794177
0.606819
0.565724
0.871609
1.08015
0.976384
0.975472
1.30109
0.671092
1.26097
0.819613
1.20974
1.0473
1.40281
0.945502
1.05033
1.64601
1.02824
1.08569
0.514547
1.06364
0.899102
0.502423
1.25671
0.394019
0.844666
0.463927
0.77379
0.999444
0.927425
1.09564
1.02661
1.07704
1.30628
1.39752
1.3624
0.80474
1.69725
0.959073
0.892714
1.45332
0.868205
0.498214
0.886888
1.47431
1.37275
1.21595
0.769941
0.962834
1.25044
0.751368
0.680047
1.17527
1.03753
1.62358
1.09376
0.858129
0.937828
1.01508
1.2816
0.871616
1.16747
0.880703
0.560424
0.700719
1.34361
1.1361
0.76306
1.16037
0.726626
0.909153
1.06485
1.22397
0.699611
1.27333
1.24304
1.06485
0.645969
1.14472
0.747331
1.36451
0.717702
0.753625
1.00291
0.650014
1.38061
0.92601
0.829137
1.00839
0.909492
0.847424
0.80596
0.790016
0.928661
0.628733
0.587525
0.886253
1.25383
1.79049
0.83882
0.874564
1.1922
1.01279
0.645681
1.02345
1.28778
1.06499
1.20578
1.4959
0.696145
0.887205
0.919918
1.28346
0.805957
1.30676
0.955048
0.883147
0.721195
1.55051
1.69692
0.487686
0.934571
1.07983
0.640058
0.939765
0.627223
0.62197
1.05651
0.682274
0.836152
1.05761
0.640848
0.847635
0.880464
0.506644
0.67929
0.593895
0.586277
0.731077
0.769012
1.22958
1.10104
1.28245
1.1628
1.12041
0.644767
1.19027
1.00442
1.32431
1.41889
1.35539
0.792832
0.905235
0.428045
0.75372
1.01879
1.39848
0.541143
1.61055
1.22548
1.06313
2.1791
0.875208
0.627169
0.633949
1.33504
1.1123
0.715672
0.923555
0.805415
1.88595
0.548293
1.7454
0.352783
0.568421
1.57303
0.685349
1.06152
0.587859
0.810728
0.987595
1.0934
0.593551
1.04282
0.947651
0.903172
0.742565
1.05006
0.579452
1.252
0.623884
0.660005
1.78714
1.11944
0.540579
0.977958
1.0688
0.766422
0.799398
0.872703
1.62552
0.50468
1.76992
1.30178
1.09451
1.06314
0.821921
0.923692
0.617487
0.880649
1.1459
0.886091
0.758181
0.939595
0.849332
1.41535
1.13722
1.3571
1.33607
0.735154
1.10487
0.746894
1.26388
0.708707
1.19978
1.22101
0.856099
1.78428
1.25277
1.346
1.2471
1.12836
1.73177
0.575079
1.27305
0.587674
0.576453
1.03188
1.05833
0.722197
0.374032
1.03206
1.24644
0.686531
0.560503
1.40233
0.788548
1.10794
1.14791
1.39446
1.56429
0.867774
0.733675
0.338168
1.05993
0.999611
1.08708
1.5
1.43677
0.638725
1.44509
0.980265
0.738471
1.34069
1.14071
0.836786
1.01134
1.66848
0.97466
0.691636
0.784994
0.996102
0.896168
0.91298
1.60953
0.585798
1.2513
0.83643
0.864352
1.22674
0.72908
1.22724
0.952105
0.963246
1.09533
0.409503
0.999331
0.534062
0.854967
0.557424
0.833197
1.65324
0.702163
1.99147
0.694195
0.499269
0.874268
0.439514
1.2407
1.00882
0.945746
1.54658
0.869944
1.1091
1.14325
0.521556
0.884242
0.599365
0.509647
1.5123
0.94532
1.12753
0.975932
1.32351
1.10493
0.691399
0.746284
1.22959
0.848369
0.901261
0.879452
1.07747
1.05958
0.960471
0.838429
1.1786
1.13683
0.974367
0.828931
1.04905
0.735959
0.98956
0.80053
0.896982
0.994711
1.10582
1.01556
0.447772
0.987726
0.780285
0.965639
0.836466
0.964965
0.713868
0.653159
0.897844
0.686877
1.37775
0.944444
0.472254
1.33682
0.633735
1.03253
1.21394
1.0444
1.28957
1.04559
0.76245
1.16196
0.905353
0.949815
0.875966
1.15785
1.19663
0.942632
1.29482
0.870408
1.97284
0.69174
0.924732
0.923807
1.28588
0.60781
1.13437
0.657638
1.5044
0.915896
0.429078
0.68476
0.56547
1.25568
1.00474
1.15544
0.914249
0.788987
1.09424
1.15691
0.949566
0.634165
0.748083
0.556186
1.72516
1.1859
1.05052
1.11524
1.39285
0.64633
0.903466
1.45306
1.15301
1.13734
1.43406
1.49149
0.770104
0.584543
1.26615
1.20018
0.519835
1.07901
0.735026
0.994483
0.728204
1.646
0.677328
1.48545
0.894755
0.838211
0.877532
1.06593
0.694115
0.905197
1.47628
1.50614
1.02198
0.768088
0.821873
1.2604
0.475146
1.27443
1.27771
1.0719
1.13997
1.00185
0.906053
1.16967
0.878976
1.41066
0.548242
0.781715
0.533354
0.766808
1.28114
0.555328
1.17087
0.981035
1.21267
1.20087
1.0157
0.740401
0.782709
0.97623
1.07309
1.56771
0.877945
1.50587
1.56699
0.69385
0.964431
0.745131
0.719588
0.686114
0.960838
1.17935
1.22126
0.618125
1.1428
0.982192
1.12448
1.22683
1.38461
0.354354
1.1919
0.975266
1.1669
1.55549
0.812181
0.960517
1.04751
0.937056
0.588803
1.08282
1.1642
0.650528
0.908019
0.467147
0.429217
0.779405
1.33756
0.789203
0.699706
0.682821
0.939838
1.22625
1.25341
0.742883
1.0949
1.18881
1.82983
0.78583
0.68362
1.16863
0.296965
1.17216
0.636054
1.03237
0.84329
1.11435
1.06278
1.45557
0.954783
0.863069
0.924129
0.753099
0.732864
0.911466
0.913391
0.498274
1.22457
2.35058
0.873635
1.32684
1.01731
0.872715
0.794722
0.910157
1.37401
0.657522
0.852739
0.899746
1.13335
0.663416
2.00074
1.14878
1.10341
0.963914
1.23825
1.44001
0.559672
1.09157
1.07279
0.883825
0.782086
1.31871
0.750693
0.986024
0.617497
1.27106
0.651852
0.742301
1.18366
0.773326
1.51725
0.859116
0.488521
0.50962
1.30233
0.597114
0.734265
1.01852
0.759301
0.591606
0.830621
0.649502
1.40902
0.941826
0.390233
1.60792
0.69545
1.1866
0.753215
1.15336
0.736983
1.15254
0.57144
1.13176
1.12863
1.01379
1.08775
0.989997
0.960596
0.731839
1.081
1.36146
1.19885
1.41085
0.896889
0.874197
0.731584
1.65176
1.2704
0.950959
1.3177
1.3016
0.815217
1.07229
1.13008
0.759199
1.00718
0.928198
0.649575
0.7726
0.856309
0.975063
0.95552
1.14308
1.00186
1.01374
0.807922
0.625493
0.590245
1.6888
0.898812
1.50013
1.01653
1.0869
1.1198
0.642153
1.36521
1.09227
1.62522
1.58937
1.17713
1.4051
0.907885
1.29757
1.09274
0.823535
1.58665
1.1778
1.58664
1.12196
1.07431
1.23821
1.21184
0.56437
1.05687
0.965327
0.708523
1.33021
1.09448
1.65493
1.03401
0.871021
0.876874
0.949207
1.49365
1.11252
0.818025
0.753007
0.62398
0.938882
0.594621
0.714765
0.836792
1.31543
1.61035
1.1212
1.50069
1.28525
0.738672
0.811279
0.712441
1.04163
0.771859
0.634784
0.43404
0.978228
0.908134
0.671318
0.555913
1.60107
1.35964
0.729294
1.23453
0.958087
1.12579
1.12683
0.979071
0.701584
1.03317
0.743059
1.06444
0.750257
1.05702
0.802312
0.643465
0.941268
0.723586
1.12083
0.793566
1.15671
1.24334
1.00025
1.45389
0.992171
0.928942
0.628675
1.38144
0.922057
0.832463
1.39995
0.767002
0.743705
0.704905
1.30801
1.02528
2.04604
1.01414
1.18924
0.574308
1.16802
0.434005
0.764729
0.978879
1.42194
1.26863
0.942935
0.777379
0.980388
1.56172
0.99071
0.599285
0.676566
1.6825
1.41073
0.637674
0.81901
1.51836
0.912074
1.11901
1.31966
1.4422
0.56905
0.867675
0.593327
0.64496
0.95552
0.579374
0.85087
