1.90826
0.188345
0.460208
0.67614
0.198759
1.12738
0.479346
0.819823
0.0821301
1.13903
1.49177
1.35333
1.0101
0.386933
0.863966
0.12761
1.18702
0.859771
3.11716
0.179911
1.00631
0.275383
0.84521
3.70347
1.51395
2.31377
0.599358
1.68824
2.13608
0.164981
1.01832
0.458285
0.538345
0.699944
1.78803
1.49259
0.290405
1.2846
3.69146
0.456976
0.0907155
0.99209
0.684952
0.483492
1.53602
0.709575
1.39045
0.579826
0.629235
0.219774
1.01753
0.0986918
0.877734
2.1237
0.619433
0.860998
0.31502
4.33391
0.751841
1.29246
1.36959
0.979378
0.59029
0.614645
0.535168
0.555635
0.680108
1.25946
2.11473
2.74217
0.899839
2.60595
0.19603
0.938092
2.93884
0.820968
1.37646
0.443124
0.501342
0.56587
0.659692
1.06529
1.34386
0.405372
1.22917
2.13336
1.32725
1.39821
0.828855
0.828324
0.684678
0.408501
0.441415
0.648609
0.485101
1.19118
0.991535
0.662649
2.42578
0.441757
0.477024
0.256248
2.25551
0.9562
1.93305
1.25458
3.00958
0.130784
1.30087
0.993808
1.47222
0.618601
1.05958
0.774375
0.711435
0.661376
0.771886
0.926519
0.226512
1.59944
1.33966
1.88737
0.900416
1.7812
1.00686
0.599917
1.65359
0.280765
0.640629
1.55095
1.49614
0.809985
0.588996
0.248155
0.92784
0.692426
2.19744
1.47042
1.15523
2.55743
0.696684
0.512266
1.39852
0.638339
0.531315
0.923297
1.22909
0.5165
0.882662
0.692349
0.357659
0.676631
0.630946
0.21383
1.97127
1.00946
1.59494
2.1418
0.630709
0.173209
0.628079
0.591207
0.978542
0.585772
0.363089
1.33229
0.655425
0.252565
1.35164
1.08091
1.71232
0.462826
0.581378
2.06814
0.950009
1.37922
0.600692
0.673311
2.49937
0.432703
1.15177
1.01546
0.938424
2.09035
1.04967
1.96666
0.169273
0.369475
1.00782
1.85813
0.765773
0.224701
0.973401
0.626565
0.563926
0.64815
0.442607
1.05248
0.0776065
0.505155
1.47553
0.437202
0.564191
2.58572
2.73746
2.10827
0.285342
0.759076
1.01131
2.9265
0.501956
0.141083
0.389232
0.971639
1.30935
0.307018
0.314117
0.618644
0.293683
1.19059
0.992855
1.71203
0.839297
0.739009
1.1684
3.17785
0.484215
0.822227
0.720828
0.723715
0.937588
2.06078
0.913536
0.440772
0.536319
0.753933
1.21199
0.809636
0.98669
0.381112
0.210302
0.272264
1.60655
0.475704
1.32548
1.20257
1.53055
0.434386
1.41214
1.041
0.210851
1.57823
2.46302
2.47517
1.14122
0.749733
0.59494
0.277012
0.992446
1.23677
1.54322
0.738354
1.13253
2.19223
0.814631
0.692309
0.1633
0.502683
0.858923
2.0433
0.676522
1.94063
0.432945
0.161162
0.728822
0.412217
0.414424
0.920464
0.128016
4.54824
0.43465
1.79368
1.16862
0.352102
0.751942
0.562515
1.57042
1.11646
1.26184
1.04253
1.09795
0.979783
1.02289
1.00303
1.94274
0.365797
1.33643
1.48635
0.120467
1.43606
0.959457
0.331967
0.33389
0.102899
0.295803
1.16006
0.287052
0.546897
1.2078
0.268993
1.4506
1.62979
0.510691
0.713083
0.164819
0.0694088
1.32736
0.867826
0.898008
1.60947
1.38371
0.951322
1.19401
1.51999
0.818811
1.46412
0.942463
1.30359
0.321351
1.25432
2.66994
2.23059
1.06098
0.63132
0.192011
1.29055
0.5472
1.94853
0.819127
0.304086
0.245693
0.399295
0.934925
0.643761
2.48771
0.42514
0.554267
0.638139
1.05691
0.646119
0.899923
0.824942
0.866536
1.30488
0.361487
1.19471
0.102962
0.735315
0.411097
0.172708
0.530297
1.7076
1.26044
0.591767
0.241027
0.723243
0.631664
2.03171
0.825548
1.64814
1.58143
3.77578
1.77613
4.30515
0.883647
1.16959
0.71412
1.88754
0.363991
0.982031
1.03257
0.730701
1.0183
0.173148
0.65893
1.10665
0.171957
0.451657
1.71723
1.16076
0.258428
0.869156
0.4115
1.86843
0.415899
0.723123
1.13809
1.0642
1.56486
0.20711
1.78883
1.15568
2.17759
1.43408
0.287641
1.83209
2.41317
1.15516
0.377003
3.54893
1.01169
1.02737
1.08753
1.17631
2.29844
2.53887
0.759296
2.00014
0.460694
0.00937185
1.02853
0.944399
1.09409
0.463223
0.419011
1.00397
3.79011
0.520418
0.398628
1.26253
1.19614
2.22988
1.56943
0.426502
0.554549
0.976774
0.0999178
0.508743
1.03918
0.455409
1.02438
0.166935
1.36227
0.38548
2.1235
0.891794
1.92254
0.986043
0.241613
0.210272
0.78468
0.401781
1.23505
0.236898
1.07978
0.370053
0.290506
0.513213
0.228235
1.12753
0.524412
0.470253
0.806107
0.629587
2.25349
0.515207
0.799886
0.650535
0.700507
0.390838
0.698937
0.855261
0.801731
0.603467
0.113154
0.31613
0.276224
2.07151
1.41162
0.581119
1.70962
0.818483
0.982483
1.15718
0.614951
1.96752
0.532986
0.703856
1.36745
0.318084
0.352623
0.949662
1.05271
0.612203
0.641274
1.63504
0.620634
2.46658
0.637132
0.312348
2.27406
1.16506
0.223925
2.86764
0.188229
0.575317
1.15904
0.422667
1.89236
2.5851
0.860718
0.331539
1.05025
0.494426
0.439809
0.536839
2.94567
0.273547
0.641901
1.10998
0.824296
0.17255
0.755022
1.20533
0.121054
0.732579
1.76704
0.809095
0.478624
0.548416
0.382157
0.474138
0.702749
0.377408
0.906761
1.13436
0.780484
0.230732
2.03579
1.01646
1.14322
0.560127
1.29945
1.17823
2.12344
0.160137
0.615416
3.73488
1.85903
0.458714
1.04904
2.17723
1.20063
0.169608
0.738474
0.338204
0.445395
0.574432
1.41266
0.662235
0.678435
0.718521
0.518881
2.46003
0.951873
0.598788
0.68031
1.26784
0.939786
2.12513
1.11901
0.719354
1.49554
0.506508
0.47856
0.740593
0.843119
0.709396
0.84117
0.987938
0.341171
0.346601
3.09305
0.644106
1.29537
1.31301
0.588336
1.83871
1.42007
0.666596
1.14534
1.49639
0.966042
0.684171
0.379646
0.210346
1.57688
0.526694
0.0444925
0.68261
1.97917
0.33403
0.796772
0.691931
2.55646
1.37985
0.681792
0.811355
0.337144
1.26506
1.08038
0.517392
1.49115
0.210221
0.123581
0.210169
0.744192
1.42759
0.636802
1.43689
0.965285
0.322975
1.82236
1.08787
0.424747
0.758149
1.47407
1.55403
2.78128
0.242216
2.02154
2.12029
0.813955
0.112294
1.30209
0.435752
1.05302
0.293936
1.53219
1.82651
0.830638
0.138939
0.358923
0.771474
0.428248
1.72609
1.72122
1.74286
1.23667
0.327684
0.182423
2.1961
0.544509
2.67308
0.993923
0.549711
1.25624
1.34962
0.395577
0.973324
0.637175
1.28257
1.19565
1.63882
0.551003
1.18822
0.705292
2.35974
1.72144
1.07788
1.94359
0.253603
1.6758
2.28817
0.910685
0.617444
0.302224
3.82513
0.543058
1.10954
1.23387
0.556245
2.08627
0.727478
0.731418
0.572552
2.10862
0.18926
0.746251
4.21812
1.10222
0.421795
0.790921
0.189766
1.37199
0.494103
0.418519
1.69546
1.33936
1.47316
1.12161
1.05574
0.614094
0.393692
1.76799
0.687343
0.944357
1.32124
1.18038
0.423859
1.39418
0.936812
0.501703
1.14611
1.62487
0.0892772
0.72194
0.953721
0.961755
0.363497
0.883459
0.78644
0.307082
0.7851
0.31808
0.832627
0.332998
0.301374
0.312701
0.946199
2.29506
0.597255
0.248375
1.65871
0.292617
1.52723
0.621432
2.05878
0.901436
2.0907
0.675794
0.675666
2.85428
1.83828
1.21153
1.91202
2.32626
0.677711
0.227337
1.31507
0.577645
0.951169
0.526887
1.69101
0.607707
0.437244
1.36721
1.24955
0.383531
0.358159
0.277697
1.44858
0.304777
1.75587
0.343191
0.767145
0.306613
0.602795
1.74824
0.125771
0.712038
1.48357
0.0841536
0.200978
1.44746
2.33895
0.303709
1.59455
0.600534
1.42209
0.370717
0.316075
0.957773
1.22023
1.11183
0.349448
0.782526
2.79134
0.759245
0.923358
0.912232
0.383074
1.39224
1.53166
1.73965
0.278256
2.392
0.439105
0.553596
0.294286
0.719209
0.126248
0.477086
1.51124
0.882293
0.382349
1.64478
0.486827
1.1307
0.335036
0.477493
0.772681
1.14732
0.280023
0.131927
1.30418
1.11683
0.764646
0.347747
0.0982942
0.883095
1.39566
1.07804
1.49817
1.04487
0.514914
0.550298
1.1792
0.738664
1.89854
0.500261
2.17454
0.323726
0.285689
0.470194
0.766017
0.515718
1.71269
1.51651
0.192139
1.51296
1.45537
0.210068
1.2847
0.0843124
0.904054
0.400848
0.31756
2.85107
0.696627
1.76158
1.4689
1.75755
0.944384
0.727272
1.97656
0.494346
0.354471
1.16252
0.508425
0.687207
0.812082
0.630753
0.947144
1.36318
0.597143
0.922218
1.60038
0.958137
1.52616
0.977401
0.630848
0.786831
0.574343
1.03301
2.04726
0.542894
0.498028
0.50781
0.485905
1.02429
1.08576
0.511559
1.91865
2.93014
1.45571
0.893811
1.83863
0.9441
1.11716
0.321613
3.4876
1.10192
1.28329
1.48655
0.927829
0.681309
1.39921
1.08695
0.529484
0.784366
1.08163
0.277836
0.720642
0.559084
1.88949
0.730878
0.980682
0.240504
0.720039
0.767746
0.0963734
1.20046
0.083117
0.757605
1.20187
0.264292
1.85852
2.75925
0.333669
3.05178
1.15256
2.62634
0.962615
2.49736
1.10291
1.52082
1.28608
0.38392
0.958555
0.911602
0.551472
0.969332
1.70573
0.188692
0.74858
1.11823
0.768685
0.851091
0.32533
0.978545
1.80327
0.267456
0.661074
0.186235
1.64548
0.620403
1.05708
1.0654
2.41118
1.98736
0.809952
0.14201
0.182287
1.83775
0.471749
0.34145
1.36437
1.34844
2.19531
1.09039
0.27779
0.861223
1.89538
0.474794
0.970452
1.49057
1.257
2.15811
0.824744
0.715962
0.315217
0.550248
0.626826
1.40639
2.10852
1.09737
0.306591
1.95219
1.42601
0.35895
1.29639
0.898404
0.309948
0.267519
0.0958122
1.46982
0.912061
0.266114
0.348621
1.80646
2.15397
1.69641
0.710576
0.966638
2.21526
1.55064
0.125499
0.70051
1.05981
0.161341
1.68393
0.985526
1.8626
0.396908
0.197982
0.599618
1.49253
0.686837
4.52761
1.60239
0.623521
0.0659201
0.191529
0.312514
0.595957
1.35952
0.562114
0.340504
0.790106
0.835214
1.82676
0.411975
1.47842
1.69485
1.13762
1.12971
0.15808
1.36916
1.41727
0.637901
1.04972
1.41108
0.480927
0.444897
1.70288
1.37717
1.8121
0.340444
1.1467
0.500955
1.51083
0.764486
2.03892
2.58489
2.05447
0.560647
1.2908
2.65039
0.520101
0.79859
0.789629
1.03357
1.91943
1.59072
0.684402
0.909619
0.304106
1.30664
0.30465
0.795066
0.670795
0.498382
1.31089
0.369038
0.554613
0.632682
2.02993
1.49795
1.40792
0.383255
0.481955
0.873823
0.653831
3.11698
0.734487
0.936409
1.34222
1.12712
0.739732
1.55102
0.589212
1.66316
2.008
0.61391
0.316231
0.575598
0.947016
1.65618
0.967668
1.47847
0.314548
0.578033
1.18129
1.68758
0.749756
0.237691
0.327332
1.37312
2.63385
0.637803
1.92222
0.53453
0.660427
0.195107
1.01367
1.41922
0.925637
1.02756
0.297524
1.39583
1.50082
0.422227
0.897832
2.3926
0.150405
0.650434
0.812451
0.90114
1.03257
0.589154
1.42003
1.7717
0.220038
1.03942
0.7527
1.23459
0.655714
0.847516
0.417156
0.0736652
0.714717
1.17439
0.521159
1.44204
0.648239
1.01655
0.494868
2.32363
1.57482
0.878748
1.53253
0.460842
0.237297
0.508217
0.632056
2.27591
0.46595
0.170652
1.23126
1.37404
1.52781
1.23781
0.502895
1.21751
1.52749
0.359962
0.975193
2.08878
0.635466
0.479557
0.198304
0.375071
0.575215
2.03784
1.56513
0.187464
0.765227
1.30864
1.39484
0.817512
1.32205
1.74489
1.26749
0.796896
0.652452
0.680121
0.759609
0.705096
0.680592
0.827258
0.834153
1.83247
1.59674
0.189514
2.57538
3.4908
0.553214
0.0415972
0.492102
3.64426
0.494761
0.574004
0.746676
1.12446
0.747682
0.185149
1.75341
0.395248
0.322198
0.391248
1.57821
0.265677
2.48173
0.991366
1.26822
0.388095
0.914151
0.456214
2.90959
1.70371
0.70318
1.19652
1.21109
1.90138
1.42774
0.532466
1.24533
2.45935
0.185482
0.680663
0.165429
0.878897
0.646184
1.56872
0.383649
2.32195
1.08878
2.92887
0.934702
0.966035
1.39472
0.659832
0.57479
0.16102
0.837282
1.07322
1.41422
3.61043
1.66817
1.38463
1.42731
0.314708
0.836529
0.424266
0.974497
3.33355
0.980157
1.50062
0.735032
0.861182
0.189584
2.23699
0.901387
1.62287
0.664402
1.8235
1.42709
0.481385
1.04782
0.494515
0.335693
0.654418
0.540009
1.46402
0.466873
0.389052
0.28634
0.257297
0.0737099
1.43091
0.643053
0.368577
0.0528459
0.270806
0.855099
0.182169
0.675946
0.534702
0.955272
0.251273
0.755148
0.876681
1.6965
0.584213
0.976705
0.38067
1.66861
0.500973
0.137959
1.07824
0.840692
1.1974
0.36737
1.53578
2.93582
0.888076
0.614806
1.09452
0.852922
1.25781
0.211082
0.499802
1.16539
1.74323
0.444202
1.24564
0.201478
0.804099
0.650705
0.493227
0.97451
3.14862
1.27172
0.249273
1.04531
0.683278
0.786068
0.53318
1.12762
2.09916
0.131724
1.32803
2.31758
0.604973
2.03973
0.469437
1.45635
1.97292
1.21357
2.95801
0.420577
0.413463
1.74794
1.03623
0.543822
1.12185
0.307725
0.714078
1.07587
0.899185
2.00296
0.877666
0.856548
1.87779
0.554527
1.01182
0.132228
0.94717
0.812291
0.817478
0.384266
1.61701
0.73711
0.278052
1.4558
0.763108
1.29051
0.94937
3.51199
0.987685
0.679005
1.25311
0.0364204
0.214591
2.25313
0.752191
0.0844386
0.405885
1.07704
2.20901
2.56802
1.26105
0.8889
0.579704
0.3193
1.63854
1.6707
2.31396
1.99654
0.562179
1.3947
0.412319
1.1965
1.05017
1.28745
0.792925
2.68528
2.64315
1.0856
0.480479
0.547288
0.590717
0.484868
0.849932
1.28141
0.494604
0.0974685
1.39686
1.73341
0.418379
0.397541
0.753924
0.234727
0.710173
0.608631
0.386392
3.46627
0.399819
0.33424
0.553303
0.291856
0.637419
0.329663
0.556469
1.60178
1.62784
0.401682
0.0694872
0.636844
0.21447
1.92177
0.87151
1.16622
0.653977
2.4975
2.01321
0.492107
1.04143
0.868926
2.66623
0.939684
0.907148
0.744164
0.232564
1.34247
1.08014
1.52678
0.452602
4.16582
1.41936
0.378431
0.997995
0.54434
0.161497
0.288698
0.448091
0.687301
0.984633
2.0201
1.67975
0.394243
0.606859
1.22615
1.40827
1.44225
1.01955
0.528461
1.25789
1.81409
2.46917
0.202624
0.229965
2.83602
1.09166
0.620322
0.956497
1.14226
1.67577
0.690919
0.180527
0.951609
1.40599
2.01241
2.34839
0.263206
1.92495
2.0868
0.956717
0.577531
1.89898
0.453118
1.37125
0.334179
0.326943
0.290762
1.15412
0.385052
0.926936
0.548817
0.703676
0.941399
2.9406
0.35198
0.194951
3.33298
1.18181
1.65023
0.272524
0.741879
0.905016
0.391876
1.13089
0.93413
0.0908451
1.41579
0.613676
1.0352
1.27653
0.976124
1.00251
1.83119
0.157417
1.05441
0.462262
0.689711
0.767469
0.715049
0.188187
0.472272
1.40235
1.0584
0.449466
1.08093
0.0890314
1.00213
0.654643
1.59001
1.48276
2.40327
0.809319
0.375906
0.453708
0.70893
0.87042
0.362918
1.63448
1.03391
0.238718
1.70685
1.76108
0.833995
0.79222
0.433441
0.077414
0.370035
0.698191
1.98539
1.34354
0.598922
0.610316
0.453154
0.502328
2.30994
1.0765
0.944046
0.484582
0.914727
0.632518
0.0526376
0.152377
0.405473
2.7464
1.54776
0.920452
1.21545
1.65022
0.47778
0.801055
1.27462
0.567451
1.25116
0.443247
0.567834
4.42577
1.10584
0.920192
0.592055
0.658353
1.01221
0.338709
0.180688
1.47278
0.515688
0.47152
0.928029
1.84024
0.481925
2.28213
0.623953
0.672068
0.793017
1.09162
0.572507
0.235415
1.28114
1.56437
1.29856
0.380408
1.78458
0.581787
2.19019
1.33026
0.585006
1.01584
2.39884
0.963638
0.766159
0.405474
1.4741
1.85446
1.31235
0.257276
2.75473
1.11092
0.430068
0.6933
1.04384
1.18216
0.842822
0.931473
2.5305
2.26084
2.0777
0.603855
2.44827
0.638025
0.66281
1.74377
0.743442
1.1446
2.5473
0.502053
0.11805
0.276868
0.305732
0.1282
0.396264
1.7875
0.467354
0.85357
0.343199
0.530953
0.981912
0.496441
0.072607
2.16332
1.35064
0.275367
0.587454
0.711728
0.852819
0.711588
0.329295
1.48855
1.08381
1.92718
0.520342
1.04761
0.799329
1.30903
0.183208
1.26826
0.924852
0.631066
0.579123
1.03049
1.94513
1.70048
2.04374
1.50379
0.363811
0.631172
0.753089
0.523637
1.0129
0.49134
1.8459
0.4632
0.726512
0.202256
2.17218
1.12669
1.40531
0.876522
1.0725
1.07224
1.46514
1.40867
0.395858
0.595925
2.60154
1.60862
1.76316
1.51614
2.90959
0.30211
1.33175
1.16368
0.357028
0.408042
0.369349
1.81296
0.443775
0.623699
2.05284
0.38282
0.262107
0.986585
2.12329
0.148478
1.69889
1.37118
0.256987
0.976028
0.506425
2.39368
0.511852
1.58299
0.142971
0.0336134
0.633029
0.130229
0.29206
1.64994
0.373171
0.800163
0.940481
1.45618
2.5204
2.21604
0.627276
2.34757
1.85808
0.490817
0.818638
0.764561
1.29087
0.600965
1.17809
0.174701
1.47738
0.634287
1.3054
0.331139
0.384968
1.10727
1.38045
0.536762
1.49461
1.87918
1.2106
4.123
1.2188
0.810043
1.595
0.135892
0.504611
2.17883
1.67674
0.822613
0.407613
2.19623
1.88501
0.598459
0.966713
0.55174
0.520083
0.262387
0.516007
0.288336
3.58251
1.08543
0.587858
0.326765
0.841506
0.287964
0.346377
0.487951
0.979186
0.408572
0.108659
1.40415
1.60997
0.631015
0.423551
1.47329
0.450813
1.95971
1.91785
0.229269
0.487519
0.729582
0.124605
0.662253
0.992388
0.42246
0.11577
3.39677
0.855614
0.480991
0.372793
1.35117
0.685427
0.438984
0.981726
0.861614
0.329352
0.695345
1.90211
1.15916
1.13703
1.40763
0.438617
0.854315
0.308775
0.995473
0.314784
0.402072
0.273354
1.27066
0.565059
0.99067
0.497807
0.214371
0.974045
0.405825
1.7097
0.211197
2.47359
0.368291
1.18699
0.9153
0.452625
0.39873
0.822551
0.880603
1.73873
1.50069
0.488775
2.48853
1.53125
2.57745
1.3324
0.817908
0.543986
0.214322
1.43409
0.638958
0.403693
1.49884
0.226193
1.48817
0.296594
0.379985
1.08977
0.937381
0.418969
0.322343
0.340061
0.343749
0.631573
1.55793
0.510338
0.0902093
0.419394
0.883231
1.11229
1.93122
0.77719
1.01363
0.927984
0.301848
1.01693
1.99714
1.368
0.699146
3.50213
1.21883
1.03601
0.450284
0.672068
1.38975
3.31703
1.61483
1.54377
2.86409
1.98277
0.10924
0.557861
1.4737
1.66223
0.31187
0.412427
1.11541
1.25158
1.10663
1.01342
0.601673
0.937813
0.651526
1.38613
0.505796
1.53254
1.33934
0.387496
0.0917704
1.2628
0.403058
0.500154
2.45982
1.35648
1.0289
1.06262
1.20322
0.464912
0.958543
1.37995
0.253832
1.9593
0.565365
0.730443
1.07647
1.79164
1.01935
1.19861
1.9919
1.04905
3.02753
0.50466
1.86194
0.276901
1.67025
0.987323
0.643346
1.96112
1.689
0.865441
0.479905
1.87259
0.61185
1.29327
0.622182
0.827587
0.586393
0.104083
0.738094
0.888605
0.0370923
0.493943
0.33878
1.07126
1.36602
1.11506
1.6278
1.29109
0.4805
0.604724
0.779625
1.35712
0.286472
3.10379
0.761684
1.12496
1.05896
2.6698
2.93027
0.764139
0.775756
0.620047
0.728234
1.34893
2.17381
0.716679
0.995319
0.629525
0.284111
1.12913
0.434807
0.53214
0.919825
0.359387
0.312089
0.409575
0.587554
2.64165
1.47876
0.820123
0.126483
0.719965
0.311109
0.7513
0.538016
0.512158
2.85714
0.426116
1.0768
1.63642
0.437132
0.950175
1.83704
0.474956
1.15787
0.172401
1.3106
0.497144
1.07386
0.562908
1.28985
1.53041
0.0853971
2.08482
0.646069
0.814984
1.05011
0.253147
1.38897
1.47574
0.442627
0.551409
2.44657
0.664094
0.333214
0.0905949
1.03347
1.54134
0.730593
0.565572
2.80269
0.950193
0.533676
1.16953
0.378437
0.213783
1.35024
0.462435
0.566528
0.719537
0.385918
1.31041
1.46754
1.44874
2.08236
0.906077
2.33529
0.0776947
0.349255
1.32677
2.81723
0.576119
1.91541
0.891793
1.32023
1.67187
0.345698
0.882131
2.28145
0.456408
0.98741
0.743317
0.311091
1.06812
1.01183
1.41503
2.10803
0.62722
0.591992
0.306155
2.38333
0.234351
0.857511
0.158887
0.233905
1.21578
0.181222
0.85636
2.46215
0.434506
0.449803
0.232067
0.833436
1.49012
0.593045
0.736069
1.3747
0.933325
1.25843
0.733475
0.678338
1.02512
0.194401
0.646695
1.77355
2.11351
0.435027
0.554049
0.480818
0.123958
2.91821
2.31278
0.14773
0.459832
0.361213
0.206373
0.418892
1.17098
1.07576
0.210747
1.51727
0.690287
0.960524
2.59506
0.910049
0.299468
0.499723
1.56374
0.590194
2.44872
0.744927
0.821443
0.863228
1.29188
0.609275
0.783662
0.669001
1.45948
0.998644
1.12732
0.629524
1.15552
0.580775
0.231515
1.7828
0.754418
0.702503
0.32765
0.696005
0.500402
0.872786
0.18088
1.40827
1.35436
0.334558
1.47763
0.559658
2.34082
0.208428
1.30018
1.1656
0.774687
0.96194
1.26233
0.250718
0.173159
0.730015
0.808662
0.398977
0.335311
0.411083
0.833801
0.319036
0.774452
0.955493
0.839353
0.633898
0.471434
0.222445
1.34455
0.492281
2.13854
1.24559
0.106962
0.247293
2.3521
0.296513
0.546172
1.0138
0.217824
0.453844
0.5892
1.08519
1.12642
0.700447
0.593653
0.430191
1.36456
1.2621
2.64021
0.617703
2.17653
1.34948
1.05393
1.2191
0.900742
1.90847
1.37667
1.41845
1.06234
0.416096
1.23828
1.7317
0.566886
0.120689
1.58099
2.76591
2.2111
0.255733
0.595879
1.06228
1.58977
0.753199
1.9088
1.44986
0.801755
0.87458
1.93791
0.772514
0.80866
0.870612
0.413566
0.679437
0.351154
2.33806
0.357935
0.718306
1.61808
0.666866
0.976912
3.01715
0.74298
0.56135
1.00004
2.55951
0.373962
1.37518
2.59571
1.53071
0.692619
1.07491
1.29136
0.287718
1.68951
0.252418
0.240343
1.49819
0.41221
0.43934
0.530404
0.38434
0.876075
1.37518
0.527842
1.37068
0.494662
0.898163
1.01971
0.826387
1.5688
0.785264
0.278874
0.404655
0.34022
0.0747248
2.07286
0.43369
0.609441
1.27443
2.28033
1.19611
0.846151
4.13886
0.970742
1.68055
1.20872
0.982083
0.909024
1.68283
1.52523
0.485349
1.34925
2.12793
0.844947
0.662954
0.589044
0.651358
1.40473
0.569888
0.22133
0.315276
0.986324
1.03318
0.879391
1.29024
0.520189
1.01026
0.477074
0.412992
0.400701
0.842978
0.698407
1.0676
3.99047
0.137594
0.852138
0.485563
0.903486
2.16549
0.988836
1.14457
0.467099
0.0960471
2.52707
1.47187
0.629988
1.19889
1.13787
1.98294
0.109267
0.52489
1.36598
0.459639
1.29535
0.47357
1.16232
0.2408
3.6183
1.48077
1.29797
0.541019
1.84057
1.30824
0.848119
0.75798
0.882323
1.55226
0.24472
0.799266
1.20122
0.602379
0.392774
0.440667
0.539382
0.560328
1.69744
1.36589
0.775754
0.344106
0.241337
3.12714
0.205367
0.684866
1.84027
0.410268
0.507549
1.81919
0.479477
1.24548
0.407697
0.247753
2.47531
0.319497
1.00784
0.610565
1.86789
1.48955
0.410746
0.903806
0.62158
0.460537
1.88152
0.381482
1.18826
3.17309
1.33837
0.158324
0.0588605
0.979909
0.518864
1.32138
2.09341
3.60715
2.36738
0.0214733
3.05653
0.117219
0.528391
0.337037
0.708372
1.3774
0.852882
0.847051
0.669016
0.475904
1.66491
1.23091
0.967846
1.29656
1.71365
0.668276
0.0771447
0.311635
0.492277
0.310763
1.6459
0.788234
0.946867
0.437979
0.0907086
0.940231
2.80672
0.529989
0.444035
0.595185
1.20102
1.35446
0.667026
0.412643
0.10861
1.56937
1.08875
1.65701
0.721356
1.86502
0.846041
0.364328
1.99103
0.718914
0.817655
1.84368
1.52111
1.76034
0.679813
0.967712
0.571133
1.28192
2.64545
1.27645
0.403096
1.21321
1.28488
0.520074
0.455965
0.714391
0.148581
0.322534
1.55665
1.03064
0.350128
1.88409
1.49344
0.502635
0.631724
0.136032
0.950486
1.05269
0.686518
0.234866
0.762487
0.337542
2.30317
1.50887
2.40409
1.29287
2.94594
0.435424
2.20699
0.434239
0.978317
0.489996
0.990564
0.526551
0.530574
0.229935
0.365874
0.235675
1.04294
1.99491
1.61363
0.848806
1.69434
0.692314
0.554995
0.245505
1.20429
0.424961
0.391414
0.827023
0.895102
2.68457
0.156668
1.68781
1.16311
1.95364
0.734509
0.371381
1.43176
0.2846
0.602111
0.268315
1.05983
0.601528
0.425922
0.325385
0.930859
0.963953
1.77037
1.57674
2.81915
1.2444
1.38588
4.34019
0.948743
0.901757
1.69073
0.224113
0.73714
0.190708
0.359404
0.153188
0.296444
1.73914
0.286832
0.321329
1.23312
0.298203
0.835626
1.03725
1.4467
1.11556
1.4035
1.72213
0.607698
1.59523
0.354313
0.325913
0.976586
0.793123
0.351874
1.05661
0.542706
0.110809
1.62128
0.0749931
0.447634
0.587068
0.128397
1.76982
0.637455
1.85599
2.74545
0.518011
0.832407
0.544331
1.90226
1.0083
0.319641
1.51899
0.960755
0.753691
0.64001
0.888573
0.337639
0.54646
0.669975
0.422121
0.9859
0.630692
0.0501436
0.992965
0.915915
0.265293
0.128522
0.824264
0.645755
0.373408
0.906503
1.15839
0.494802
0.487112
0.326095
0.769868
0.625686
1.15898
1.2873
0.5137
0.801141
1.18036
0.51381
1.14234
0.956066
1.15504
0.903242
1.38098
1.04529
0.63921
1.27989
2.21742
1.59539
0.413823
1.85751
1.25832
1.35323
1.90417
1.02831
0.446957
1.27988
1.59042
2.47357
1.2016
2.11096
2.7081
0.725087
0.299345
0.396483
0.249321
1.12149
0.823023
0.535482
0.795982
0.659341
2.04306
0.556409
0.595215
1.51281
0.73977
1.31148
0.359038
0.151824
0.353469
1.47299
1.2696
1.75735
1.8536
1.08584
0.962172
1.55045
0.069674
0.470882
2.53032
0.622357
0.838116
1.66107
2.03671
1.9672
0.0477842
0.593237
0.887321
1.78489
0.972693
0.371228
1.65197
2.70838
0.451241
0.879576
2.39951
1.71033
0.236768
0.922648
0.608069
0.621461
0.339879
1.07209
2.18167
1.40178
0.502603
2.24616
0.639286
0.880375
0.813508
0.406619
1.82962
1.32265
0.694043
1.62593
0.760292
0.0912994
1.68244
2.14738
0.131031
0.803078
1.62553
0.385072
0.101019
2.35608
0.720546
0.483084
0.90993
1.87447
0.32798
0.732932
0.720323
1.1373
1.18362
0.755044
0.473459
1.56096
1.65029
0.330961
0.64844
1.25299
0.423614
0.814036
0.742074
1.40256
1.25234
0.881682
0.99296
1.37406
0.459892
0.878159
0.857073
0.592242
2.02557
1.29547
0.48537
1.99795
0.510753
0.143346
1.58404
0.666523
1.5226
1.71513
0.830939
0.255938
0.582916
0.902385
0.678383
0.354479
0.159403
0.943232
1.81482
1.76284
1.80447
0.560923
1.57597
2.85688
3.12373
0.910841
1.49356
0.628662
1.04065
0.888777
2.40877
0.721657
0.725801
2.47579
0.597529
2.03045
1.52246
1.58832
0.437826
1.28595
0.570381
1.26868
2.62357
1.39919
0.903901
0.62651
1.77706
0.828235
1.06564
0.458114
0.431239
0.463902
0.211915
0.379777
1.12452
0.383277
0.740142
0.674308
2.45518
0.549697
0.943692
1.16394
1.00134
0.258649
0.144568
2.48053
1.13641
0.139349
0.383836
1.56475
0.517518
0.387643
0.0990312
1.13292
1.10205
0.972383
1.60793
0.356605
1.77158
0.204812
0.326715
1.35238
0.323372
3.17306
0.3142
0.50733
0.648759
4.52744
1.64493
2.20514
0.371199
1.43123
0.0599384
2.50768
1.14583
1.00377
0.859538
0.232313
0.85583
2.3964
1.55699
0.671705
1.79938
2.43874
0.29608
0.69692
1.54126
1.66366
0.420817
0.80868
1.39845
3.23576
0.976637
0.495349
2.31399
0.353637
1.01411
1.07605
0.543653
0.529405
0.854041
0.73312
0.0401479
0.249693
1.04683
0.00305847
0.558509
0.618389
0.119029
3.18156
0.412394
0.150054
1.34043
1.09847
1.09114
0.314394
0.422568
1.36034
0.255264
0.382888
1.09389
0.462047
0.473565
1.37053
1.67746
1.0109
1.52898
0.754558
0.832183
0.366695
2.68979
0.573616
1.09389
0.935329
0.746977
0.491182
0.227941
0.226329
0.396401
0.820611
0.376812
1.23978
0.376087
0.606546
0.943184
2.73745
1.05021
0.40542
2.54311
2.76561
1.53414
0.0898925
0.70465
0.506709
0.738798
0.282851
0.527306
0.846576
3.30382
0.531778
0.381456
0.658199
0.458066
1.8059
1.23095
0.294219
1.83152
0.591592
0.824479
1.64773
1.5468
1.06841
1.14232
0.596526
0.333356
1.0805
0.562468
2.52967
0.324953
1.57841
0.949853
0.187411
0.971237
0.341179
0.308698
0.221682
0.525923
1.73442
0.679973
0.446202
0.671319
1.26486
3.12247
1.14749
0.605604
0.418658
1.1001
0.812136
0.468994
0.633779
1.15121
2.10543
3.95417
0.495183
0.330637
0.461846
0.891271
1.44423
1.55099
0.091625
1.03084
0.393904
0.693063
0.592666
0.579393
0.640377
0.719432
1.45267
0.416674
1.64374
0.208976
3.40342
0.924421
0.477161
2.04261
0.619769
1.94688
0.570429
0.35402
0.101268
1.44398
1.11146
0.406489
0.247219
0.10155
0.317822
0.821656
3.33263
0.737135
2.1976
1.47096
1.11777
0.267328
0.66878
0.765683
1.18014
0.655583
0.584847
1.51202
0.113958
0.490363
1.30728
0.65219
0.764959
1.33534
1.12492
2.35795
1.08828
4.15198
0.707719
0.630744
0.884742
1.26237
0.878587
0.537008
1.3621
0.743849
1.85796
1.13766
0.562653
0.347754
0.668029
0.692141
0.997336
0.160903
0.530084
0.892147
0.409635
1.31736
1.44311
0.862546
1.31483
2.69098
0.759843
0.353935
0.802744
1.01096
0.660267
0.0980599
2.74902
1.07705
0.163719
0.33643
0.68779
0.858386
0.548765
0.600238
0.664492
0.627361
1.45304
0.308881
1.98725
0.504087
0.762773
1.37274
0.085558
2.22587
0.276534
0.955329
0.340035
0.186567
0.0952411
1.33951
3.04458
0.23511
0.92306
0.192441
0.807639
2.43583
0.244056
0.948121
0.456802
0.636884
0.279013
2.67473
2.42347
0.950065
0.746067
1.66707
1.49796
0.41214
0.869658
1.58543
3.56231
0.264264
0.91022
1.06216
0.448343
1.72262
2.21199
0.827381
0.40078
1.3428
2.11696
0.170625
0.427654
0.697446
0.433504
0.612269
0.505294
1.42821
1.46119
0.809112
0.974941
0.489669
1.31666
0.819933
0.599494
0.148833
1.31267
0.529401
0.305726
0.678064
1.61759
2.33924
0.228334
0.467545
0.231159
0.54984
1.26382
0.147258
0.987735
0.204588
0.876557
0.0292918
0.348137
0.856508
0.449948
0.151859
0.599965
1.23899
1.04531
2.36184
1.2081
0.773885
0.606928
1.46353
0.629854
3.52804
0.969183
1.76445
2.11393
0.545818
0.974404
0.66794
1.04645
0.773991
0.369997
0.998292
0.95635
0.544688
0.631523
0.671348
1.92891
1.82525
0.510476
2.29561
0.333636
0.380616
0.982023
1.02861
0.371371
0.772793
0.239061
0.323675
0.697482
0.569957
0.244962
1.86267
0.51797
0.436999
0.450491
1.28852
0.70292
1.52712
0.66074
0.486263
0.301114
0.396146
3.03647
0.349561
0.357388
0.701672
0.761969
1.98704
1.30833
1.17456
0.497273
0.537764
1.30169
0.781936
2.67154
4.81019
3.43909
0.997402
0.541882
1.04104
0.34976
0.368104
0.603001
0.322028
0.239909
0.925769
0.831223
1.38035
0.182012
1.95977
0.238197
1.59889
1.0841
0.479934
0.801388
0.702092
0.585832
1.07088
0.724657
0.674409
0.593096
0.785701
0.36894
0.262857
0.506933
0.785147
1.043
0.779096
1.39195
0.218662
1.70879
0.827412
0.812845
0.58888
0.788139
1.36053
0.601298
0.896616
0.326586
1.43076
1.65839
0.3138
1.03941
0.855531
0.501173
1.51
1.76391
0.202287
0.810092
0.0974824
0.557133
0.327006
0.896113
0.937908
2.20007
1.37751
1.14721
0.517374
2.27103
1.6806
0.284189
0.883811
0.62171
0.631912
0.0740301
0.403733
0.157199
1.16602
0.360439
1.2341
1.48145
0.337633
0.302765
2.20572
0.531071
2.7356
0.386109
0.300207
0.24298
1.45467
1.85817
0.577321
0.221255
0.725948
1.5227
1.84276
1.28329
0.887345
0.116063
0.80979
0.823365
0.155251
1.09931
2.29286
1.27432
0.71151
0.432281
1.16954
0.676788
1.41188
1.06841
0.287242
1.69219
0.869873
1.13129
7.06604
2.7545
0.551815
3.82424
1.6552
1.52281
0.23628
0.255447
0.400461
1.87329
0.170848
2.11516
0.856348
0.218006
0.283942
0.216257
0.114436
0.596414
0.562055
1.36904
0.310082
0.629045
0.613014
1.50894
0.962838
0.663571
0.955964
0.138823
1.42622
0.749854
1.26568
1.25183
1.01117
0.527421
3.2773
1.10995
1.74989
0.996989
0.25964
1.43277
0.278478
2.20817
0.64237
1.04821
0.733495
0.640835
0.265469
1.13562
0.979227
0.961591
1.2888
0.688954
1.16676
2.21706
0.897644
0.868485
0.541223
1.43141
0.623742
0.278318
0.150919
0.587521
1.71292
1.13679
0.217928
0.736822
0.787691
1.31274
0.444122
0.206662
0.935888
1.44724
0.566433
0.943164
0.309685
0.167196
0.677318
0.592007
1.77837
1.04993
0.751152
1.92156
0.999941
1.39737
2.35337
0.274393
0.38781
2.51126
2.20591
0.471
0.318396
0.813881
1.19437
1.67184
2.14681
1.74127
0.168994
0.572344
1.4858
2.7901
1.66471
0.985636
1.36482
0.725502
0.573902
0.518739
1.0356
1.65456
0.0870717
0.853882
2.57141
1.38734
0.682272
1.40416
0.346601
0.229717
0.138139
0.608785
0.914551
1.85202
1.19023
1.49513
0.78392
0.572513
0.759706
1.0871
0.843027
0.680072
0.0913294
1.46068
1.64311
1.60442
0.1885
0.973598
0.356738
0.280882
1.31509
1.12652
0.731899
0.317107
0.180347
0.616466
0.114402
0.556974
0.863447
0.369532
1.0537
0.404895
2.00501
0.737069
0.950939
1.70628
0.905788
1.13193
0.445221
0.566737
0.281821
0.441022
1.04473
0.989576
0.574292
0.525124
0.429898
1.16506
0.973414
2.86713
1.03878
1.48519
2.07735
1.31926
0.35501
0.879581
1.7868
0.935281
4.39477
0.437589
1.10011
0.81592
2.14386
0.633889
3.73272
1.5727
1.38445
1.64962
2.68413
0.201748
0.174059
0.0490379
1.08555
1.00771
1.47565
0.146502
0.337665
0.631329
2.50066
0.628217
1.35373
0.660001
2.42691
1.40256
1.96185
1.46085
0.562198
0.41403
2.05802
1.32725
0.813544
1.54107
0.381952
0.364804
0.805824
0.386282
0.860635
1.26458
2.96157
1.02841
0.507353
0.664876
1.42701
0.444664
2.29222
1.85469
0.818116
2.13825
2.25468
0.663258
0.331168
2.07857
1.2658
1.78695
0.755742
1.35965
0.706507
0.915414
0.227591
0.969399
1.38502
0.456703
3.05183
0.960671
1.10609
0.221622
1.62617
0.526693
1.90748
0.536434
0.917068
0.0830648
0.705926
3.39199
0.790399
1.29604
0.802198
0.848455
0.772249
0.735198
1.37554
0.797969
0.466265
1.40785
0.707725
0.288152
0.634136
0.56073
1.20234
0.891336
0.509126
0.203682
1.13872
1.51215
1.64503
0.204491
0.200052
1.43319
1.31532
1.57617
0.986883
0.643364
0.26896
0.780764
1.21957
0.582456
2.22943
0.768041
0.579938
0.672827
1.15577
0.803697
1.5083
1.68464
0.165079
0.305884
1.61707
0.821564
3.56385
1.79332
0.170105
1.4283
0.773141
1.73932
1.05536
1.67956
1.10681
0.596134
1.28707
0.682054
2.02306
0.939925
2.10724
1.70533
0.870355
1.00754
2.56458
1.54162
0.0901593
0.435801
0.112478
0.697565
0.682479
1.32871
0.428255
1.2122
1.10602
0.968194
0.486061
0.737532
2.25111
2.20276
0.335668
0.741049
2.4014
0.540832
1.58376
1.09724
0.76935
0.285818
1.71387
0.258291
0.684555
0.379955
3.34657
0.56215
0.968093
0.49832
1.43623
1.32319
3.11225
1.0227
3.34121
2.18499
1.81218
1.19439
0.697289
3.19638
1.065
1.27417
2.21131
0.547535
1.77089
0.984409
1.22913
0.734296
2.74842
1.95686
0.28199
2.27456
0.461601
0.530366
0.979703
1.7264
2.88555
1.37901
1.072
0.23841
0.474446
1.58515
0.955912
0.655828
0.792017
0.618195
1.12306
1.05876
3.9348
0.357418
0.148553
1.07378
0.764011
0.997626
1.14887
0.852275
1.56293
0.228705
1.64165
1.67187
0.471936
0.72223
1.12771
0.409598
1.21732
0.808059
0.384535
0.245558
0.655032
1.14029
2.05023
0.105415
0.113693
0.433024
1.40673
0.755894
1.64247
0.711145
2.03761
0.812226
1.13827
3.35108
0.230827
0.271184
0.810452
0.672497
0.523084
0.606959
0.62361
1.15246
1.05513
0.197087
0.270109
0.422528
0.451605
0.652023
3.35263
0.910726
0.87231
1.39744
0.937008
0.334796
0.459163
0.449228
0.6493
1.09428
0.546706
1.81019
0.535427
0.834526
0.165248
1.76039
0.0534991
0.452476
0.174275
0.918648
0.295331
1.41173
0.483577
0.429452
1.0632
1.17232
1.46182
0.191075
0.759313
0.942455
0.517372
0.251755
1.51426
1.30939
0.773509
0.523315
1.81257
0.386947
1.17047
0.443882
1.9323
0.346161
0.855957
1.12529
0.693939
1.64894
0.844728
0.887948
0.866165
0.551989
1.92232
0.262357
0.443998
0.35224
1.63662
0.14641
0.264751
0.171426
0.135406
0.818
1.55546
0.954846
1.58644
1.10435
2.37734
0.244549
0.275144
0.816795
0.148129
0.748515
0.7729
0.437729
1.62726
0.24087
1.62609
2.72088
2.01257
1.13625
0.40451
1.82067
0.159173
2.01906
0.519657
0.987911
1.04837
1.34482
0.552769
2.2146
1.77763
0.724603
1.169
0.284782
1.44681
1.41856
0.207235
1.60543
0.597449
0.334888
0.912434
0.776767
0.338366
0.795407
0.919366
0.105151
0.645938
2.23801
0.24836
0.525797
0.729905
1.89222
1.62061
1.93463
0.408109
1.3927
0.307117
2.61019
0.19947
0.686999
2.39434
2.70267
0.378129
0.635689
0.246962
1.60474
0.407212
1.16639
0.738989
1.86212
0.533533
1.14338
2.63237
0.711522
1.22857
2.58534
4.41452
0.432243
0.720233
0.327441
0.835831
0.537265
0.868864
0.899367
0.0598533
1.9816
0.671059
1.179
0.180746
0.706886
0.530372
1.2019
0.474181
0.354492
2.71264
0.554698
0.469643
0.889462
0.505583
0.0910029
1.00032
0.591473
0.636284
2.85812
0.327477
0.574829
0.314136
1.24588
1.17415
0.500184
1.09727
1.36723
0.744727
0.901883
2.41848
0.637167
0.915658
0.602558
1.28882
0.366548
1.53656
1.40651
2.33639
0.105232
2.06126
1.03657
1.18326
1.12561
0.895981
0.916872
1.5647
0.469153
0.419716
1.07389
0.810008
0.827539
2.07151
0.378524
0.926116
0.225548
0.678345
1.14294
0.668402
0.987756
0.943513
0.818146
0.457346
0.415684
0.207577
2.35235
0.713396
0.431331
0.565456
0.944517
0.632743
1.13678
0.792094
1.58336
3.79676
0.441566
0.541767
0.591094
0.0678796
1.31336
1.08239
0.334594
1.01275
1.4716
1.48698
1.28889
0.557341
1.98551
0.772886
1.1593
1.07137
0.555112
1.15777
0.812248
1.41494
0.164564
0.604026
0.324941
0.341584
0.725989
0.317404
0.690603
0.830156
1.39109
1.8854
0.674566
0.675196
0.851669
0.41625
0.324593
0.738229
1.46848
3.41856
1.0382
1.36738
0.654226
0.620029
1.43613
0.147108
0.493497
1.1622
0.703113
0.936712
1.94957
0.517843
1.48894
1.12197
0.179061
1.24593
2.12517
0.554251
0.884328
0.173024
1.24681
2.19782
0.723198
0.5622
1.45049
0.24426
1.21682
1.55186
0.726154
0.283526
0.836486
1.31498
1.30923
0.657769
1.43996
1.53694
0.661337
0.831648
1.26407
0.118363
1.3315
1.2897
0.436535
1.22493
0.341868
0.436443
2.08346
2.28697
0.214258
0.457068
0.651963
0.622988
0.557065
0.262395
2.0555
0.580511
1.46824
1.93232
0.251943
1.95918
0.249927
0.444913
0.543656
1.58389
0.079028
1.17292
1.53406
2.22962
1.45555
0.458432
0.595689
1.07328
1.72583
0.400508
0.177139
0.5796
0.698366
0.537068
1.1977
1.26758
1.22722
0.88354
0.351287
1.91689
1.55504
0.707089
0.387379
1.16025
1.65699
0.236205
1.40746
0.4651
0.732934
2.48035
1.04037
1.23848
3.54121
0.803033
1.87111
0.332222
0.67074
0.715609
0.219486
0.0612975
0.490995
0.759371
2.11334
0.868628
1.68193
0.627936
2.38961
1.14542
0.524861
0.65208
2.12551
2.86456
0.8251
0.508592
0.813869
1.12667
1.65996
1.59388
0.205193
1.25045
0.395433
1.43424
0.60712
0.979592
0.561752
0.179091
1.38856
1.71857
0.171928
0.387255
0.21819
0.320899
4.02317
0.213527
0.411192
0.24179
1.45838
2.05428
1.14404
0.765247
1.30021
1.19341
2.05614
1.43672
0.540481
1.13851
0.107897
0.133125
0.520205
2.00875
0.595767
0.392641
1.43548
1.32667
1.5283
0.313627
0.108559
1.79779
0.661726
0.170452
0.59263
0.55478
1.46723
1.73672
2.13524
0.32369
0.583178
1.28861
0.820412
1.19172
1.05093
0.861826
0.435315
1.46305
0.397539
1.3199
1.67129
0.764125
0.883369
1.80242
1.58226
0.097515
0.119323
1.60294
1.2003
1.2623
0.667169
0.622953
0.276649
0.591532
2.14776
0.678125
1.36206
1.21588
0.333073
0.932996
0.839272
0.53502
0.877627
1.10866
0.410069
0.8276
1.59858
0.346455
3.53507
0.660435
1.22962
0.253553
1.5636
1.70142
0.459579
0.377172
1.31512
0.316958
3.66415
0.231463
0.710671
2.61169
0.74081
1.24958
0.679382
1.17078
0.51822
1.28363
2.16958
0.704434
4.32525
1.51024
0.47388
1.04896
0.825027
0.0755854
2.36073
2.73809
1.10659
0.904305
1.08582
0.891273
0.869096
0.579039
2.94655
0.854695
1.30429
0.599744
1.59294
1.10544
3.1138
0.361276
0.476
0.98255
0.982239
0.228044
0.568472
0.25086
1.00153
0.611507
0.051808
3.01259
0.352442
0.444695
1.95633
0.909114
1.18367
1.48973
3.96969
0.0740208
0.449811
1.33964
1.54391
0.641445
0.901996
1.42851
0.541296
0.58751
0.768051
3.03775
1.78346
2.18895
0.918556
0.829634
0.192448
0.859793
0.763929
1.92836
0.690941
1.71939
0.0558017
0.932119
0.454864
2.32133
0.303408
0.189174
0.957399
0.453264
0.764285
1.13235
0.5535
1.44176
1.5051
0.16454
1.44718
0.877463
1.11304
0.446822
0.876566
0.544323
1.58868
0.930808
0.145115
0.593448
0.273872
1.80619
1.74213
1.6077
1.71202
0.816362
1.547
3.26129
0.589904
0.93875
1.15809
1.07236
1.57606
0.397777
1.48318
0.391223
1.48684
0.312306
2.14453
0.856147
2.09722
0.79191
1.14793
0.908889
0.791959
0.361913
1.52141
0.583917
1.68043
1.29413
0.0870014
0.249053
1.45988
2.57121
1.62428
1.34097
0.758262
0.43486
0.069026
0.816918
1.98823
4.38984
1.1807
0.0856267
1.81831
0.519254
2.33377
0.989137
0.221142
0.410434
2.20414
0.910046
1.76723
1.15723
0.464445
1.07515
0.386065
0.666128
1.36449
0.354761
1.48504
0.579579
0.950597
1.35136
0.874996
0.417221
1.27768
0.689196
0.783262
1.26341
1.35442
3.05372
0.483637
0.852389
2.64028
0.532409
1.51097
2.61358
0.400553
2.08425
2.7778
2.77934
0.550593
1.94545
0.4915
1.44424
0.742414
1.11459
1.42682
0.684034
2.04492
0.401416
1.07493
0.376044
0.772999
0.403221
1.51658
1.2179
1.72115
0.415118
0.232731
1.34482
0.809507
0.32428
0.714731
0.61904
1.12438
1.60373
0.315287
0.790917
1.12293
2.16022
0.723365
1.20435
0.836363
1.40124
1.08096
1.2648
0.32152
0.412318
0.544931
0.434771
0.536327
0.680526
0.234927
0.691115
0.119639
0.936582
0.654771
0.818985
2.12293
1.1233
0.504763
2.18371
1.1132
1.52055
2.15988
1.03156
0.956331
1.20523
2.04214
0.821978
0.812732
1.87985
0.886943
0.442892
0.726759
1.16027
0.155424
1.01392
2.99558
1.65343
1.38546
1.24367
1.13168
0.545425
2.36557
0.462266
0.368215
0.796956
0.647515
0.702069
0.196719
2.05763
0.849885
0.335649
0.304171
0.297142
0.519122
1.41375
0.215831
1.50358
0.776953
0.69351
0.860896
1.71451
0.913751
1.00382
0.485928
0.674693
0.597399
1.7384
0.84866
2.99271
1.42787
0.416844
0.621406
0.573986
0.645958
0.830836
0.156423
1.42594
0.226858
0.386666
1.83076
0.263221
0.702402
0.0538451
0.786133
1.02677
0.16294
0.192019
2.60253
1.50133
0.137743
0.765641
0.166508
0.926358
0.276985
2.09888
1.00109
0.354619
0.7713
0.926529
0.772911
0.888936
1.19877
1.59219
0.777667
0.173002
1.69722
0.421937
0.761019
1.18494
1.04141
0.42706
0.465749
0.237313
0.713321
1.74235
0.946618
1.2248
0.134744
0.809172
0.112771
0.727641
1.40668
1.65313
0.447645
0.79822
0.499083
0.819729
0.737149
0.64971
0.642312
1.40531
0.797435
0.683256
0.195194
0.950921
2.30731
1.61484
1.00093
0.754927
1.47529
1.0073
0.675873
0.910554
0.994868
0.71228
1.35563
0.0852361
0.621571
1.34086
1.22443
1.81401
0.578302
0.0887413
0.65499
1.42156
0.756551
0.957033
0.720581
1.07291
0.506837
0.654135
0.347533
0.952451
0.667547
0.861702
0.153025
1.13771
2.17228
0.262961
0.546461
0.608323
1.55462
1.58707
0.604409
0.0637923
1.32164
0.529032
0.913364
1.50149
1.57155
0.767973
2.4064
1.46531
0.410212
1.28987
1.15103
0.190855
0.589692
0.73773
1.41395
0.321309
0.367438
0.433204
1.19708
0.356034
1.00603
0.67136
0.615159
0.610252
1.17602
1.04848
0.811463
0.981914
0.412296
0.914026
1.14069
1.31567
0.749766
1.60171
1.50115
0.68692
0.371168
1.11923
0.346925
1.50994
1.65132
0.869487
0.997215
0.517495
1.6014
0.957208
0.543659
0.464839
0.344887
1.03315
0.945043
0.35444
0.797656
0.780462
1.05495
0.823451
1.58782
0.20549
2.08872
1.54958
0.274189
2.14575
0.924184
1.28014
0.283384
0.519402
1.20649
0.19507
1.26022
0.424536
0.511753
1.33711
0.738904
0.708814
2.09962
0.717228
0.323424
2.46019
2.93452
0.993775
1.18299
1.28367
0.919045
1.43791
2.55092
1.25702
0.988655
0.652534
2.35524
0.26034
0.278989
0.494555
0.412382
0.464546
1.09584
0.547715
0.995128
1.88777
0.85311
0.276692
4.39546
1.27529
1.56688
0.931192
0.322398
0.469613
1.42541
1.16157
0.78468
0.229523
1.16746
0.119712
0.973479
1.94035
0.470853
1.46147
1.6753
1.97094
2.64078
0.92798
2.09524
0.572332
1.32706
0.421295
0.870628
1.42598
2.03358
0.708906
0.828371
0.640088
1.155
1.32831
0.752221
0.307441
0.686061
1.31292
0.607269
1.85341
1.98353
0.346393
0.465802
0.845541
0.386111
0.0785704
2.13611
0.455294
0.148844
1.4062
0.847661
1.84735
0.469545
1.4134
0.730388
0.359998
1.23802
2.21201
0.508624
0.511104
1.11744
0.857363
0.60835
0.194931
0.450288
0.356526
1.29411
1.2736
1.86221
0.24079
0.27598
0.592888
0.220255
0.784607
2.06182
0.273011
0.471857
1.93441
1.9575
1.40881
0.719271
0.737348
2.33512
2.29686
0.584475
0.356975
0.856053
1.01572
0.528898
0.921074
1.32081
0.270799
1.6259
0.194294
1.47719
0.5785
0.45168
1.70786
0.543741
0.220451
2.02353
0.0240984
0.971906
1.12377
1.46448
0.317283
0.583773
2.2182
1.14193
1.79035
0.246894
1.2078
0.595424
0.243241
0.422649
0.487407
2.46832
1.25459
1.42261
0.694514
0.559558
1.37549
0.164092
0.598105
0.531159
2.25621
0.959334
0.461991
0.30108
1.04156
1.91236
1.85871
1.58055
0.600416
2.01551
0.86146
0.132771
1.26758
0.80824
1.77813
1.49287
1.76654
0.589974
1.23887
0.563199
2.33754
1.22659
1.34333
0.969881
0.619306
0.70318
0.724126
0.311532
2.64827
0.554812
2.09163
0.0791144
0.162896
2.05093
0.738786
1.03294
0.988092
0.735969
0.448891
0.195058
0.628074
0.412968
0.87409
2.78892
3.38661
0.310978
0.102548
0.605658
0.244473
0.513449
1.12074
0.778791
0.766664
0.772205
0.924869
0.253257
0.32253
1.29145
0.812405
0.500061
1.10066
0.681688
0.643711
0.475081
0.704957
0.233394
0.196792
0.8006
0.611477
0.481177
0.153317
1.04347
1.57638
0.470149
0.752151
0.540538
1.08633
0.828336
2.00774
0.679258
1.43608
1.46083
0.436278
1.18259
0.207725
0.293082
1.52847
1.45403
1.44265
0.332039
2.05518
0.260554
3.21394
0.363368
1.25551
0.514266
0.0488745
0.234267
1.82562
1.22811
1.02653
1.29945
0.561111
0.0184734
0.310671
1.78439
0.108707
0.287674
1.15851
2.45507
0.851614
1.24852
0.288807
0.650992
0.12191
0.341808
0.680108
1.46157
0.720533
0.427385
0.170076
0.304994
0.347919
2.37379
0.0592598
0.617987
1.24041
0.487219
2.17863
1.59903
0.863521
1.76503
0.907713
1.05314
0.95071
0.597133
0.672508
1.66047
0.333247
0.968666
0.971665
0.261472
0.565352
0.0515288
0.508574
0.308145
0.481971
0.664255
1.26901
0.377556
0.289235
0.125655
0.432153
0.316047
0.680643
0.1375
0.15169
0.395435
0.791554
0.738711
2.70501
0.871179
0.484886
0.515487
0.370727
0.566965
0.831911
1.75411
2.96938
0.532881
0.966705
1.34167
2.20149
3.26958
0.134711
0.863775
1.34058
2.04632
0.774713
0.182876
0.555294
0.457359
0.731526
1.12198
0.59074
1.76372
0.217053
1.18684
1.73059
2.25043
0.580642
1.75598
0.661385
0.58781
0.434347
2.24535
1.90152
1.07931
0.307946
1.78898
1.03259
1.08874
0.661974
1.72368
0.298614
0.165022
0.774328
0.612722
1.94279
0.581263
0.628361
1.08483
1.23045
0.451052
0.375861
1.45916
2.10046
0.417369
0.427537
1.13438
1.15435
1.21284
0.468303
1.09794
0.27321
0.78848
0.553852
2.7462
1.58684
1.79299
0.675246
1.23304
0.998691
0.750979
0.48413
0.571131
1.34556
2.35228
0.706481
0.319316
0.28797
0.685814
1.2849
0.751248
0.505548
0.846838
0.784802
1.23379
1.47563
1.37701
1.67397
1.1315
1.75524
0.324247
0.56157
0.655465
0.0833218
1.49712
0.567255
0.719815
2.37029
0.785205
0.315549
0.465844
2.51266
1.63968
1.27409
2.43891
0.817371
0.742573
0.69898
0.407859
1.68428
0.480487
1.19631
0.736502
0.543016
1.54959
0.453929
1.37726
1.7775
0.50136
1.36654
0.415074
0.544944
0.298222
0.815182
0.169257
2.70047
0.843689
0.195924
0.98725
0.290028
0.556851
0.379049
1.40779
0.429961
0.753825
0.422699
0.879186
0.901294
0.171323
0.863671
0.15835
1.08061
0.640212
1.99833
1.90278
1.42192
1.09561
1.39128
0.710851
0.254503
0.813309
0.571701
0.746914
0.941685
0.770876
1.25692
0.583822
1.67211
1.42291
0.639734
2.65977
2.05371
0.698497
1.43826
1.74285
0.621912
0.963833
0.6455
0.497426
0.878721
3.0708
1.01209
0.257623
0.820197
0.239143
0.385711
1.34822
2.20975
0.970767
1.39179
0.693587
0.230399
1.10529
0.911266
0.31845
0.459178
1.84751
0.859608
2.27018
1.51782
0.245859
1.65306
0.741277
0.0160348
1.78632
0.215227
0.711188
0.48683
1.04102
0.329174
0.413274
1.45456
0.563499
0.303089
1.56084
0.459398
1.64818
1.38264
1.34109
1.53721
2.42839
2.07762
0.126082
0.844662
0.290851
1.11559
0.575195
0.593248
0.977883
1.14153
0.889446
0.609492
0.610922
0.473466
0.88904
0.271013
0.539568
0.255516
0.637278
0.122178
0.273056
0.617793
0.413814
1.03956
0.558697
0.359481
0.815123
0.766365
1.08485
0.938671
3.08389
0.3729
0.304298
1.12036
0.864359
0.53696
0.439306
0.379392
1.23607
1.32298
2.7198
0.469236
0.948404
2.10397
1.32482
0.481097
0.191711
1.51766
1.56897
0.963115
0.378641
0.58682
1.08486
2.91395
0.163242
0.659752
0.363282
0.907366
0.903596
0.57589
1.2613
1.08229
0.47587
0.755536
0.397467
0.616487
0.747573
0.109413
0.0905175
0.633429
1.17541
0.151652
1.85436
1.10119
0.669146
0.189776
0.801428
0.58834
1.37723
0.236197
2.09322
1.35346
1.98718
0.0911659
1.05685
0.882114
0.753498
0.238691
1.40306
1.84992
1.00915
0.524626
0.804122
0.781642
0.568249
1.64347
1.46769
0.860998
0.669785
1.1048
1.03642
0.916586
1.51268
0.108782
0.558582
0.885612
0.685625
1.56449
0.7882
2.31238
0.655116
1.3982
0.264034
0.540163
0.518799
0.609722
2.85151
1.46783
2.06259
0.621501
1.06637
1.94098
0.853028
1.19235
1.34576
0.365661
2.14719
0.854946
0.0960228
0.317482
0.73115
1.49044
0.832343
0.332142
0.473677
0.546324
0.135875
0.14292
1.7813
2.6801
0.928014
0.48067
0.352039
2.23366
0.0584826
0.965
1.47815
2.08563
1.42153
1.25793
0.730266
0.671353
1.73184
0.631515
2.46723
1.66289
0.610279
0.0742475
1.37875
0.329015
0.0508049
1.49903
0.255
1.03021
0.455225
1.651
0.490652
2.42981
0.94379
1.48025
1.04523
0.525511
0.0395457
1.7858
0.313108
1.43024
0.42447
0.485315
0.889191
0.485823
1.13513
0.180334
0.866857
0.82661
1.13261
0.677437
1.02764
0.91696
1.53062
0.721264
0.621695
1.02504
0.578177
0.88171
2.09155
0.464957
2.08436
0.824845
1.368
0.324501
0.929788
0.360057
1.07079
0.62867
0.688444
0.175045
0.763062
0.724945
1.15518
0.550862
0.323267
0.386411
2.14183
0.481081
1.00388
2.59018
0.516015
1.49558
0.595431
0.750978
0.121711
0.404315
0.859453
0.622725
0.438215
1.53897
0.209509
0.336842
1.434
1.64463
0.940936
2.62948
2.14981
1.15147
1.03998
1.75903
1.01076
2.2634
0.072799
1.00178
0.893146
0.153532
0.0906869
1.3875
1.08072
0.45101
2.34035
1.49458
1.5744
0.544636
0.174347
1.65866
0.117259
1.40093
0.502062
1.16485
0.379994
1.68335
0.780346
0.694117
0.629617
0.825199
0.401937
1.93306
0.386311
0.686487
0.220485
0.405206
1.36385
0.571258
1.51393
0.681128
0.138809
1.11342
1.67458
0.443442
1.22776
0.367043
0.876758
1.45709
1.65082
0.831722
1.87841
1.04541
1.72616
1.30341
0.675091
1.0694
1.91527
0.619512
0.426809
1.49365
0.659985
0.175194
0.116929
0.764906
0.443119
1.07522
1.25583
0.376207
1.40943
0.94035
1.18419
0.462072
2.48529
0.0808261
1.46939
1.14988
1.25096
2.11786
0.99874
0.962219
0.564793
0.585377
0.435132
1.71346
1.11239
0.519888
0.486885
1.24385
1.32497
0.847802
0.425641
0.850648
0.281028
0.283453
0.964289
1.19939
0.703419
1.92492
0.713865
0.349167
0.298667
0.887104
0.803696
0.83802
0.716315
0.273405
0.453383
2.11854
0.515963
1.12311
1.66778
0.309623
0.611571
0.453958
0.687278
0.436304
0.423203
0.204248
0.541
0.164356
0.36709
0.87375
0.943377
0.789797
0.727344
2.07999
0.729741
2.18978
0.408574
0.576171
1.30288
0.645158
0.363129
1.13228
0.564211
0.479836
2.52193
2.12832
0.514749
0.16876
0.993511
1.00237
0.617159
0.435289
0.90235
1.39259
0.632208
0.881611
0.414368
0.760955
0.266487
2.05554
0.905041
0.761559
0.491744
0.461011
2.27082
0.44102
0.985695
0.222156
1.50606
0.177382
0.938098
1.59215
0.321644
1.48841
0.260188
1.46493
0.502727
1.93279
0.322251
1.04269
2.52795
0.0988686
1.34011
0.206004
0.336732
0.396962
0.920724
0.802446
1.28484
2.49008
1.6562
1.03212
0.864634
0.72754
1.02405
2.36157
3.0971
1.65041
0.652622
0.136443
0.138833
1.15349
2.47309
0.78694
0.373898
0.569107
0.247326
1.04236
1.14291
0.536864
1.4204
0.493774
0.950447
0.332104
1.39068
0.604964
0.644153
1.32152
0.0576639
2.41862
0.299413
0.562565
1.24367
0.659689
0.74632
0.661653
1.57463
0.883073
1.20132
0.511025
0.996591
0.567039
1.22306
0.380439
1.0501
0.843179
2.4125
0.487576
0.638524
1.63626
0.492783
0.549592
0.841109
1.34214
1.97317
0.882384
0.12775
2.62663
0.789126
2.93526
2.38509
0.579994
0.570283
0.418176
2.20671
0.725958
2.82202
1.10363
0.649324
0.27962
0.864267
0.997383
1.75364
0.262717
1.84654
0.366815
2.73568
3.0748
1.12416
0.709395
0.859403
0.769736
0.434004
1.06719
0.128763
0.628366
2.0298
0.172108
0.711412
0.201766
1.76665
1.49065
0.573962
0.918029
1.3239
0.627355
0.71215
1.09039
1.73762
1.29595
0.47539
0.730159
1.08647
0.653567
0.385785
0.991406
1.47389
2.57432
1.90178
0.566109
2.05704
0.63102
1.34791
2.28576
0.844381
2.01655
0.258394
3.84111
0.813188
0.920236
1.5798
0.564203
1.64405
1.13722
1.64043
1.28076
0.727798
0.691411
1.25223
0.315403
0.975721
0.342937
0.728092
1.59763
0.617156
3.18589
0.940293
1.5293
3.28806
2.68841
0.865508
1.43833
0.841292
3.27413
0.390397
2.55126
0.673688
0.973402
0.712811
0.14364
0.298214
0.635394
1.09432
1.06479
0.314785
0.393909
1.1148
0.43567
0.437917
1.75856
1.03553
0.173486
0.245184
1.39234
1.2707
0.766934
0.659168
0.644154
1.41085
1.46611
1.10266
0.286145
0.416541
0.22177
0.719014
1.56701
1.01164
1.03846
0.290061
1.35044
1.84024
2.34959
1.14432
0.759744
0.501636
0.117677
1.29096
0.841762
0.380515
0.61398
0.20832
2.13745
1.03506
0.392194
0.241064
1.36019
0.353005
0.905988
0.488241
1.35377
1.4819
1.20458
1.39637
1.32428
1.07417
0.417879
2.03819
0.394674
0.902102
0.450134
2.16697
0.258679
1.1771
1.71699
0.243519
1.45491
0.818576
0.527362
0.081863
0.638293
1.33179
2.94137
1.35128
1.41581
1.36477
1.10533
0.648024
0.901127
0.461779
2.0191
0.357328
0.542702
0.608041
0.792787
0.696003
2.49139
0.222611
0.389797
1.3504
0.182654
0.486412
1.99975
1.35822
1.15175
0.483911
1.71776
0.568541
0.303135
0.562029
1.00442
1.34382
0.654104
0.320382
2.32385
0.0717374
0.488091
0.781525
1.5505
0.476698
1.27374
0.664698
0.417114
0.181776
1.13183
0.473732
0.474268
0.468189
0.824146
0.776161
0.244961
1.32166
0.127938
0.449337
1.06839
0.786278
1.19872
2.25686
0.587769
1.30195
0.259153
0.804997
1.84114
0.381141
0.779851
0.0559811
0.825937
0.936583
0.00482927
1.21444
1.3178
2.15951
1.61366
0.082704
0.56559
0.940984
0.292289
1.32108
2.10783
0.545819
1.49971
1.16147
0.887881
0.857495
0.59032
0.447858
1.30585
0.503976
0.896505
1.10623
0.915464
0.143996
0.758622
1.38705
0.757681
0.628588
1.34494
0.260426
0.256416
2.43957
0.738274
0.341386
0.653121
0.975073
0.339164
0.302589
2.48992
0.334568
1.36796
0.694411
0.743572
0.27521
0.147714
0.953421
0.343343
1.3672
0.107915
1.08231
0.432653
0.565956
1.66819
2.04807
1.04988
0.174313
0.263265
2.30344
0.445577
0.282857
0.870035
0.733783
0.4543
0.195215
0.297819
1.92255
0.857086
1.34057
1.27709
0.265245
1.01515
2.29921
1.36877
0.928826
1.6191
0.28617
0.547417
0.598168
1.40825
1.40261
0.450269
0.999485
1.36741
1.2432
1.69823
0.671227
1.89329
3.86978
0.282664
0.417945
0.979352
0.901745
2.25876
0.417757
0.721569
1.92647
1.06671
0.316976
3.60451
0.669289
0.704404
1.16599
1.24826
4.24549
0.754733
0.809846
1.13972
0.323061
1.33421
0.985903
0.437373
0.697086
0.416872
0.828233
1.52104
1.40898
0.435087
0.784429
0.206837
0.256518
0.60167
1.0811
1.14549
0.957365
0.700578
1.13815
1.8664
0.361208
1.66782
0.675366
0.215197
1.72877
0.326145
0.937052
0.712623
0.561227
0.450213
2.42
2.61055
1.77771
0.106339
1.14877
0.691912
0.219734
0.197322
0.927554
0.800953
1.25839
1.00894
0.122301
1.26716
0.448709
0.0670134
1.75348
0.394121
2.53922
0.908129
2.28135
0.516724
0.321177
1.38167
1.31298
2.50222
0.518399
1.6938
0.087911
1.09053
0.445317
0.50378
0.777582
0.62653
0.495185
1.65178
0.41966
4.03062
0.74878
0.564502
1.6508
0.476276
0.229927
0.486459
0.489771
2.22539
1.23967
0.622634
0.844986
1.06614
1.52678
1.04689
0.926665
1.90613
0.426184
0.535207
0.65715
1.31552
0.637023
0.957573
0.81992
0.378002
0.262183
0.265089
0.452453
1.6103
1.40431
1.53049
1.08105
1.55803
1.95913
0.811858
0.767064
0.829611
1.88533
0.887459
0.628727
0.668937
0.614499
0.845273
0.257784
0.651861
2.09282
1.41821
0.939277
0.778841
0.211193
2.22814
1.61855
0.658726
0.822151
1.64829
0.272112
0.542577
1.79619
2.54932
0.490278
0.120457
1.04979
0.402403
0.708
1.31075
0.702433
1.40188
0.766618
0.711201
1.72804
2.75651
1.18182
1.24433
0.905235
1.54629
1.10928
0.633471
0.233879
0.42281
1.89153
0.518791
1.73675
0.479593
2.26769
0.591172
1.3173
0.413257
2.66678
0.885823
0.909796
0.652541
0.422515
0.908991
0.927345
0.360932
0.790122
1.78835
0.808541
1.20593
1.86493
1.8268
0.482988
1.00659
0.701272
1.88593
0.565164
1.44502
1.11568
0.340766
1.71594
1.15609
1.18915
0.540458
0.384304
3.38755
0.14306
0.513108
1.03361
0.782156
0.382352
1.63846
0.811966
1.98711
1.40901
0.586505
1.81278
0.542672
0.362558
0.425452
1.2135
1.56928
0.554422
0.216333
0.235792
0.0936732
0.50899
0.230197
0.728152
0.513636
0.923462
0.879792
1.47047
0.704873
0.88808
0.616032
0.270279
1.34532
2.62836
1.46433
1.41936
1.85959
1.06037
1.63698
1.06435
0.573143
0.697186
0.0877586
0.960285
1.20708
2.73595
1.28387
0.88442
0.684284
0.538904
1.09276
0.766804
1.61492
0.3916
2.29618
0.746148
0.282704
0.222174
0.41318
1.2811
2.01142
0.0196111
0.773639
0.2843
0.201403
1.04862
0.651193
0.172323
1.78788
1.13589
1.29765
0.124485
2.81396
0.727063
0.019713
0.698777
1.96886
1.44497
2.42375
2.18444
1.3531
0.418792
0.937865
0.373545
0.879048
0.666262
0.0405561
1.25836
0.598456
0.431705
1.41012
0.771915
0.654767
0.376655
1.56661
0.800458
0.293857
0.37443
1.54989
0.536774
0.572451
1.85754
0.863503
0.973613
0.899376
0.479424
1.39006
0.78946
0.267231
1.05188
0.268931
0.435938
1.94489
0.357013
0.360891
1.22614
1.20878
1.93363
0.75297
0.830036
0.690529
0.682682
0.889393
0.459089
1.55034
0.0550292
1.74029
1.08804
2.88091
0.725527
0.922144
0.563477
1.07827
1.63689
2.5163
0.622541
0.419325
0.314869
2.50463
0.261032
0.431923
0.491604
1.63955
2.38881
1.01895
0.378331
0.740179
1.29793
0.236511
2.11586
2.19314
1.94529
2.7785
1.14526
0.238319
0.771391
1.74285
1.18381
1.02128
0.225371
0.972772
0.944451
0.572949
1.49555
0.200852
1.21848
0.304112
2.89228
1.64377
0.721624
0.698343
0.205718
0.239716
1.24339
1.16731
0.460088
0.206706
0.350658
0.418154
1.38538
1.28288
0.144631
2.00616
0.990424
1.53721
0.956109
0.174599
1.36836
0.775197
0.561239
1.49109
1.61496
1.5197
1.15216
0.214756
1.0051
0.882525
0.812813
0.397968
2.17639
0.847732
0.831112
0.963101
0.848401
0.18089
0.87569
0.198292
1.05746
0.78983
0.658473
2.34975
1.2623
1.04149
0.581867
0.596111
0.311358
1.89821
0.10381
0.999481
0.435852
1.91794
1.28473
1.29005
0.87354
0.326482
0.490644
0.878951
1.27447
0.422377
0.835293
1.28887
0.686831
1.95841
0.390891
0.644929
1.11349
1.56729
0.255696
0.479862
0.958244
1.86067
0.53196
1.77196
0.810831
1.32743
0.616878
1.11857
0.711521
2.66136
0.741153
0.542824
2.15771
1.12043
1.47901
1.08111
1.51672
4.87898
1.66849
3.32464
1.52006
0.196536
1.34106
1.45434
0.103718
2.42654
1.09637
0.225413
0.27135
1.592
0.639945
0.584739
0.460634
0.898909
0.766917
0.596499
1.83612
0.476948
0.749805
0.803105
0.0887872
0.808354
2.5703
0.221594
0.849508
0.94429
2.57237
1.77838
0.547201
0.980902
0.263879
0.559684
1.03556
0.38215
0.662364
0.461069
0.357138
0.508162
1.81659
0.867123
0.916168
0.722733
0.72951
0.711767
0.457488
0.721734
2.04599
0.710274
0.118019
1.32428
0.980795
1.33176
1.03916
1.25128
0.952651
0.679976
1.29267
0.738083
1.63564
3.81744
1.23383
1.90746
0.802119
0.747384
0.167926
0.78591
0.581906
1.13769
1.1324
3.28795
0.52074
0.442364
1.25494
2.09094
1.5947
1.84647
0.156158
1.33749
0.22027
1.50282
1.02229
0.873147
0.525852
0.523402
1.5659
0.486931
0.672265
0.882369
1.80037
0.392199
0.181855
0.646775
1.01375
0.579388
0.278737
1.16805
1.35406
1.8772
0.184193
0.408186
0.192837
2.7548
1.19707
0.314706
0.703624
0.655399
0.883011
1.61092
0.15634
0.580146
0.326448
1.24415
2.30809
2.2237
0.731036
0.656614
0.98608
0.576439
0.348207
1.07673
2.21269
0.553789
0.190106
0.818621
0.969389
2.39413
0.790241
1.23806
2.47871
0.875916
1.08553
0.227935
1.04508
0.686303
1.798
0.372683
1.41127
0.624126
1.72822
1.2108
1.47606
3.21386
0.90714
0.911099
0.198486
2.14515
0.576101
0.24862
1.26053
0.319635
2.15544
1.16882
1.6559
0.44692
0.821483
0.390676
1.00424
1.35402
0.766696
1.01598
0.901291
2.05304
1.50446
0.63776
0.493665
2.98073
0.7919
1.52193
0.723239
1.10865
1.58454
0.632636
0.758331
0.632404
0.853363
1.69975
0.996218
0.102842
4.16568
1.42063
2.2422
0.61624
1.36603
1.37244
1.04084
2.67869
1.11025
0.309018
0.720578
0.25751
0.804127
0.888935
0.832236
0.513376
1.1045
0.818467
1.0408
0.849122
0.494886
1.20003
1.16164
1.00895
0.65492
1.30349
0.716752
0.43131
0.371149
0.263029
2.30897
1.79549
0.0475202
2.33179
1.97789
1.53714
0.202218
0.830825
0.436199
0.116546
0.875959
1.89208
1.25137
0.0813751
1.92184
0.795412
1.96321
0.924293
1.94826
0.223697
0.793537
0.263973
0.203382
0.450839
0.756482
1.85708
1.41783
1.20212
0.779746
0.482838
1.46913
2.74852
0.769043
1.25236
1.17843
0.337053
1.25498
0.92576
1.12931
0.563927
1.18517
0.687411
0.503748
0.371231
1.91324
0.988746
1.0895
0.358065
0.826651
0.017302
0.696512
0.471799
0.605655
0.0338677
0.616242
0.381562
0.44057
0.484362
1.20268
0.844194
4.84663
1.3995
2.00439
2.2741
0.85621
0.720585
0.731343
0.237785
2.11653
0.333212
1.03057
2.4112
1.06834
0.948072
0.952852
0.777514
0.768108
1.19574
0.385933
1.4099
1.40888
1.49594
1.60421
0.303248
0.169626
1.84481
1.04473
0.218242
1.6557
1.14792
0.615434
1.4271
1.55054
2.47092
0.918827
0.260105
1.26591
1.06514
0.510017
1.48567
0.303545
1.05507
0.668596
0.541106
0.13593
1.64573
0.390864
0.828809
1.58289
0.531561
1.74093
0.809862
0.382804
1.53782
1.06022
0.733798
0.601149
0.916021
1.48107
1.46127
1.32225
0.498582
0.571797
0.153865
1.10016
0.791871
0.0351633
0.522126
1.38131
0.25645
0.745544
2.14089
2.29222
0.655177
1.9983
2.27746
1.12918
0.468955
0.181387
1.88784
0.903335
0.319648
0.515027
0.861892
0.977587
0.785494
1.51355
0.329975
1.56007
0.722263
1.35396
0.180523
0.566376
0.398062
0.747014
0.574342
0.963931
0.789915
2.98599
0.148962
0.394106
1.39031
0.90399
1.01332
1.65981
0.175303
1.29994
0.584787
1.09063
0.27239
0.942985
1.09694
2.99684
1.20215
1.52327
0.83912
0.250272
1.26222
0.162222
3.03245
1.20574
6.2821
0.887002
0.839431
0.82369
0.438149
0.68472
1.80478
0.71348
1.0846
1.49282
1.22886
0.476307
0.300908
0.224779
1.48771
0.244398
0.426971
2.20792
0.724214
0.89739
1.00628
1.44226
1.59883
1.26395
2.26304
1.67258
0.684473
1.77809
0.428435
0.647881
1.09985
0.0461043
1.84857
0.653706
0.312122
2.79378
0.985409
1.77096
0.836874
0.713548
1.66723
1.12711
3.68762
1.17917
1.28536
1.54223
0.660255
0.332706
0.726046
0.284641
0.582766
0.808295
0.348942
2.36793
1.22444
0.190316
0.67179
0.832304
0.358491
0.558832
0.896698
0.332428
0.611812
0.702942
1.42356
0.27229
1.60351
0.508779
0.466725
0.211026
0.42373
1.36392
1.47962
0.961695
0.829366
0.38018
0.903969
0.777809
1.24983
1.91495
1.27641
0.301792
0.118776
1.46207
0.748505
0.985754
1.52662
0.58569
2.05619
1.89418
0.186541
0.335689
2.78359
0.735463
2.46487
2.17316
1.84332
0.967539
2.03678
0.868592
1.01421
1.60391
1.35371
0.848917
0.735189
0.510397
0.202126
1.17892
1.17135
1.53314
2.2094
0.328972
0.502537
0.0333473
1.51134
0.926982
2.41754
0.905724
1.6776
0.110719
0.0470893
0.442092
0.943197
0.274327
0.771668
0.601849
0.640183
0.10784
2.38526
0.66409
0.785698
1.49953
1.42611
0.703449
0.554284
0.186171
0.351022
0.543348
0.609709
2.90255
1.46248
0.254505
0.866572
1.907
1.49892
0.0798959
0.215516
3.00268
0.86253
0.141042
0.626242
2.05523
1.53711
1.26047
1.27696
0.842953
2.6525
0.567748
1.24882
0.605858
1.74828
0.290662
1.11253
0.6923
0.514083
0.465678
1.45536
0.453218
1.15785
0.623111
2.33892
0.917701
0.564058
2.43518
0.385433
0.659632
2.04668
0.222266
0.724171
1.25441
1.76518
0.175914
1.08275
0.994442
1.15769
2.22531
1.0828
0.344129
0.438899
0.192798
0.265914
0.678659
0.744327
0.689695
0.549151
0.893755
0.611691
0.874167
1.22048
0.216408
0.779905
1.29784
0.809817
0.520863
0.903683
0.450927
0.90001
0.838533
0.508142
0.43027
1.2454
0.608188
0.693183
0.791638
0.969132
0.306846
1.39975
1.98349
1.51194
1.36047
0.250052
1.51225
0.361984
0.466863
0.00607974
1.2689
0.447812
0.762673
1.67916
1.1949
0.605111
1.75169
0.937438
1.04808
2.29505
2.51339
0.709751
2.21391
1.56469
2.39121
1.28342
0.609247
0.164702
0.613851
1.64882
0.211571
0.269366
1.235
0.572687
0.223545
1.0973
1.1794
0.61687
2.15591
0.203594
2.80297
0.455367
0.556635
0.478109
1.52006
0.324389
0.574706
1.20231
0.820321
0.225337
0.43918
0.404446
0.482672
0.240799
0.272962
0.661573
0.676072
0.56217
0.330763
0.823933
0.518125
0.618445
0.549713
0.993599
0.518626
0.124514
0.212804
0.627711
1.55612
0.518735
1.94319
2.66674
0.223861
0.595183
0.688317
0.960131
0.538938
0.844295
1.1089
2.89783
0.564932
0.275045
1.25248
1.11476
1.02243
0.815638
0.14284
0.877583
0.984815
1.31791
1.93059
2.05925
0.453926
0.578918
1.17199
3.87033
0.625392
0.853601
0.576016
0.378111
0.845267
1.46333
0.598254
1.13777
1.76103
1.29228
0.999809
0.762228
1.57163
0.116042
0.495348
0.953905
0.334255
0.708003
0.419342
0.685397
0.0530481
0.34275
0.822247
0.674739
0.715991
1.40205
0.266796
1.53886
1.68235
0.475715
0.475451
0.656341
0.966124
1.86095
0.726861
0.232189
0.62362
0.215342
0.328805
0.60538
0.40037
0.437586
0.769437
0.432003
1.35192
0.514284
0.557818
2.63017
0.799602
1.03934
1.29423
1.10739
0.786648
0.640303
0.390094
0.587211
0.333792
0.334957
0.703868
1.91208
0.183875
1.00958
0.524356
1.95748
0.250606
2.7417
0.0637412
0.770766
0.558048
0.892176
3.23166
0.465302
0.613178
1.5683
1.05692
0.951416
0.791682
0.826552
2.79799
0.389866
0.682911
0.586501
1.61668
0.0592969
0.813058
0.549469
0.148244
0.373115
0.426377
1.15704
0.195088
1.33254
0.615413
1.06883
0.919497
0.542608
1.02137
0.34572
0.685848
0.955645
0.482279
0.76541
0.391991
2.22061
0.308799
1.20616
0.460964
0.197228
0.505266
0.194823
1.77843
0.634198
0.511377
1.33907
0.232663
3.59909
1.70417
1.68243
1.66598
0.562341
1.013
1.21617
0.474548
0.340659
0.790151
1.07868
2.33384
0.332428
0.231642
1.41268
0.735698
1.20753
0.0295912
2.63436
0.411076
0.889901
0.798883
2.19742
0.875476
0.695754
2.02344
0.618556
0.838763
0.307985
2.59439
0.952021
1.46764
0.883334
0.483848
0.543581
1.21063
1.88031
0.504058
1.016
2.14979
1.26314
0.0846767
1.19702
0.83711
0.796785
2.42824
1.36593
1.69697
2.53546
1.11813
0.393522
1.03713
0.778573
0.80728
0.214434
0.113093
0.509615
1.55565
0.169119
0.0254891
0.782325
0.273757
0.481899
1.50627
1.28831
0.841585
0.807022
0.146125
1.49925
0.635188
0.380494
0.596801
0.764789
0.704975
0.840035
1.54582
1.0097
1.43605
2.71861
0.150495
1.87205
1.04697
0.914472
3.63908
0.634087
1.87168
0.404661
1.41268
1.32737
0.517832
0.2135
0.755239
1.28536
0.0902032
0.99319
1.01311
0.310038
1.14149
1.57509
1.64462
2.02149
1.01414
1.00874
0.537572
0.392239
0.329245
0.509382
1.6092
0.128081
1.38297
0.766011
0.514839
1.56312
0.627053
0.571043
0.946692
0.648662
1.19186
0.674419
1.04296
0.577915
1.89937
0.553701
2.63433
1.22526
0.505401
0.548095
0.410355
0.978643
0.552025
1.2538
1.26522
1.49991
0.339158
2.02769
1.82182
0.462055
1.42344
0.78334
2.88709
0.850154
1.08702
0.497617
0.193208
1.17497
2.86414
0.198607
0.916644
0.984477
1.42501
1.60084
0.708321
0.454723
0.747168
1.66782
0.474422
0.200699
0.613614
0.52623
0.366462
2.47356
1.12881
0.269925
1.81111
0.289152
0.640634
2.12016
2.03606
0.773332
0.534939
0.772659
0.685393
1.3128
0.65675
2.46625
2.52858
1.64353
0.139399
1.13872
1.27803
1.97722
1.87809
1.08814
0.651527
0.167191
0.678959
0.408288
2.23797
1.23878
0.564568
0.646946
1.34347
1.73036
0.191551
1.76033
1.33186
0.404538
2.10305
0.865706
0.361733
0.278824
1.06862
0.984611
2.6302
1.15456
0.627168
2.60302
0.120201
2.19922
1.99588
0.171982
1.42295
0.773956
0.306529
2.5113
0.324443
0.563218
1.31133
0.340621
0.511714
0.506134
1.37359
0.575958
0.337611
0.585134
0.980439
2.40024
0.241927
1.37586
0.817361
0.84916
0.609795
1.60276
1.34345
0.370467
0.651341
0.345236
1.51033
0.658229
1.51698
0.97528
0.662445
1.78343
0.813807
0.423999
0.0952893
2.58601
0.622417
1.15565
0.878131
2.20693
2.22816
1.2646
0.881456
0.702734
0.461651
0.232578
0.303213
0.522823
0.214902
1.41051
0.646706
0.578317
0.682301
0.416536
0.529549
0.320302
0.112323
4.52023
0.623448
0.773945
1.40408
0.219606
0.441878
0.477363
1.36613
0.66731
0.332159
0.295026
3.09304
2.31901
2.81495
2.16054
1.63128
0.914403
1.20506
0.426877
0.124667
0.853714
0.613433
0.675787
0.766135
0.325274
0.508336
1.58389
0.426577
1.39602
1.00416
1.08521
0.457605
1.45217
1.38538
0.511228
0.843862
1.35436
0.918928
1.13709
0.0683337
0.657754
0.491643
0.189113
1.37585
1.73677
0.938642
0.525554
0.966317
0.73988
0.800099
0.660519
1.40043
0.838154
0.682748
1.47558
1.46612
1.58911
2.31425
0.755396
0.676712
0.0782526
1.31716
1.87557
0.776868
0.0774643
2.00282
0.661146
0.960528
0.912232
0.429744
0.524326
1.3884
2.84669
0.436864
0.773497
0.772462
0.58082
0.230464
0.520203
0.203136
0.658377
1.01503
0.270037
0.428792
0.796649
0.67432
0.552934
0.522093
0.42547
0.5326
0.858976
2.11206
0.645158
0.025029
0.36008
1.45611
0.278855
0.367467
0.988461
2.63204
1.80676
0.937597
1.42618
0.178866
1.30128
1.63145
1.39286
0.551508
2.8058
0.483589
1.65385
0.573082
0.177748
0.182999
1.83863
0.473045
1.12111
0.571864
0.725846
1.04787
0.767794
1.08705
2.44141
0.554511
0.450806
0.388653
1.07293
2.98588
2.06656
0.403202
1.21728
1.78151
1.2864
2.34551
0.988017
0.993179
1.06717
1.43225
1.88311
1.46946
0.137849
0.572651
0.61693
1.30858
2.07734
0.184618
0.659368
0.927432
0.237842
0.722396
1.61765
0.894024
0.240392
1.60441
1.01835
0.682833
0.884184
0.331772
0.63176
0.403641
0.368263
0.459984
1.10256
0.703348
0.598088
2.05947
0.869262
0.86443
0.361155
0.734385
2.4277
0.454717
1.42904
3.12771
0.443593
1.08133
0.545333
1.53167
0.53309
0.892124
0.413524
0.487684
0.356856
0.486923
2.35395
1.24261
1.17942
0.968537
0.494237
1.59285
1.71594
0.505231
1.912
1.18525
0.621212
0.243255
0.183763
0.216523
0.392546
0.331353
0.93517
3.79622
0.2283
0.623684
0.233914
0.498886
0.578358
1.16494
2.03333
1.03056
0.610494
1.8631
0.780967
1.54382
0.850488
0.140513
0.39258
0.683613
0.883944
1.9044
0.504987
0.804257
1.86829
0.699949
1.12805
0.538922
1.18609
0.595491
1.98482
1.12124
0.400119
0.22858
1.45301
1.32295
0.339775
1.45343
0.365151
1.29392
1.06095
0.658407
0.174048
0.731186
1.13161
0.312353
0.215944
1.22882
1.98789
1.51188
0.928147
0.800598
0.182862
1.56099
1.19056
1.12007
0.229319
0.418249
0.711549
1.12957
1.50303
2.23097
0.728866
0.242776
0.342558
0.481033
0.852766
0.881717
1.74107
0.354127
1.44898
1.26312
0.521453
1.4983
0.949338
0.516038
1.64684
0.151604
0.884763
0.371346
0.686247
0.0659808
1.51719
0.992768
2.38237
0.556709
0.745004
0.465134
3.4476
0.528519
0.46133
1.73045
1.03855
1.23917
1.83659
0.910921
2.53428
1.88492
1.62069
1.16346
2.94869
0.29881
0.185344
0.0914261
0.510978
1.30276
1.48926
1.24183
1.00032
2.21243
0.728623
0.425672
0.832228
1.17082
1.02937
1.90009
0.819549
0.755797
0.460223
2.86362
0.848225
2.0169
0.346483
1.57525
0.717195
0.968247
0.31904
1.67474
0.733534
0.507468
0.488417
1.22848
0.661557
0.925717
0.802838
1.44128
1.96287
2.52621
1.05207
1.02435
0.862265
0.365366
1.31784
2.18359
1.81034
4.57721
0.736193
0.671372
3.1242
0.356715
1.95209
0.299494
0.62355
0.549325
0.24342
0.193823
0.4881
0.706609
1.02209
0.224225
3.19044
0.219986
1.17896
1.33784
0.210236
2.58187
2.53156
0.219184
0.184117
0.332654
0.99574
0.32374
2.03934
2.22789
0.645065
0.986081
0.430727
0.386419
0.410003
1.44833
1.61515
2.45048
0.706192
0.689966
0.424607
1.06068
2.71719
0.371007
0.21919
0.48216
0.674296
1.57529
0.358829
0.836432
1.33415
0.535771
0.895522
0.61416
0.24005
1.70919
0.365947
0.851606
0.437207
0.793393
0.362741
0.965591
0.542308
1.03818
0.509805
0.951773
1.08538
1.59519
1.34818
0.097039
1.17043
1.06353
1.68281
0.336062
0.491457
1.21872
0.359197
0.0306555
0.378453
0.988009
0.797603
0.347697
2.7594
1.65754
0.832703
0.435357
2.29873
0.563984
0.269789
0.464533
1.06855
0.0689874
0.139439
0.396986
0.931021
0.799673
0.404303
1.14603
0.977365
0.251055
0.424869
1.55541
1.73838
1.361
0.131237
0.299964
0.663847
1.34223
1.6231
2.04969
0.550201
0.906486
2.10514
0.202458
0.312777
0.79938
0.966829
0.420582
0.42703
1.66531
0.487851
0.42632
1.1463
1.61665
0.713438
1.71047
0.964461
0.108228
3.25317
0.735776
0.725394
0.462996
1.16831
1.08716
1.44818
0.221574
1.48326
0.953204
0.479272
0.527933
1.24207
0.232306
0.726794
0.35428
0.715941
0.694464
1.00926
0.868133
0.87086
0.961892
0.168092
0.857062
1.21871
0.765514
0.469767
0.437428
0.0686122
0.0465996
1.01105
0.491989
0.593983
0.273752
0.887303
0.163217
2.59034
1.4516
1.09634
0.13715
1.57765
0.229992
0.988324
0.922814
1.0169
0.221789
1.57196
1.66681
0.61966
0.961637
2.00063
0.185363
1.33424
1.04426
2.08524
0.322754
2.24414
1.63714
0.0562611
0.472802
0.962039
1.77141
0.627586
1.11012
0.480975
0.889768
0.889781
0.776626
0.800916
1.15061
0.485388
1.69363
0.558397
0.230824
0.920627
1.14362
0.351893
2.41949
0.180978
2.57136
0.589938
0.439185
1.07886
0.142554
1.80484
1.23139
0.387506
0.17248
0.51981
0.261264
0.219697
0.76096
1.35744
1.90282
0.2311
0.279311
1.6503
1.75522
1.55168
0.816546
1.93378
1.45358
0.288562
1.06887
1.38046
0.914161
1.09862
0.966553
0.385351
0.494779
0.271762
0.571463
0.777701
0.191131
1.02885
0.548866
0.207033
1.20801
0.914196
0.892282
1.19254
0.469014
0.253046
0.280328
0.652818
2.12573
1.40707
1.35889
0.402781
0.259095
0.731896
0.522266
3.04318
0.655908
0.45768
0.315985
2.08713
1.01521
0.934476
1.74986
0.517997
0.323144
1.77742
0.691186
1.46358
2.26081
1.38788
0.16894
0.606382
0.456219
1.78541
0.468647
0.835666
0.800873
1.38294
0.392311
0.148381
0.0786314
0.909648
1.25817
0.647315
0.746187
0.749984
1.31674
1.64013
0.527873
0.344098
1.10813
0.269634
0.900878
0.440262
1.90378
1.23249
0.55685
0.901975
1.1181
1.27686
0.561057
1.22418
1.48192
2.03158
0.649515
0.272445
0.724536
1.16783
0.89808
1.02166
1.00813
0.299734
1.39142
1.37591
0.0664971
1.8567
0.475666
1.07392
2.08521
0.207754
0.370969
0.298511
0.651139
0.829807
0.673283
3.07665
1.31113
1.28282
3.2008
0.942879
1.20362
1.85744
1.14402
0.862866
1.0359
1.11996
1.09681
0.550932
2.6495
0.0994197
0.190515
0.801381
0.735153
1.95004
1.76021
2.19754
0.50254
0.861878
1.02215
0.955951
0.837424
0.412929
1.32083
0.525981
0.523626
2.19302
0.820692
0.432207
0.656674
2.46736
1.02627
0.128298
1.87039
0.932433
1.68485
1.71621
0.339468
1.16507
0.554289
0.866353
0.322481
1.01796
1.05751
0.855307
0.565551
1.09646
0.699022
0.458159
0.243602
0.872088
0.683878
0.192997
1.87214
0.606991
0.204337
1.8861
1.48785
2.91603
0.534172
1.11516
0.945572
5.3809
0.797127
0.186336
1.3334
0.717163
0.509378
0.378662
0.133404
0.144212
1.27906
2.17545
2.88387
0.693689
0.236651
0.609929
1.79563
1.22288
2.00352
0.51612
2.08677
0.580045
1.12571
1.19417
3.39656
1.58663
2.18681
0.428569
1.52719
1.13236
1.73195
0.93739
1.08068
0.793838
0.468248
0.577396
0.367313
0.582983
1.46718
0.580476
0.431678
0.750952
0.405743
1.08956
1.0581
0.770581
1.23863
0.50379
0.876943
0.280699
1.52645
0.264894
0.0939819
0.125483
3.11015
1.81862
0.93287
0.911283
1.0782
0.214186
0.872532
1.5295
0.799505
1.31169
1.43822
0.026214
2.12921
0.300315
0.399018
0.915149
0.398488
0.634856
0.19475
0.861406
0.621747
1.00482
0.898593
1.5682
0.185796
1.15769
0.69658
1.0308
0.434716
1.18656
0.790444
1.12118
0.929735
1.97103
0.229157
1.49035
0.690892
0.944165
1.95686
0.517083
0.0235161
1.36114
0.555012
0.542792
3.66955
0.778828
1.10308
0.307011
0.472597
0.41568
0.672869
0.751769
0.559669
1.71258
1.61403
0.382826
0.750648
1.64656
2.5434
1.16941
1.37343
0.24071
0.222117
0.786219
1.53258
1.22039
1.14297
0.255171
1.231
1.33555
0.388287
1.67617
1.37866
0.410502
0.647946
0.432072
1.09517
1.69201
1.65039
0.211578
0.348644
0.500404
0.973273
1.91082
0.451237
1.63003
0.153127
0.458418
0.868846
1.20565
0.470831
1.04278
0.122959
0.455392
1.41852
0.333593
0.229785
1.27235
0.43967
0.694513
0.645766
0.883146
1.83644
1.07813
1.43354
0.468144
0.572598
1.82567
0.514207
0.45047
0.811887
0.901865
0.562426
4.16116
0.518584
0.886597
2.07678
1.32051
0.779041
1.21602
0.229479
0.454887
1.056
2.55534
1.93512
1.27571
1.04629
1.0426
2.01242
0.46093
0.705589
0.642129
0.865606
4.05441
0.513782
0.583921
0.477194
1.72163
3.14414
2.16077
0.711233
2.1292
1.0087
0.264565
0.673912
0.526826
0.852831
1.49966
1.53437
0.670249
0.565975
1.73449
0.265549
2.14126
1.72732
1.17415
0.7441
0.505655
0.756798
0.840053
0.669278
1.70816
0.749579
1.33796
1.65893
0.442323
0.520736
0.577179
1.02457
0.637939
0.408771
1.07129
0.950606
0.842905
1.20308
1.36903
2.15106
1.22333
1.72053
1.98876
0.90589
1.35101
0.846979
1.56605
0.539759
0.800264
1.40399
1.51692
1.0394
1.06797
0.605516
1.12134
0.383615
0.769079
0.372402
0.81126
1.14669
1.36766
0.800358
0.220054
0.677524
0.361426
2.98649
0.902916
0.493671
0.818145
2.65402
0.651142
0.634757
1.27779
0.893709
1.46797
1.24797
0.473659
0.243012
0.704053
0.185065
1.81437
1.06122
2.64297
0.658864
1.69607
0.237236
1.06765
0.122719
3.66809
0.761413
0.338583
0.710558
0.108207
0.271817
0.380446
0.793891
0.459365
0.26573
0.537012
0.296527
0.308001
0.216228
1.56328
0.641115
0.473541
2.48446
0.679569
1.15165
0.475987
0.0951008
1.91555
1.37324
1.04853
1.38076
0.963893
0.914384
1.79532
0.59587
0.750519
0.195968
0.527414
2.04773
0.589637
1.21478
0.395203
0.483917
0.184778
0.736072
2.81581
1.59288
1.58032
1.66936
0.449093
1.61528
1.27391
1.8039
0.405639
0.93327
1.77938
0.808134
1.54574
0.745836
0.385561
0.780256
0.574517
0.243324
0.128185
1.14895
0.653521
1.32801
1.37334
0.557716
1.01375
0.91079
0.271822
0.954367
0.691821
0.294627
1.27166
0.574076
1.25093
1.29791
2.49894
0.490835
1.53265
0.536904
1.10666
1.32104
2.99542
1.38375
0.602695
2.3915
1.07343
1.6625
0.877898
0.442883
0.815717
0.256283
0.652329
2.76086
0.0751839
1.96886
0.57654
2.1108
0.616694
1.24475
0.597621
0.319493
1.44858
0.578845
1.25654
0.416364
0.845761
1.05155
1.366
0.411059
2.30558
0.105114
1.41667
0.429127
0.637939
0.378573
0.350092
2.31193
0.0856013
1.43719
0.609841
1.31548
1.00417
0.773059
0.914058
2.70517
0.927617
0.880447
3.29197
1.49846
0.230875
0.252109
1.90401
1.92052
1.60767
1.38883
0.509902
0.894696
0.113006
0.332239
0.732296
0.335009
1.69685
0.832976
0.647186
1.16016
1.8176
0.229838
1.42301
0.103951
0.232752
0.47123
0.656786
0.926675
0.405648
1.5518
1.19738
0.404935
0.386897
0.0948465
0.598287
4.12538
3.33428
1.20182
0.864467
1.03628
0.832351
1.31609
1.17765
0.090399
1.89345
0.179699
0.855944
0.101401
1.63368
0.508474
0.771432
0.878458
0.136386
0.806462
0.790587
0.693746
1.56982
1.1778
0.0836916
0.918991
1.28077
0.925817
1.11431
1.5623
0.325775
2.17964
0.101798
1.38263
0.481571
2.53451
1.24933
0.265924
1.48923
0.97401
1.21976
1.29964
0.556342
1.18064
1.04615
2.28817
1.55814
0.592825
1.66207
0.81712
0.615859
0.763169
0.706506
0.391081
1.3087
0.162387
1.69609
2.22502
0.390151
2.86727
0.10274
0.0502913
1.42924
0.468059
1.25619
0.907455
1.77044
2.38689
1.05196
0.0831446
2.2234
1.3457
0.510609
0.473786
1.86975
0.781027
0.455323
1.77555
0.753741
2.7426
1.67274
0.459551
1.09281
0.578557
0.392836
1.89472
0.905705
0.304771
1.40995
0.460494
1.3449
0.841135
0.709296
1.24727
0.768
2.49916
0.42009
0.715211
0.216262
0.353135
0.876336
0.176215
1.64292
0.63508
0.702553
0.916368
1.14079
0.231333
0.319902
0.249306
0.557992
2.13332
1.99996
0.495149
0.86214
2.26316
0.782085
0.210383
1.17742
1.22571
2.79759
0.787566
0.617911
1.87479
1.27942
0.413006
0.314443
2.61082
0.276511
0.36897
0.610044
1.16194
0.637468
0.187814
1.63772
0.197868
2.06314
0.618551
0.551406
0.904813
0.450619
0.62775
0.803039
0.940638
0.481651
0.271728
1.89396
0.505019
0.944629
0.619825
0.561955
0.991356
1.46327
0.491528
0.146946
0.0898545
0.704518
1.5401
0.428787
1.40688
0.993852
1.91672
0.576047
0.596307
0.523549
0.211276
0.340002
1.79627
0.333189
2.25422
1.01812
0.82632
1.60261
1.53393
0.554329
0.299988
0.338071
0.3495
1.05924
1.28999
0.565869
1.96573
0.766207
0.134884
1.04366
0.373448
1.60886
1.48682
0.439313
2.85415
0.618007
1.70639
1.71294
2.29198
1.20581
1.40116
1.96313
1.0289
2.65162
0.393861
0.615912
1.09844
0.282751
2.08471
0.52985
0.500705
0.737823
0.112774
0.922183
0.250728
0.921238
1.02231
0.623375
1.17823
0.74737
1.25073
1.98427
0.501968
1.68222
1.53244
0.644036
0.273177
0.636154
0.404925
1.79157
1.43911
0.833957
1.56009
2.40536
0.388768
0.961492
1.16651
0.902838
0.45176
1.98309
1.97461
0.55224
1.18356
0.341513
1.20543
0.358073
0.229314
0.299324
0.489719
0.557363
0.143353
1.1004
0.446125
0.728273
0.515982
0.406906
0.562065
0.723521
1.12584
0.665116
1.06428
2.67605
0.759487
0.401628
0.74729
1.14461
0.40481
1.68755
0.966626
0.616452
3.18141
0.715986
0.640059
0.268208
0.35348
1.27294
2.0546
1.04767
1.31461
0.052157
1.19869
0.82152
0.372667
0.187417
1.78484
2.67747
1.29302
1.12531
0.806859
3.07259
0.61467
1.368
0.87796
0.560517
0.0847364
1.19632
0.971846
0.136271
0.493455
2.04503
1.54147
1.11038
3.15059
2.8074
0.815902
0.504646
0.415402
1.72049
1.00798
1.03874
0.296289
0.681112
3.77374
1.234
0.205866
0.560752
0.45424
0.311168
1.47702
0.574565
2.46924
0.336558
1.7127
1.9701
0.810621
0.837725
1.85494
0.751498
1.15188
0.208201
0.829968
0.515696
0.287164
1.05889
0.958571
0.238421
0.867841
1.00451
1.2738
0.474345
0.822069
0.988554
3.71316
1.97901
0.672762
1.00775
0.738347
0.852502
1.06459
1.17325
0.399356
1.50925
0.650056
1.1476
1.02368
2.49376
1.20846
1.46407
0.899878
0.975703
0.231459
1.10129
0.562773
0.480223
0.965383
2.15075
0.948502
1.00951
0.336457
0.656947
1.89547
0.631642
0.633664
0.598352
0.795985
1.479
0.431056
0.77005
1.22415
0.817588
0.489974
0.576618
3.88224
0.842382
0.127418
0.659467
1.11883
1.05158
0.277052
0.508332
1.98775
0.269421
0.410579
0.943456
1.43929
0.684809
0.58426
0.216966
0.826302
0.668843
1.12126
1.18345
0.208795
0.451734
1.36784
0.191017
0.258962
0.389806
0.892444
1.1588
1.25492
0.357231
1.58034
0.696231
0.566809
0.252953
0.952304
0.0191585
0.79575
0.672777
1.23914
0.185987
0.0916339
0.095296
1.00944
0.638923
0.849904
0.666222
0.57054
1.84636
0.890736
0.860141
0.321074
1.57275
1.12348
1.91158
3.81338
0.0108175
0.554582
0.832572
0.483621
0.556815
0.418381
1.18012
0.676456
0.882242
0.747984
1.23841
0.447671
0.395407
0.47423
1.21047
0.567142
0.158587
0.758215
0.822313
1.11927
0.361962
0.757866
0.271299
0.158291
1.31745
1.01562
0.373341
3.98404
0.677675
0.177004
0.883134
0.379472
0.190379
0.825712
0.304678
0.456563
1.42084
0.408146
1.45139
0.895883
0.281181
0.861457
1.3454
0.457384
0.482777
0.141829
1.18207
0.268841
1.29923
0.552429
1.10149
1.28943
0.412613
0.373287
0.433652
0.630848
1.18669
0.619346
0.849091
0.427981
0.221072
2.097
1.21248
1.52909
1.69334
1.04424
0.507078
0.443065
0.686153
1.76935
1.97305
0.572666
0.263161
1.26208
0.934001
0.662498
0.676715
0.494811
0.341074
2.42423
1.78287
0.952572
0.213673
1.0597
1.03096
0.902761
0.485385
1.22392
3.21976
0.303351
0.666835
0.439927
1.69254
0.129674
0.935169
0.400898
0.826568
0.37594
0.545467
0.290797
0.3328
2.13963
2.69758
0.583664
2.13949
1.1063
2.9391
0.437131
0.213131
0.894968
0.286169
2.07898
1.84338
0.0856149
1.17015
1.36761
1.32089
0.878597
0.746548
0.376097
1.20217
0.852593
1.5757
1.16652
0.980881
0.331016
0.508384
0.904312
0.392901
1.75254
0.383357
2.33126
1.15736
2.62614
0.798229
0.434128
0.226798
0.069739
3.57111
1.227
2.73169
0.171549
3.09106
1.06788
0.668736
0.328611
0.715927
0.356169
0.373318
2.22406
1.77126
0.578451
1.37373
0.414759
0.121088
0.914583
1.86896
1.00043
1.35212
0.339839
0.62695
0.508185
1.1079
0.428719
0.690688
1.51858
2.26188
0.501497
1.12542
1.60091
1.32965
0.700436
0.683571
0.983944
0.754471
0.44932
0.305848
1.11761
0.212965
0.678963
1.23742
1.10485
0.359211
1.38297
0.135229
0.571617
1.41158
1.19862
0.36742
0.0159237
1.66803
0.39358
0.751581
0.181623
0.762723
0.216507
0.473401
0.342268
1.41602
0.498638
0.416739
4.4534
0.161267
1.44707
0.251721
1.6562
1.89689
0.900853
0.833659
0.949416
1.84151
1.46327
1.78624
1.43966
1.17978
0.769325
0.309701
0.590741
0.224372
0.551025
0.606946
0.72328
3.6593
0.874288
0.145038
0.456197
0.666374
0.222088
0.282074
1.36195
0.664937
0.734637
1.77098
0.723495
0.516776
1.16874
2.01776
1.56119
0.819619
0.272662
1.61184
0.472756
0.340591
0.338242
0.580517
0.896654
0.598265
0.287234
1.16404
0.604793
1.05635
0.790994
1.94808
0.283355
0.765555
1.92221
0.0837627
1.25483
0.287836
0.824428
1.39468
0.417267
0.955533
3.58145
0.70518
0.844831
1.79559
0.290049
1.52393
0.274632
1.04218
0.617542
2.64599
0.828993
1.05795
0.959926
1.67895
0.601979
0.162769
0.54073
1.18845
1.15004
0.423732
1.39528
0.829936
2.13418
2.43625
0.035548
1.05538
0.407038
0.527611
1.60397
0.343132
2.54063
1.29824
0.832572
0.823522
0.614218
2.03285
0.137717
0.493292
0.626768
0.731953
0.538208
0.278747
0.976475
0.736722
1.77777
1.29417
1.26222
1.56942
1.2357
0.584446
1.00186
1.35099
1.50697
0.335497
0.133572
1.09246
0.44035
0.573149
2.30072
1.14959
0.94268
0.340148
0.377429
0.884351
1.23552
0.593265
1.30649
1.1365
0.803839
1.2591
0.492207
1.18201
0.433024
1.08671
1.41558
0.29213
2.62088
1.96876
0.945587
1.91304
0.365541
1.59457
1.1153
0.297974
1.14461
0.60661
1.13277
0.708788
0.559461
1.20795
0.767619
0.339867
0.707653
0.407586
0.576024
1.15402
0.492007
0.73395
1.10198
0.26837
1.53908
0.977903
1.16318
0.110829
0.753168
0.203502
0.55552
0.211287
1.88633
0.889569
0.538283
2.30593
1.28299
0.362763
0.507678
0.149017
0.546911
0.533805
0.786908
0.172046
1.84865
3.71232
0.507276
0.705393
0.883119
1.24504
0.965131
0.0447203
0.936087
0.803137
0.427569
0.934379
1.04733
1.41215
0.247629
0.514361
1.67386
0.598071
0.499694
0.688334
1.82937
0.552968
0.699756
1.40706
0.478502
1.96733
0.887721
0.140397
0.865441
0.500883
0.930629
0.618974
1.74756
0.573163
1.37753
1.51421
3.46998
0.883446
1.08852
0.606014
0.933823
1.86103
1.97679
1.09416
1.03271
1.14464
0.867465
0.892611
1.76824
1.32678
2.38021
1.69752
0.547334
0.738649
0.196403
1.21975
2.78615
1.40023
0.983956
1.3008
0.123953
0.531939
1.17706
1.34626
1.20054
1.10438
1.07854
4.21503
1.48463
0.240927
1.2351
0.641314
1.06986
2.49869
0.420316
0.13655
0.972574
0.885169
0.428013
0.807135
0.692592
1.1537
0.62068
0.193697
1.21622
1.44947
0.490589
0.511545
1.0592
2.92896
0.346732
0.541651
0.367438
2.27726
0.819491
1.32648
0.612096
0.971661
1.45425
1.10994
2.62248
0.633096
3.09637
0.578244
0.685895
0.943283
0.119057
0.191237
1.19622
1.73711
0.383748
1.718
0.691397
1.25598
0.245701
0.766164
1.58039
0.239145
1.04569
1.41251
0.214141
0.928759
0.442085
0.134107
0.506
0.0875793
0.95559
1.87131
0.285408
1.00573
1.26359
0.974859
0.239354
1.35405
0.835727
0.793778
2.76848
1.06912
1.51824
0.693836
0.537345
0.914111
1.06159
0.583839
0.249876
0.482363
0.266115
1.74385
2.27915
0.256279
0.62997
3.09357
0.417799
0.909475
0.531157
0.33634
1.33529
0.786629
1.87541
1.4568
0.55666
0.961214
1.07794
0.692645
1.62796
0.596426
0.864271
3.29843
1.06799
0.332376
0.559922
0.325617
0.564326
2.6909
0.619208
0.942036
4.35343
0.889253
0.147011
0.338169
0.67767
0.731341
2.2792
0.509984
1.55738
0.667999
3.08451
1.07018
0.507556
0.755032
0.191433
0.0563719
0.549609
0.704655
1.50463
0.783095
1.01242
1.58764
0.210362
0.897427
0.463919
1.3581
0.708136
0.621518
1.14476
1.41622
0.294473
0.508263
0.392399
0.822435
1.74396
0.337509
0.717217
0.181785
0.956491
0.143384
1.05941
0.767415
1.16451
0.865223
1.97063
0.909769
0.250214
0.384082
1.98306
1.33363
1.12077
1.0545
0.392523
1.6766
0.366252
0.69578
0.663257
0.460503
0.105738
0.69998
0.517493
0.386169
0.184393
0.672893
0.5089
0.799409
0.798431
0.537651
0.971964
0.13279
1.85097
0.266643
0.687798
1.77067
2.07898
0.693751
0.194397
2.67668
1.95068
1.17576
1.08966
0.353717
0.911622
0.854341
2.65877
2.51464
0.0822395
0.590705
1.47588
2.10442
0.409755
0.653533
1.50812
1.76163
0.563383
1.6806
0.574862
0.278014
1.24383
1.73
1.40128
0.413631
0.931715
0.347363
2.94042
0.813285
0.590847
1.69266
0.536553
0.662835
1.4058
0.220069
2.5703
0.654925
0.679626
0.52966
0.141311
0.524478
1.40681
1.78462
0.509817
0.759328
0.505577
0.539528
1.08174
2.37435
0.043428
2.5311
0.0945591
1.07678
0.752051
0.467441
0.694674
1.94442
0.440269
0.690875
0.231125
1.09677
0.310571
2.17532
0.771527
0.711545
0.555022
0.726444
1.08063
0.302561
1.00279
2.31491
2.0444
1.22524
0.866608
3.18118
0.984041
1.30387
1.03521
1.83667
0.797614
0.631864
0.461036
0.134679
0.564716
0.575943
1.32413
0.709492
0.613269
1.61733
2.91024
0.648136
1.14304
0.26666
0.485791
0.247688
1.24065
0.82204
0.922991
1.95803
0.626977
0.93935
2.40134
0.250918
0.0418427
0.976353
0.733937
3.38203
0.649768
0.228764
2.2862
1.18273
0.951332
1.25899
0.287307
0.543319
0.874556
0.297822
0.690717
1.38768
0.421726
0.687684
1.26377
0.953879
1.40233
1.47391
0.109685
0.276998
0.815707
1.14434
1.04701
0.990056
0.0843594
0.226976
0.188887
1.02043
1.56961
0.838965
0.755426
1.62578
0.584448
0.179437
0.170154
1.72681
1.12291
1.50351
0.105685
1.76839
1.77375
2.33738
1.07136
1.21665
2.31534
1.98006
1.60777
0.721653
1.03424
0.0710706
0.409387
0.582275
1.23292
0.819556
1.10518
0.61818
2.64908
1.67218
0.683829
0.217651
1.65533
0.62253
0.288913
0.411617
0.577798
1.10829
0.379597
0.916663
0.124456
0.227649
1.23441
1.38484
0.619152
0.220251
2.98929
0.0150466
1.39651
1.85098
0.38284
0.546294
1.47888
1.06523
1.04268
1.20381
0.997995
0.337214
1.54087
1.12369
1.18773
0.981064
0.665035
1.06188
0.533612
0.506717
0.662099
1.04235
0.540593
0.487083
1.60925
1.56346
1.46073
0.62709
0.541643
0.772103
0.612582
0.883354
1.80015
0.721336
0.399664
0.183698
0.555353
0.770682
1.71578
1.25999
1.28023
0.914764
0.521203
0.798299
0.479464
0.43445
1.43646
2.62673
1.20134
0.374375
2.15826
1.72771
0.533996
0.412108
1.26085
0.760299
0.874719
1.27289
1.14767
0.708551
0.595908
0.435153
0.626513
2.00187
0.593251
0.605825
0.617415
0.812904
0.893307
1.43465
1.58065
0.885993
0.517932
0.444901
1.04134
0.734517
1.57219
