-0.563858
0.497935
-0.235649
0.177522
-0.652331
-0.763923
-0.183054
-0.12482
0.4725
1.04784
1.4316
1.10406
-0.445788
-1.23885
-0.794371
-1.33908
-0.491751
0.461623
0.614658
-0.364094
0.132834
-1.55514
-0.85574
0.457882
-0.323294
-0.399692
0.270015
-0.307309
0.419276
1.16055
-0.596526
-0.673919
0.166217
0.796609
1.45152
0.281859
0.6027
-0.292543
-0.0452315
-0.214538
-0.0941717
0.333858
-0.465609
-0.10272
1.31725
1.16848
-0.209935
0.187608
-0.230037
0.00310021
1.38996
-0.173311
1.14704
-0.144986
-0.511453
1.16387
-0.0332891
-0.274474
-0.695968
0.941511
0.894248
-0.241702
-0.146368
0.0686091
0.624202
0.207303
-1.5095
-1.02999
-0.252826
0.0473569
1.14165
0.921276
-0.00804311
-0.192336
0.371217
0.428086
0.437843
0.63821
0.356824
-0.349034
0.260041
0.537764
0.139569
0.54935
0.185924
0.350787
-0.597238
0.437888
1.20188
-0.423633
-0.881805
-0.132577
-0.100389
0.932171
0.460655
0.205981
0.240568
0.29359
-0.36698
0.77111
1.2157
-0.225957
0.617588
-0.193756
-0.335924
0.339275
0.174666
0.437819
-0.725037
-0.0969928
-0.351647
1.74295
1.85661
-0.402236
0.061148
-0.19759
0.168897
1.03288
1.0165
0.794274
1.49874
0.633732
-1.45735
0.136905
0.365692
0.409498
-0.394058
-0.15339
0.0159122
-1.02723
0.709647
0.187973
-1.16037
0.122059
1.45728
0.83717
0.893084
0.757451
-1.48853
-0.253922
0.554054
-0.768704
0.0962129
-1.0448
0.754533
1.31429
-0.452589
0.413753
0.482583
-1.20522
0.916637
-0.154522
0.335136
-0.585027
0.068914
-0.129592
-0.172982
0.994856
0.471613
-0.846702
-0.603357
0.737254
0.0507074
0.26508
0.231019
0.708963
-0.117817
0.637905
0.439937
-0.00628612
0.906021
1.1803
0.817653
-0.815474
-1.25816
-1.1971
0.456698
1.17629
-1.12522
0.974184
0.344203
0.341388
0.142662
0.203292
0.489162
-0.0760092
-0.692559
0.345804
0.496355
1.0896
-0.824187
-0.864981
1.26135
0.72626
-0.380125
-0.227364
-0.84185
-0.269267
-0.689748
-0.275163
-0.148404
0.342738
1.62158
-0.178727
0.303457
-1.08395
1.33082
0.205202
-0.0668414
0.33983
0.291921
-0.84371
-0.47189
-0.782125
0.243202
0.0984514
-0.445048
0.885254
1.03228
0.856674
-0.40694
0.868062
-0.434081
-0.852443
0.25741
-0.58712
-1.30359
0.660535
0.741721
-0.946641
1.00123
-0.547628
-0.172935
-0.414716
1.04907
-1.65021
0.363204
-1.21676
0.819025
-0.554041
0.690056
-0.81709
0.580891
-0.517428
-1.05622
-0.589394
-0.976248
0.294395
0.0592344
-0.219328
0.0451632
1.33997
0.394033
-0.363713
-0.205848
-0.897824
1.16172
-0.317347
-0.87892
0.440275
0.324659
-0.281017
-0.933046
1.42858
-1.46017
1.01734
0.291861
-0.268421
1.55909
0.358506
0.807588
-0.723746
0.636044
0.0825521
0.683882
1.33792
0.467435
0.0964038
-0.854296
0.487816
-0.065026
0.388938
-0.488347
-0.199976
0.503742
0.406034
0.286726
0.13281
1.37367
1.08417
-0.375639
0.473179
1.25103
-0.179214
-0.0188853
0.711582
-0.99373
-1.04764
0.0803739
-0.408849
0.0491448
0.385181
-0.420235
-1.12548
-0.407329
0.210902
0.465397
-0.202779
1.91612
-0.191812
0.314025
-0.335002
-0.402894
-0.141192
0.917127
-0.384933
0.572516
0.549513
-0.0176559
0.581713
-0.561443
-0.632134
-0.132997
0.500626
-0.29857
0.539612
0.299646
0.0350273
0.553312
-0.0832804
0.353167
0.201551
-0.818251
0.787587
-0.36008
0.338125
0.235383
-0.106272
-0.570322
-0.375968
-2.22187
-0.802402
0.849148
-0.951003
-0.656054
-0.203115
-0.574997
-0.656191
-0.0376009
0.756796
-0.164161
0.152433
0.960076
0.359854
1.99397
0.305495
-1.02392
0.102292
0.0462226
0.283384
0.674198
0.227445
-1.39686
0.83166
0.65735
1.29502
-0.376014
-1.479
1.08043
0.221566
-1.10406
1.04145
-1.09126
-0.0882511
0.287075
-1.14218
0.148811
0.90242
-0.738025
0.158618
-0.0753587
-0.160466
-0.146301
-0.328574
-0.805166
-0.269399
0.608009
0.450721
-0.37495
0.972212
0.33079
0.294251
0.267836
-1.22974
1.41999
-1.05471
0.0176445
-0.864717
-0.0699547
0.422495
0.801233
-0.346391
0.682997
0.00679476
-1.07881
0.763333
-1.10649
1.24491
0.0552104
0.17225
0.235713
-0.46395
-0.503141
-0.391064
-1.34179
0.427444
-0.259702
-0.00625898
0.299711
-0.188543
-1.21315
0.660429
-0.479613
0.219129
-0.0244869
1.53221
-0.688791
-0.806943
0.337919
0.176158
0.5387
-0.597417
-0.0796363
-0.144135
0.610559
1.02607
-1.71371
0.887609
0.303716
1.17902
1.29767
-0.2785
-0.514808
0.511147
0.559109
0.765949
0.393257
0.0272403
0.854244
0.180402
0.207591
0.875063
-0.260482
-0.860892
0.397769
-0.467529
-0.508959
-1.69901
-0.657861
-0.783794
0.0107234
0.603262
-0.125733
-0.516941
0.126157
-0.612592
-0.622997
0.265145
1.61327
1.04141
-0.617311
-0.0763235
-0.241707
-0.642032
-0.177991
0.139006
0.65793
-0.351705
-0.111536
-0.461436
0.565625
0.943664
-0.964787
0.151075
-1.13842
0.465312
-0.270226
0.472666
0.375874
-0.474905
0.1085
-1.37998
0.19019
-1.65683
-0.828287
0.626343
-0.153946
-0.152387
-0.714309
0.862666
0.0870475
0.0821728
-1.34298
-0.13772
0.645883
0.507689
-0.25091
-0.13931
-1.09416
0.491426
-0.771694
-0.704697
-0.474658
0.282914
-0.421349
-0.795638
-0.0214859
0.307729
-0.259749
0.654762
-0.519
0.0600502
1.43817
-0.839055
0.20186
-0.502994
1.12333
0.18288
-0.881561
-0.820842
-0.38073
-0.0750544
0.190106
-0.183211
-0.861379
0.439891
0.189991
1.40958
0.376564
0.840952
-0.000794482
-0.294982
-0.99454
-0.619709
0.516428
1.12246
0.28261
0.479686
0.640431
-0.377345
0.286253
-0.445385
0.632193
-0.775912
-0.450646
-1.32264
-0.0414805
0.32639
-0.0694002
0.774813
-1.06554
-1.84712
1.10112
0.249306
-0.846222
0.483068
-0.343975
0.573745
-0.329348
-1.35518
-0.155351
0.77653
-0.751204
0.761718
-0.239524
0.232869
-0.631282
-0.634999
-0.756421
0.189487
-1.15875
-0.0681141
0.595799
1.1738
-0.821769
-0.527007
-0.118634
0.743708
0.271949
-1.28681
0.228238
-0.205803
0.55605
-0.257922
0.705569
-0.745637
-1.10972
0.175598
-1.33844
-0.852479
0.32851
0.285119
-0.48617
0.243104
0.473731
-0.165675
-1.78536
0.926192
0.386421
1.14054
-0.548353
-0.0986532
-0.790505
0.157762
-0.748477
0.847471
-0.192766
0.28132
0.457845
0.458663
-0.249742
-0.446813
0.66557
0.876194
-0.331986
-0.537229
0.170703
0.399021
-1.5191
0.421873
0.175657
-0.560582
0.0957429
0.274136
-0.110118
0.164994
-0.320813
0.464524
-0.193921
0.713148
0.7066
0.0827035
-0.526724
-0.465406
-0.22973
0.0895538
-0.810652
0.111494
-0.109619
-0.754072
-1.17661
0.451423
0.190735
-0.991805
-0.0892287
0.172539
0.692686
0.638284
-0.379787
-0.279261
-0.653129
-0.568405
1.66721
-0.19488
0.206856
-0.482089
0.00978675
-0.406062
-0.631392
-0.17901
-0.513553
0.147841
1.22234
-0.0821584
-0.547545
-1.33236
1.68548
1.04932
-0.322629
0.00403528
-0.438413
-1.30051
0.283126
-0.120977
-1.04801
-0.620915
0.151532
0.261184
-0.612434
1.17872
-1.04992
-0.343129
-0.370558
-0.0692316
0.348855
-0.445243
0.5135
-0.0407698
1.07489
0.300872
-0.353313
0.578596
-0.328785
-1.14847
-0.224285
0.15144
-1.76492
0.778145
0.101519
-0.163285
-0.148365
-0.628844
-0.394272
-0.281521
-0.557187
-0.131267
-0.222411
0.0605559
0.900015
-0.832525
0.201232
-1.12618
-0.799663
-1.074
0.500072
0.081746
0.646395
-0.353784
-1.14767
0.21378
1.23921
0.147206
-0.773591
-0.0519965
-0.82105
-0.710919
-1.21468
-0.280974
0.499332
0.84123
0.136752
0.852279
0.309608
-0.608072
0.0184687
0.14628
-0.623712
0.306187
-0.34549
-0.165818
-0.161221
-0.34471
-0.421922
0.657274
1.01764
0.0496345
0.562321
-0.874201
-0.767766
-0.325868
0.0271187
0.442665
0.384568
-1.23315
0.439584
-0.66732
0.483091
0.651763
0.371957
-0.551764
-0.0960002
-0.346623
-0.436659
0.193259
0.0715176
1.47055
-0.156675
-0.521267
1.01011
-0.209035
0.12398
0.33468
-0.828616
0.165106
0.870176
0.309665
-0.0777373
0.435618
0.597702
0.317967
0.601476
-0.317836
0.79892
-0.54472
-1.15428
1.28014
0.466569
0.0309867
2.0102
0.275384
0.345857
0.119404
-0.831313
-0.824002
-0.744944
-0.366575
0.4118
0.371602
0.338374
0.311442
0.695966
-0.00853487
0.421967
-0.122653
0.887755
-1.28526
0.133612
0.0619028
0.936111
0.972339
-0.5623
-0.308377
-0.218607
0.611689
-0.969688
0.0633349
0.227509
-0.466591
-0.689484
0.298049
0.455857
0.551156
-1.19343
-0.416318
0.338697
-1.02016
-0.617924
-1.07834
0.649043
-0.662016
1.61057
0.752738
1.3827
-0.221213
1.21312
0.448929
-0.0245339
0.70752
0.746251
-1.07735
0.0829995
-0.312856
0.0644998
-1.17823
-0.0754625
-0.533391
0.290492
0.258501
0.0827691
-0.516085
0.66332
-1.65177
0.168508
0.76924
-0.866561
-0.0333769
0.353092
-0.0626611
-0.6789
0.0405699
-0.255651
0.553288
0.175217
-0.160842
-0.793655
-0.225588
-0.196706
-0.107579
1.06187
-0.385637
-0.773661
-0.296101
0.452622
-0.0123372
0.745631
-0.917191
0.884115
0.73214
-0.675022
-1.18494
-0.365718
-0.510932
-0.561565
0.713812
-0.378428
-0.346794
-0.449352
0.122496
0.116405
2.13823
0.812179
0.527302
0.150308
1.08089
0.144983
-0.171431
-0.630961
0.210552
0.536759
0.070748
-0.796452
-1.10247
-1.16927
-0.129849
-0.500811
-0.509658
-0.377519
0.526791
-0.91178
0.932066
0.21873
0.274706
-0.094531
-0.76008
0.998598
-0.403515
-1.85633
-0.306706
-0.294621
0.378066
1.27669
-0.421101
-0.35628
-0.36957
-1.50155
0.551075
0.509057
0.00392841
0.238322
0.407513
-0.58726
-1.15501
0.882757
-0.137137
-0.0468318
-1.53052
0.475485
-0.266575
-0.967181
-0.892422
0.311139
-0.37035
0.458304
0.616948
0.672882
2.13794
-1.19663
-1.10495
-0.594216
-0.14677
0.0184832
-0.796899
0.432674
-0.408936
0.495757
-0.538568
0.0645728
-0.0307404
0.968126
-1.80636
1.08626
-0.890551
0.421121
0.101101
-1.12269
-0.464519
0.0336139
-0.15798
-0.280998
0.589225
-0.00624563
-0.277749
-0.504345
1.66836
-0.709618
-0.260375
-1.21646
0.0989453
-0.687463
-2.31149
0.42161
0.342149
0.288762
-0.0429775
0.621786
-0.36033
0.502159
-0.126327
-0.377437
0.788341
0.561359
-0.346289
0.256523
-0.104551
0.304158
0.877467
-0.553345
-1.01217
-1.84234
0.725153
0.525436
1.54962
-0.0655466
0.456281
-0.952919
0.0392757
0.312967
-0.513881
-0.906365
1.06207
-0.964771
0.752474
0.78128
-0.666474
0.0912234
0.388015
-0.793408
0.148971
-0.438222
0.63983
-0.920472
0.189871
0.336749
-0.517572
0.0724804
0.665955
-0.375554
0.896495
-0.51379
0.680192
-0.898272
-1.04066
-1.06935
-0.14917
0.793942
-0.446895
0.297146
0.435312
0.155766
1.47467
0.31229
0.377567
0.143044
0.660632
0.125123
-0.124158
-0.0772625
0.936586
0.928317
0.221855
-0.127284
0.311561
-0.448445
0.406507
1.44495
0.212935
-0.519487
-0.415389
0.551229
-0.943283
-0.264336
1.2989
-0.191466
0.155101
0.0070507
-0.649145
-0.252052
0.555265
0.167809
0.0298603
0.841545
-0.0860257
-0.0621986
0.89895
-0.555198
-0.205601
1.18102
-1.58508
0.198994
-0.970931
0.362871
0.286757
-1.21255
-1.26184
-1.10849
0.776784
-0.100341
0.0508207
-0.450672
1.49877
0.657643
-1.12675
1.21251
-0.0832035
-0.961759
0.581269
-0.413198
0.51512
0.763788
-0.704411
-1.08327
0.843834
0.662172
0.926723
0.120636
-0.00186109
-0.654187
-0.836726
0.324367
0.546805
0.285693
-1.29018
0.601793
1.49456
0.519893
-0.501621
0.77447
-0.850702
0.163855
0.108245
-0.117912
0.415186
0.0316116
0.00382176
0.858283
-0.0505804
-0.191482
-0.226332
0.423352
-1.52529
-1.42369
0.915868
0.70311
-0.150097
-0.0507005
-0.445242
0.0235388
0.0187484
-0.497646
-0.535048
0.326408
-0.531774
-1.00506
0.114812
-0.613784
0.307849
-0.14524
1.26923
0.0606159
0.467713
0.97176
-1.37689
0.026398
0.346153
-2.7575
0.283567
0.407513
-1.26369
0.491978
-1.41615
-0.242696
-0.141466
-1.7141
-0.482059
-0.402113
-0.368173
1.37358
-0.0930331
-0.922499
-0.0843357
0.140862
-0.383776
0.725487
-0.133583
-0.488714
-0.134777
0.580534
-0.102661
0.837539
0.0738476
0.270713
-0.755525
1.33218
0.427512
0.303206
-0.231376
-0.232471
1.84149
0.544048
-0.883389
0.729553
-0.190903
-0.0678916
-0.132663
-1.77481
-0.635288
-0.230939
-0.155506
0.170558
-0.440102
0.580683
-0.428567
-0.291503
0.341871
0.977108
-0.272107
-0.471834
0.170158
1.19781
-0.54812
-0.928217
-0.257195
-0.512843
-1.06933
0.403483
-1.93596
-0.518486
-0.333055
1.56469
1.00652
-0.306052
-0.930379
0.924993
-0.0999525
-0.283323
0.382296
0.384542
0.119612
0.037986
-0.480633
0.867584
0.960145
-0.306365
-0.00276059
-0.688893
-1.20835
-0.774472
-0.213646
0.0432609
-1.18099
-0.332152
0.665467
1.03583
0.495191
0.43374
-1.17188
0.806496
-0.29011
-0.0749822
0.516069
-0.586505
0.927058
1.72056
0.423499
0.604209
-0.472175
0.149278
-0.835944
-0.56094
-0.343641
0.964409
0.216899
0.448962
-0.284793
0.0850468
0.786066
-0.837545
-0.412672
-0.340455
1.19595
0.4985
0.932505
-0.674767
-0.10536
0.0304266
-0.359021
0.917845
0.788791
-1.22477
-1.23293
0.226846
0.041094
0.530111
-1.05043
0.230271
-0.286395
-0.047779
-0.0885221
-0.492025
-0.0496393
0.331606
0.521879
0.608232
0.596293
-0.965256
-1.07854
-0.221164
-0.0162091
1.10929
-1.3045
-0.511148
0.113411
0.0320952
1.27967
-0.1932
-0.408773
-0.149834
1.41216
0.478289
-0.93474
0.190355
0.00908969
0.203327
-1.12045
-0.327174
0.51152
-0.7751
-0.0815173
0.625068
0.651849
0.399969
0.792744
0.0223168
-0.290323
1.00568
0.257934
-0.235395
1.1312
0.0655651
1.43987
-0.341886
-0.603125
0.468554
-0.812127
0.147574
0.256805
1.19792
-0.898672
-0.332904
-1.30167
-0.968484
-0.124423
0.565267
-0.588599
-1.40937
0.906801
0.0149257
-0.10753
-0.678259
0.553117
0.431093
0.174413
-0.72341
-0.377874
0.152474
0.43479
0.951853
-0.554831
-0.107924
-0.291588
-0.68889
-0.293063
-0.0895143
0.63741
0.451856
0.677671
0.175704
0.552131
-0.936924
0.100429
-0.71209
0.108749
0.173443
0.632481
-0.20541
-0.123189
0.102065
-0.885908
-0.322698
-1.12503
-1.10829
0.130817
-0.435479
0.454623
1.50116
0.473135
1.38851
0.328864
-0.398368
0.0900131
0.517026
-0.996874
-0.386299
0.215391
-0.5572
-0.798825
-1.67403
-0.876022
0.16847
-0.693948
-0.985798
0.126914
0.538892
-0.451605
1.51714
1.16869
-0.327806
0.640392
0.59007
0.296343
-0.0954721
-0.434083
0.87098
-0.5073
0.569306
-0.532332
-0.776754
-1.04516
-0.546868
-0.398189
-0.0647036
-1.0229
-1.92204
1.07359
-0.0824839
0.227732
0.884928
0.329821
0.668953
0.342726
0.735659
0.762539
0.913276
-0.584736
0.0169463
-0.45901
-0.101597
1.32186
0.0862263
-0.504734
0.782369
-0.101721
1.0728
0.0396206
-0.00886655
-0.263107
0.168281
-0.402549
1.58363
-0.0146228
-0.47411
-0.461083
0.811855
-0.640892
1.10856
1.0172
0.445879
-0.850612
0.249842
0.016826
0.318703
-0.924981
-1.21022
0.0469957
-0.437884
-0.945997
0.239336
0.50353
-0.0329316
0.550921
0.130117
0.852686
-0.096758
0.207325
-0.849003
-0.267886
-0.595876
0.43005
-0.0635113
1.52845
0.835038
-0.291617
-0.147894
1.62505
0.0413571
-1.49002
-0.378681
-0.227478
0.578309
-1.56872
-1.67604
0.200043
1.55616
-0.099536
-0.0911323
-1.15393
0.535305
0.535357
1.02205
0.580768
-0.961827
-1.0436
-1.15427
0.112746
-0.520741
0.655216
0.95053
0.196413
-0.347108
-0.943377
0.640416
0.237117
1.19583
-0.563961
-0.748556
0.0185074
0.763429
-0.532617
0.86991
1.71706
0.134568
-0.0361082
0.739336
0.831243
-1.20236
-0.605464
0.397157
0.991579
-0.246025
-0.904495
-0.629203
-1.00449
0.155635
0.396014
1.01187
0.64725
0.186252
0.722028
0.108239
-0.60186
-0.156016
0.655159
0.0733588
-0.0383074
0.684777
1.22671
-0.163051
0.707888
1.04009
0.512112
-0.551521
1.13653
-1.18059
-0.646084
-0.643578
0.54458
-0.0690421
0.224211
1.31302
0.615565
-0.590613
-0.040296
-1.24702
-0.422772
1.44706
1.2442
0.177297
-0.722736
0.626125
0.591496
1.39947
0.165537
-0.965484
1.08415
-0.0679075
-0.340038
-0.27581
-0.70852
-0.596289
-1.06583
0.147125
0.0831823
-0.662102
0.376266
-0.317257
1.09203
-0.417767
0.268859
0.157242
-1.08363
-0.0892422
-0.261464
-0.00146265
0.511698
0.14202
0.272384
-1.00913
-0.647986
-0.739325
-0.582603
-0.234386
0.509718
0.0125212
0.537705
0.706337
0.473801
-1.02737
0.394081
0.213069
-0.247491
0.659115
1.30334
0.416459
-0.825962
-0.325438
-0.169671
0.653333
-0.0155125
-0.803523
0.637914
0.548623
0.169593
0.580104
-0.583169
0.0748346
1.22445
-0.257839
0.390619
0.525825
0.412551
0.846038
-0.512214
0.409872
0.256395
-0.190022
0.0462159
0.839593
-0.7732
-0.780243
1.81996
-0.168225
0.484436
-0.423657
-0.357136
0.275442
-0.910302
-0.0222671
0.650659
-0.117928
-0.842893
-0.904879
0.372649
0.56194
1.15596
-0.216809
-1.48477
-0.785438
1.08702
0.268685
-1.2327
0.043062
-0.5245
0.227843
-0.13084
-0.516
-0.42351
-0.362465
-0.320902
-0.973388
-0.357806
-1.36908
-0.63227
-0.86407
-0.731087
0.0135063
-0.599561
0.187275
0.817024
0.294543
0.026864
0.867893
0.48585
-0.406517
0.510025
0.406544
0.247612
0.756483
-0.281213
0.609354
0.378317
-0.377515
-0.0701364
-0.0365789
0.217564
-0.0250841
1.58984
-0.839468
-0.914716
0.0474636
-0.0767177
-0.446842
-0.728715
0.852255
-0.760124
-0.904021
0.297645
-0.437071
0.105388
0.65289
-0.0976532
0.333121
2.43752
-1.39952
-0.353413
0.974305
-0.770622
0.820655
-0.0638329
-0.616075
-0.426311
0.149574
1.04918
-0.0449154
-0.160134
-0.372685
0.463026
0.382269
0.867258
-0.00918067
-0.887455
-0.655429
0.421942
0.83101
-0.298019
-0.206839
0.406313
0.179969
-0.187363
1.25755
-1.00878
-0.384295
-0.252752
0.00588906
-0.241092
0.457453
-0.337501
0.158402
0.429779
1.14109
-0.230828
0.0819305
0.655538
0.576379
0.438051
0.500375
-0.987254
0.694019
-0.948978
0.35874
0.847016
-0.568533
0.243153
-0.375015
2.021
0.296649
-0.0128006
0.795494
1.5003
-0.496462
0.0397136
-0.112371
-0.470415
0.927367
-0.872748
-0.441227
0.38862
-0.0401353
-0.400217
1.83321
1.13826
-1.28577
0.488206
-0.15073
0.277281
0.567569
-0.575611
0.413296
-0.520836
0.346001
-0.24872
0.516793
0.236778
0.156583
1.18391
1.72456
-0.421942
-0.435584
0.107432
-2.1216
-1.14827
0.502282
-0.410168
0.655255
-0.71745
-0.370902
-0.113324
1.00822
-0.0524272
-0.289942
1.30845
0.279792
0.911592
0.998041
-0.600612
-0.561155
-0.469571
0.444361
-0.378642
0.223702
0.0949903
-0.684015
0.282243
-0.0558935
-0.338174
0.488425
0.0269348
-0.0701989
0.742476
-0.222822
-0.430726
1.20422
-0.136801
-0.768712
-0.834774
0.112058
0.61727
-0.581006
1.15665
-0.549031
-0.744432
0.202262
0.390432
-0.837378
-0.0269968
0.841268
0.0521163
0.0696921
0.585963
0.121494
-0.202469
1.65334
-0.0464778
0.607788
-0.160476
-0.766284
-0.0181037
0.135568
0.353664
-0.0578417
-0.0744725
-0.314295
-0.104532
0.210726
0.00388031
-0.864385
0.175179
1.04075
0.372529
1.53543
-0.62027
-0.490948
-0.0345631
-1.77065
-1.08324
1.32273
-1.52966
0.172163
-0.52223
-0.57698
-0.513329
-0.526892
0.606312
-1.85663
0.577371
-1.28361
0.0418116
-0.369966
-0.186515
0.566999
0.191944
0.327217
-0.0499983
0.217856
-0.615805
1.16029
1.17381
0.0939271
-0.417148
-0.338091
-0.53049
0.495949
0.352839
-0.569045
-0.509297
0.159294
0.075368
-0.292754
0.365786
-0.917586
-0.39786
-1.03466
0.812523
0.615972
-0.157237
0.64207
0.452544
-0.198048
-0.607182
1.03001
-1.36196
-0.36072
-0.19199
0.792149
-0.945302
0.399793
-0.0490962
-1.21748
0.839646
0.302677
0.432479
0.0220794
-0.130977
0.0120042
0.478034
-0.153258
0.517651
-0.56852
-0.356347
0.0647022
-0.782366
0.291409
0.230213
-0.129454
0.587353
-0.226651
-0.330692
-0.435098
-0.0120894
0.424403
-1.12745
-0.697831
0.563033
-0.00973554
-1.11943
-1.17941
0.0128035
1.12346
0.830368
-0.384653
0.0379139
-0.679461
0.457706
1.04414
-0.140453
-0.67209
0.386825
-0.486244
1.06981
-0.541402
0.234996
1.24196
0.211604
-0.304402
1.11226
0.790725
1.02527
0.566628
-0.582448
1.32566
0.751177
-0.670157
0.506996
0.282193
-1.05593
-0.28441
-0.791873
-0.771782
0.352224
-0.934963
-1.13212
0.831711
0.832617
-1.24304
-0.0686693
0.486847
0.4485
-0.369779
0.152535
-0.629009
-0.960339
1.31144
0.742535
1.00176
0.839981
-0.0419331
-0.916444
0.181644
1.21032
-0.608079
-0.185366
0.214243
0.801405
0.457084
0.231166
-0.369456
0.435604
0.109224
0.223266
-0.260371
-0.990609
0.279642
0.425857
1.12704
0.152663
1.12343
0.347676
0.788056
-0.399623
1.37513
0.0715326
-0.739697
0.520496
-0.807502
0.719071
-0.10486
0.467514
-1.1355
0.809339
-0.545955
0.189942
1.57491
-0.0878943
-0.723247
-1.12177
0.167118
-1.51317
-0.908122
-0.789592
0.305524
0.544451
-0.0577542
-1.22241
0.0957369
-0.692795
0.0184879
0.970293
-0.301208
0.868641
0.396457
-0.459895
-0.295038
0.14051
-0.10159
-0.000332284
1.02683
-0.640842
-0.0798554
0.462477
0.202903
0.826649
1.17072
-0.155479
1.00343
0.254252
-0.762146
-0.0200831
0.929524
-0.340482
0.717857
-0.0299926
-0.149092
-0.156375
0.583125
0.256003
0.444892
1.03831
-0.280698
-1.3426
0.091351
-0.674365
0.45619
-0.35423
0.340585
-0.251442
0.0472924
0.789695
0.13703
0.610958
-1.025
-0.932304
-0.102577
0.873962
1.26031
-1.33421
-0.319792
-0.159119
0.637696
-0.116641
-0.821318
-0.197633
0.387369
0.529775
0.404208
0.449845
-0.490751
0.723162
-0.986626
-0.835922
-1.02319
1.17728
1.02578
-0.20984
0.586503
0.558359
-0.27787
-0.178557
-1.00772
-0.376395
0.791942
-1.38951
0.295347
0.2443
0.757329
-0.370175
0.577965
1.89968
0.596635
-0.280437
-0.550184
-0.438875
-0.506318
0.85221
-0.275147
0.650193
-0.394395
0.417004
-0.0165565
0.668837
0.824505
1.20115
-0.278865
0.481998
-0.630785
-0.236816
1.6227
0.720021
1.08822
-0.737066
0.33683
-0.128278
-0.377697
1.18131
1.14206
-0.0300073
0.523396
-0.0740396
0.676522
0.110735
-0.339084
0.362217
-0.150333
-1.3348
1.08293
-2.07361
0.692257
0.906985
0.396472
0.138602
0.0371265
-0.37328
1.00385
1.7191
0.712003
1.02873
-1.15722
-0.496734
0.592165
-0.0849761
0.0241312
0.129354
-1.85907
1.19994
0.17826
-0.0757908
0.785784
-0.284513
-0.944277
-0.895296
-0.433417
1.19293
-0.44237
0.706834
-0.567684
-1.42314
-0.812781
0.0996711
1.18265
0.49767
0.374673
-1.0179
0.158792
1.56778
0.400883
0.809459
0.319974
-1.07263
0.324418
-0.0770509
0.67537
-0.310662
0.152374
-0.0956789
1.12587
1.02923
0.0293834
0.0133599
-0.600959
-1.20605
-0.668618
-0.0314342
-0.679001
-0.0101021
-0.474347
0.454751
0.730291
-0.443716
-0.639136
1.38223
-0.0265639
-0.15877
-0.55967
0.533086
1.07075
0.0674003
-0.0495537
1.2038
0.52435
0.272036
0.976238
-0.736457
-0.799329
1.1722
0.34842
0.26136
-1.9363
0.339245
0.557078
-0.168871
-0.337428
-0.513909
0.44135
0.671531
-0.470167
-1.69883
1.11466
-0.417275
0.133652
0.697517
0.299932
1.4772
1.08163
0.955163
-0.103624
0.783866
0.247356
0.612741
-0.37147
1.11318
0.140106
1.16719
0.318416
0.41438
-0.315839
0.740055
-0.0510971
0.335953
-0.711774
-0.549379
0.280348
0.0814285
-0.213958
-0.691523
0.935913
-0.518808
0.202886
0.0212208
0.570339
0.883652
-0.485289
-0.561591
0.522716
-0.538945
0.283809
0.666747
-0.469824
0.733711
0.474307
0.602061
-1.30413
0.0567245
-0.494533
-0.0023798
0.0633982
1.22813
-0.884133
0.0248708
-1.17218
0.842543
0.155802
0.512729
0.705467
0.912244
0.325858
-0.051706
-1.15724
0.00619504
-1.02463
0.0839569
-0.679612
0.051579
-0.203171
1.03828
0.931637
-1.49384
-0.609257
0.423171
-0.769676
-0.166754
0.856545
-1.2066
-0.594901
1.37284
-0.08668
0.0607141
-0.782156
-0.0755027
-1.04223
0.218468
0.105331
0.72394
-0.679062
-0.0135793
0.460904
0.854767
-0.143726
-0.494199
0.568232
-0.655307
0.781131
-0.028301
-1.45451
0.385969
-0.469191
0.538978
-0.55093
-0.393492
0.90654
-0.580991
-0.239481
0.908936
-0.210812
-0.227933
-0.292608
1.04865
0.159931
0.864012
-0.0719063
0.578462
-0.0198885
-0.179321
-1.63091
0.148141
-0.187335
1.9026
0.202544
-0.62467
0.592785
0.696019
-0.150683
0.260473
-0.623448
1.53843
0.227128
0.23544
-0.303136
0.336116
0.415516
-0.193951
-0.659524
-0.523734
-0.204995
1.44015
1.10869
0.404109
-0.405545
0.923084
1.09057
-1.03255
0.253468
-1.33718
-0.475284
-1.14348
-0.400766
0.644157
0.690346
-0.0158441
-1.18193
-0.50651
0.946711
-0.401794
0.129968
-0.268291
1.36727
0.716226
1.0595
-0.460894
-0.564295
-1.21814
0.72452
-0.292322
-0.0901283
-0.640791
-0.750006
-1.52856
1.18487
-0.400183
-0.0618044
-0.362813
-0.130406
-0.522346
-1.75521
-0.229945
0.758541
0.355148
-1.33191
-0.0748713
0.338837
-0.595467
0.314031
0.77101
0.620366
0.237291
0.0395986
0.240773
0.165205
-0.412936
0.241503
-0.377877
-0.426345
-0.108337
0.326896
-0.45678
-0.0796166
0.204178
-0.615887
0.899533
0.0324228
0.028093
0.411633
-0.735428
-1.28676
0.568643
0.0693934
-0.0778647
-0.400048
-0.642088
0.746071
0.328654
0.110893
-0.187594
-0.435484
-0.77925
1.63222
-1.4748
0.00425591
-0.216296
-0.636408
0.913096
0.072509
-0.52914
-0.225748
1.05753
0.0544862
0.38367
0.933063
-1.12458
0.0611043
-0.204452
-0.321971
-0.237545
0.128113
-0.406375
-0.271592
-0.956953
-0.625006
-0.583492
-0.439063
0.500423
-0.0128631
-0.221196
0.90971
-0.649801
0.85883
-0.701052
0.51692
0.387244
-0.365631
-0.15683
0.477502
0.313909
-1.16509
0.0216981
-1.25427
0.0590105
-1.03754
-0.0244301
0.277101
0.335648
-0.338054
0.927744
-0.0822966
0.248251
-0.28468
0.0718278
-0.488075
-0.39817
-0.538363
-0.0254713
0.0105372
0.00491699
-0.621037
0.683443
0.306443
-1.28759
0.654145
0.792087
-0.898608
1.19104
0.395883
0.0922676
0.810727
1.32116
0.114394
0.764566
0.448176
-1.28751
-0.937426
-0.206023
-0.177868
-0.220251
-0.122063
0.0583581
-0.961234
-0.615324
-1.22483
0.320238
-0.00851309
-0.976258
0.209716
0.441782
0.465213
-0.357002
-0.074694
1.18373
-0.32019
1.63937
0.66385
1.24574
-0.620949
-0.00592008
-0.985314
-1.51644
-0.470847
-0.342317
0.674127
0.143327
0.557389
-0.434666
-0.751518
-0.632004
0.588236
-0.507927
-0.495334
-0.0173457
-0.664272
0.15569
1.21407
-0.681008
-0.837555
0.448289
-0.470991
-0.00273173
-0.648839
2.36254
-0.642853
-0.805098
-0.776261
0.547561
0.0294278
0.579121
-0.0180079
0.0434183
0.377375
-0.47757
0.944594
0.502071
0.488574
-0.159931
-0.689713
0.219496
0.435776
-1.24988
-0.356587
-0.317631
-0.245016
0.739154
0.0468836
-1.5393
1.42589
0.0286743
1.25678
-1.53842
0.625951
0.705929
0.300396
0.840326
0.101905
-0.39528
1.17268
0.783177
1.00157
0.948662
-0.349399
0.920216
-0.985822
-1.00405
1.74926
-0.221579
0.0783085
-0.281809
0.341682
0.253733
0.423343
-0.279863
0.822727
0.941927
-1.08374
-0.397525
0.791067
-0.183987
0.163419
0.00262859
-0.0962691
-0.0367266
0.664841
-0.155578
0.2059
0.0572801
-0.353633
0.20961
-0.816155
0.0335748
-0.0722329
-0.845846
1.70429
-0.832715
-0.17442
-0.256884
-0.259873
-0.274586
0.355029
-0.35262
-0.637421
-0.66845
0.326067
0.218984
1.10721
0.176048
0.0534737
0.834733
0.559401
-0.0188406
-0.596194
0.396643
0.00340367
-0.39025
-1.0049
0.303518
0.602981
-0.220249
0.65148
-0.815817
0.62034
1.21904
-0.228998
0.387973
-0.0639861
0.404318
0.986992
0.100478
-0.312925
-0.598549
1.41942
-0.0812443
-1.22137
-0.771342
-0.41967
0.481337
-0.818829
0.899066
0.823324
0.256841
-1.04341
-0.0850842
-0.356884
-1.49752
-1.62686
-0.0453889
0.684217
-1.21294
0.424784
0.316231
0.538662
-0.0254678
-0.30631
0.138809
0.0314112
1.22512
0.674603
-0.185901
0.61209
-0.137763
0.0629833
-0.626425
-0.514745
-1.34054
-0.610529
-0.613184
-0.330939
-0.628896
0.444335
1.64095
1.48546
0.789448
-0.792374
-0.703123
-0.79627
0.0796469
0.96875
0.56978
-0.144451
-0.140526
-0.687819
2.00599
-0.143404
0.776994
-0.577071
0.267896
0.469361
0.470485
-0.113104
0.717059
1.35068
0.935405
-0.010843
-0.320185
-0.420105
0.00261669
0.472099
1.28994
-0.140584
0.249857
0.564084
-0.31802
-0.76166
0.13564
-0.0970212
0.670399
0.446526
-0.0164969
-0.835082
0.927283
0.158084
-0.183135
-0.329025
-0.664642
-1.30292
1.30563
-0.515399
-0.982555
-0.703996
0.130314
-0.53804
-0.106271
0.023828
-0.955319
0.728196
1.00681
-1.05675
-1.70307
1.23866
1.43805
-0.566079
-0.196038
-1.15276
-1.21163
0.298223
-0.243485
0.060814
0.585653
1.09535
1.60394
-0.230246
0.455645
-0.818823
-1.28967
-0.221673
-0.215177
-1.04567
0.558376
0.178893
-0.032709
-0.760415
1.00777
0.290915
0.597254
0.13901
-0.32096
0.728477
0.257037
-1.12109
0.0881882
-0.00532375
-0.337012
0.878619
-0.617369
-0.923588
0.0386191
-0.181025
-0.848982
1.01202
-0.0851674
-0.868913
-0.210306
0.849342
-0.838968
0.625577
-0.521576
-0.748364
1.48367
0.0950276
-0.923523
0.236111
0.270686
-0.943489
0.809931
0.749385
1.76188
-0.0248373
0.503603
-0.208951
0.428368
-0.540565
-0.125489
1.22918
0.233441
-0.543674
0.792944
1.28347
1.16564
0.197762
-0.590753
0.412623
0.42653
0.427645
-0.00628345
1.18245
1.28574
0.0642236
-0.482225
0.7141
-0.618688
0.498837
0.53864
-0.0296702
-0.730948
-0.00833094
-0.471979
0.420606
-0.519212
-0.52509
-1.6389
0.678816
0.963197
-0.0275643
-0.621362
0.563652
-0.623973
-0.507726
-0.262837
0.242212
0.793487
-0.384408
0.603044
0.914748
-1.05778
-0.732417
-0.439567
-0.181247
0.431885
0.386328
-0.627545
0.443861
-0.301301
0.749113
0.152857
0.222657
0.0416203
0.473138
0.426593
-0.528321
-0.521935
1.13948
1.01948
-0.0221761
-0.936919
-2.02261
0.129141
-0.30308
0.130292
-0.860421
0.149528
0.684028
0.0837458
1.28526
-0.263468
0.700293
-0.323862
0.677628
-0.479729
0.245934
-0.275792
-0.0643301
0.956532
-1.25215
1.10364
-0.289429
-0.595157
0.448724
-1.74454
-0.370987
0.0110951
-0.0322786
1.94215
0.569446
-0.589961
0.0602536
0.757951
-0.464455
-1.16306
-0.78582
-0.486636
-0.620423
0.13595
0.227582
-0.379023
1.09621
-0.566181
1.16823
-0.0310396
0.404855
-1.37922
-0.804148
-0.0825243
-0.489056
-0.716736
-0.487032
0.469733
0.152902
1.10617
1.28627
-1.13993
-0.560663
0.300137
-0.802949
1.20702
-0.460549
-0.912733
0.164839
-0.969424
-0.687193
0.841149
-0.248111
-0.73612
0.383279
0.0411957
-0.0467825
-0.217763
-0.117554
0.259886
0.575131
-1.05418
-0.593903
0.837587
0.504426
1.07442
0.0894561
-0.479413
-1.45374
-0.382169
0.15055
0.732332
0.00204954
-0.038182
0.599629
0.497455
0.484708
-0.932423
0.170014
-1.08444
-0.808171
-0.417995
-0.936233
0.0482556
0.137627
0.0445908
0.52587
0.857492
1.09791
1.04082
0.25197
0.651958
0.208524
0.506733
0.713073
-0.472251
-0.677641
1.02026
-1.25036
-1.81144
-0.0541239
-0.527373
1.36384
0.739439
0.920223
-0.57228
-0.503885
1.01844
0.729294
0.801951
0.901478
0.842065
0.623555
-0.473211
1.67607
-1.24212
-0.352529
1.24138
-0.0028998
-0.333472
0.762089
-0.504015
-0.585124
-0.236546
-0.220793
-0.409001
-0.442307
0.691496
0.126511
-0.0846849
-0.501371
0.04035
-0.33681
0.394924
0.125073
0.159938
-0.273582
-0.359075
-0.754674
0.29558
0.120227
0.289255
-0.124555
0.00956333
-0.101563
-1.07446
0.210114
-0.641803
0.15611
0.589026
1.53152
0.359436
0.169266
0.592077
-0.148604
1.09799
0.158086
-0.26811
0.955937
-0.834641
-0.161102
0.377925
0.312572
-0.63385
0.492929
-0.334126
-0.222799
-0.511037
0.573541
0.681341
-0.150553
0.637849
-2.36013
0.714922
-0.184053
0.247014
-0.0109184
0.769406
-0.185337
0.0738667
-0.442413
0.349845
-0.0108469
0.998095
-0.467956
-0.727597
-0.467841
-0.471297
0.171329
-0.158331
1.06794
-0.278
-0.260463
0.964491
-1.07462
0.553049
-0.312457
-0.230925
1.3403
-0.404565
0.791616
0.139026
0.636478
0.841945
0.865623
0.968761
-0.412618
0.226141
-1.12818
0.50538
0.666734
0.574897
0.103337
-0.0195846
-0.547933
0.070009
1.24209
-0.755176
-0.713815
-0.777353
0.331583
-0.735308
-0.277346
0.201851
0.950444
-0.728073
0.386071
0.719961
-0.837781
0.521828
0.682718
0.941029
-0.441672
-0.160987
0.0978052
-0.214418
-0.724098
-1.37522
-0.485571
0.35057
0.189867
-0.253202
0.301699
0.0320651
-0.710893
-0.196719
-0.77254
1.37665
0.292718
-0.435731
0.641422
0.654806
-0.366785
-0.272497
-1.55369
-1.74328
-0.235413
0.106075
-0.580691
0.0633675
0.843161
0.798376
0.274121
-0.827097
-0.421114
0.0463202
-0.567964
0.106123
-0.433741
-0.145504
-0.834644
-1.07299
-1.03392
0.441383
0.17611
-0.501834
0.187289
-1.92636
-0.426816
0.313454
0.241019
1.47631
0.175596
0.296304
-0.0911995
-0.360198
0.352461
-1.05556
0.760563
0.174178
0.78487
-0.509249
-0.606102
-0.97411
-0.656535
-0.657197
0.0227849
0.724891
0.549699
0.153199
1.217
-0.114084
0.144722
-0.726048
-0.898271
-2.17229
0.488919
-0.446527
0.0145874
0.552242
0.161049
-0.796252
-0.671437
0.243655
-0.323422
-0.752893
-0.809569
-0.275909
0.284885
-0.824915
-0.238521
-0.323664
0.0376269
-0.507688
-0.98153
-0.878298
-0.705009
-0.386643
-0.73073
-1.92309
0.400476
0.295224
0.340014
1.48186
-0.881823
0.985625
-1.43155
0.991146
-1.29554
0.0765279
-0.0760029
-1.14755
1.7267
-0.569487
-0.899203
0.206006
-0.189775
1.02861
-0.0252603
0.140063
0.349426
0.412132
0.0514779
0.805908
1.43638
-1.32122
-0.444533
0.522811
-0.361126
0.820605
-0.494366
0.290468
-1.46298
-0.346778
-0.125461
0.0638424
0.257429
-0.453616
0.210033
-0.587111
0.877217
-0.455487
-0.417115
0.458883
-1.11509
-0.476207
-1.47387
0.0193944
-0.585006
-1.43979
0.293089
0.116782
0.000450794
-1.21221
1.4001
-0.484376
0.411011
-0.0230098
-2.15904
-0.705675
-0.2569
0.153714
0.237744
-0.429548
-0.0551327
0.149243
-0.314789
-1.02765
-0.811311
0.507421
0.33823
-0.385473
-1.18282
0.88756
0.416548
-0.861468
0.184963
0.684694
0.154532
-0.452777
0.341685
0.0944099
-0.189045
0.0707792
0.348665
1.09162
-0.0902347
0.310675
-0.00122378
-0.765046
-0.69749
1.00239
-0.173861
0.346926
0.638244
-1.16552
-1.2389
0.937621
0.142325
-0.761261
0.816707
0.686654
0.320803
-0.180579
0.806472
0.512915
-0.485201
-0.658433
0.501538
0.313997
0.229157
0.328178
0.0663338
-0.513837
-0.162437
0.258841
-0.434201
0.880951
0.613213
-0.541245
-0.63533
0.95485
0.832897
-0.820199
-1.45933
-0.0768365
-0.0792437
-0.900974
0.487085
-0.696953
0.430894
0.0723022
-1.02788
-0.050359
-0.614063
-0.0867734
-1.31142
-0.746748
-0.545853
-1.14309
2.66371
0.612754
-0.452136
-0.733877
0.464084
0.53351
0.36489
-0.389481
-0.854626
-0.218927
0.284932
0.275157
1.97743
-0.37617
-0.602785
-0.262716
0.462544
-1.11589
-0.698863
0.414004
-1.15888
-0.151295
-0.949845
0.303648
-0.103158
-0.20841
-0.112693
-0.352289
0.0105738
-0.113561
-0.0337794
0.0930041
-0.970757
0.14851
-0.880504
-1.20093
0.267713
0.267554
-0.903184
-0.217448
-0.799991
-1.21204
-0.150247
-0.735523
-0.292326
-0.177826
0.0693446
0.528723
0.734622
-0.206589
1.37167
-0.542212
-0.417191
0.276885
1.23808
-0.807416
0.896267
-0.262509
0.359054
-0.278682
-0.368542
0.695343
0.256034
0.211106
-0.568532
-0.0826156
0.650789
-0.777254
0.555291
-0.476858
1.11894
-0.421388
-0.661325
0.665936
0.913349
0.358712
-0.696411
-0.674754
-0.284169
0.314336
0.164204
-0.802035
-0.329367
0.183203
-1.64957
0.0951876
0.214111
0.749049
0.474584
0.0778599
-0.415334
0.570138
-0.11143
0.32866
-0.0943563
0.0124121
-0.602767
0.590167
0.547034
0.568731
-1.11265
-1.06981
-1.02635
-0.181111
0.672521
-0.670858
0.547951
-0.366229
0.659398
0.770723
0.359651
0.0528862
0.297258
-0.658896
-0.534652
0.784142
0.358835
0.479694
-0.920091
-0.182688
-0.588497
-1.08434
-0.243514
-1.14956
-0.410174
0.00830381
0.745036
-0.275782
0.00192701
0.423843
0.525879
0.933943
0.158783
0.529663
0.498216
1.08251
-0.659605
0.281998
1.0124
0.670298
0.291407
0.233402
-0.407722
0.177498
-0.83066
-0.863564
0.551948
0.990217
-2.34245
-0.325267
1.08903
-0.0533797
-0.519372
-0.114816
0.748237
1.08846
-0.552231
0.626329
-1.06249
0.335309
-0.783355
-0.354309
0.511727
-0.642732
-1.89429
-0.891227
-0.722427
0.105245
0.241372
0.177953
0.265511
-0.614607
0.343826
-1.06864
-0.65708
-0.841696
1.13915
-0.542735
0.885516
-0.921283
-0.794882
-0.417154
1.28281
1.22237
-1.06854
-0.126245
1.43848
-0.393682
-0.733204
-1.95609
-0.682173
1.49463
-1.50374
-1.33062
1.30686
-0.800538
-0.826251
-0.292858
-1.36509
0.00616359
-0.861424
-0.344409
0.594029
0.186711
0.414483
-0.69295
-0.775152
-0.293624
-0.388278
0.442691
0.819992
1.17322
-0.503375
1.11052
-0.286905
0.47134
1.50398
0.387969
0.225073
0.246015
1.32168
-0.192173
0.539444
0.0393448
-0.552036
0.518319
-0.264304
0.0859831
1.07994
-1.25039
-0.834976
-0.890328
-0.279845
-0.101005
-0.769246
0.745314
-0.517223
0.0772755
0.0460676
0.69696
0.208504
-0.29454
-0.948562
0.546528
-1.55483
0.89526
-0.213518
0.655514
-0.0394053
0.725005
-0.710048
0.518457
-0.653894
1.11373
-0.377214
-0.279011
-0.558618
1.40015
-1.3058
0.117183
0.117301
-0.745619
-0.355317
-0.536845
0.767738
-0.358382
0.253528
0.975273
0.139174
1.05054
-0.872517
1.02709
0.539223
0.429629
1.03589
0.700342
0.587251
-0.464488
0.0277004
-0.365556
1.11445
-1.76408
-0.273619
1.91852
0.769112
-0.954563
-0.392574
0.180993
1.00084
-0.311175
-1.6348
0.451649
-0.596275
0.0984095
0.243311
-1.21142
-0.382483
0.420406
-0.404332
-0.629673
0.975518
-0.792921
-0.278262
-0.331593
0.0348934
0.203417
0.337061
0.469949
0.101273
-0.977127
0.0026733
-0.3011
-0.322233
0.619886
2.18095
0.688922
-0.378334
0.336626
-0.997243
2.11686
0.528507
0.507652
0.989123
0.569116
0.573175
0.0764032
-1.09538
0.704766
-0.415527
0.345989
0.573003
-0.195744
-0.486794
0.0822209
0.390682
-0.349346
-0.877137
0.535963
-0.588477
0.114118
0.452109
0.81607
-1.28037
1.09559
-0.324958
-0.388021
0.611443
0.207128
0.922707
-0.481367
0.367645
1.1081
-0.599336
-0.105499
-0.718336
0.801658
-0.241682
1.48108
-0.296687
1.04212
0.965919
0.54538
-1.31439
-1.14571
-0.247067
-0.747752
-0.0759546
0.965204
0.22799
0.116961
-0.207022
0.00474386
1.47156
0.0552237
0.544282
-0.386538
0.175874
-0.15207
-0.404875
-0.360903
-0.776834
0.00801683
1.36442
0.215087
0.41107
0.731796
0.906666
-1.25465
-0.865733
-0.890959
-0.865737
-0.573363
1.52597
-0.363384
-0.594213
-1.26022
0.506317
-0.033043
1.18926
-0.0993669
1.07605
0.60294
0.317842
-0.172034
0.357859
-0.793931
0.747447
0.470234
-1.37817
-0.0675441
-0.701906
-1.14172
0.622634
-0.662696
-0.653028
0.48217
0.60319
-0.0753165
-0.306828
0.159388
0.217417
-1.3944
1.40127
-1.34236
-0.401139
0.919809
1.54586
-0.663114
-0.268535
0.684217
-0.0563256
-0.656208
0.679652
-0.476356
-0.209376
-1.78843
-2.33958
-0.580301
0.0780715
-0.274214
1.57848
-0.690677
0.526476
-0.174667
0.0217262
1.2735
0.473279
-0.549402
-0.7466
0.531619
1.1366
-1.37464
0.241626
-0.0372582
1.13007
-0.586644
-0.00644961
-0.150091
0.274492
0.625831
-0.0960722
-0.734121
-0.682363
0.159956
-1.35785
-0.57304
-0.40595
0.508586
-0.0142458
0.950153
-2.32178
0.71659
0.765696
-0.164479
-0.810592
-0.134774
0.490757
0.677407
0.294731
0.830459
-1.16878
-0.315012
0.357434
-0.420304
0.413134
0.87066
-0.896296
-0.509086
0.775399
0.228993
-0.919661
0.35358
-0.507479
-1.65545
-0.61383
0.771846
-0.929432
-0.818242
-0.993456
-0.0291549
-0.482644
-0.250324
-0.188761
0.11199
-0.372642
-0.176799
-0.317141
-0.173208
0.617977
-0.117365
-1.83432
0.613778
-0.197724
-1.41005
-0.369771
-0.477038
1.35377
-0.0158891
-0.616679
-0.231602
0.0573937
0.317005
0.364811
-0.42814
-0.601631
0.532294
-0.187331
0.680169
0.60193
0.913895
-0.250612
-0.70845
-0.352086
0.200253
-0.76276
-0.588138
0.52796
0.45029
0.933252
1.78145
0.0386889
0.96994
-0.411694
1.712
-0.470463
0.956514
0.551578
0.350932
-1.26281
-0.118156
0.243055
0.441389
0.00329182
0.493442
0.490939
-1.22885
-0.15394
-0.137804
-0.537999
0.760854
0.447676
-0.200791
-0.0176689
1.92455
-0.788642
-0.045602
-0.778727
0.396221
0.445464
-0.147098
0.774436
0.668071
0.326284
0.709014
-0.852766
-0.601876
0.375399
1.23178
0.381399
-0.525462
0.06244
-0.673968
-0.788182
-0.85999
-0.134183
0.696135
-0.127186
0.00619734
0.194474
0.750256
0.545827
-1.14469
0.433117
-0.361393
0.149727
0.0772991
0.288856
0.214619
0.844662
-0.891599
0.158866
-0.562802
-0.334916
-0.0575116
-0.189511
0.0380479
1.07844
-0.253758
0.444052
-0.450171
0.684339
0.436213
-0.796084
-0.46736
-0.241642
0.0770052
-0.226204
0.908666
0.534768
-0.546805
0.149402
-0.274922
-1.5109
-0.368084
-0.412572
0.0124832
-0.463412
-0.799251
-0.427142
-0.0623789
0.484026
-0.79765
-0.305962
0.476977
-0.0965035
0.11338
0.0272832
2.04196
-1.24388
-1.21571
-0.0553231
-0.341691
0.0854723
-0.224358
0.966073
-2.05913
0.529589
-1.1377
-0.04899
-0.151845
-0.374247
0.314581
0.112777
1.18438
-0.251391
-0.0778757
-0.807364
-0.307726
-0.099148
0.0947573
-0.0205368
-0.30946
0.0378877
0.13312
-0.693756
0.307051
0.0802125
0.0151263
-0.400142
-1.13539
-0.0506609
0.444496
0.736366
0.680091
0.973436
-0.806121
0.0388502
0.37261
0.392102
0.0828508
0.473726
-1.08267
-0.975869
0.682993
-0.532057
-0.450348
-0.543546
0.380069
-0.569687
-0.149805
-0.306467
-1.13274
-0.320844
0.957624
1.10671
-1.59686
-1.31914
0.1589
-0.661955
1.87231
0.243914
-0.624881
-1.26227
0.248878
-0.472183
-0.390979
1.02727
0.0653709
-0.244997
0.0674728
0.131548
1.2447
0.363408
-0.182475
-0.457388
-1.47476
-0.0498752
-0.765901
-0.587248
0.795352
-0.362287
0.974895
-0.758415
-0.0685563
-1.29296
0.35451
0.338636
-2.16002
-0.487554
-0.0377722
-0.884618
-0.390023
-0.199769
0.201467
-0.102181
-0.124096
-0.0335164
0.161715
-0.246826
-0.295301
-0.119196
-0.287396
-1.20122
-2.0204
-0.203573
0.777747
-0.15581
0.591809
0.791982
-0.163607
-0.658435
-0.145882
0.709361
0.153335
0.105911
1.28528
0.723235
-1.00879
1.00088
0.583973
-0.161772
-0.185615
-0.942295
0.125779
-0.575489
0.30064
0.277403
-0.790411
0.0918787
-0.219034
-0.524562
-0.583033
0.258412
-0.683693
0.13533
-1.09701
0.553908
1.01402
-0.177617
-1.12724
-0.238892
1.02396
-0.333046
-0.695192
0.790527
0.0556115
-1.37418
-0.623384
0.0306696
-0.441857
0.103992
0.884458
-0.699196
0.4537
-0.0308875
0.640879
0.676344
0.0465853
-0.23304
-0.572299
-0.707132
0.699389
-0.779499
0.869039
-1.59213
0.118367
-0.562
1.46821
-0.877508
0.0549823
1.64141
0.23704
0.92119
-0.729993
0.263021
0.587622
0.426068
-0.693983
0.441044
-0.138121
0.258898
0.0790335
0.0881249
0.397
0.329613
-1.0163
0.695105
-0.609097
0.156656
-0.156135
0.592554
-0.5852
0.433805
-0.788386
-0.124982
0.975208
-0.835143
-0.532825
-0.0522285
0.988471
-0.310559
0.103847
-0.301937
0.0920715
0.658811
-0.277866
-0.318564
-0.51161
0.751973
-0.114563
0.739455
-0.0803767
-0.503627
0.835632
-0.110871
-0.788876
0.944762
-1.38503
-0.628994
-0.411672
0.505386
-1.07415
1.18439
-0.0370126
-1.5942
-0.472432
0.671312
0.15938
1.7901
-0.0708901
-0.706137
-0.0328443
0.156919
-1.01465
-0.759381
0.0428242
-0.309369
0.737073
0.173978
0.588306
-0.763669
-0.242039
-0.014956
0.129132
-0.304446
-0.427706
-0.20588
0.735384
-1.23594
-0.0328951
-0.743129
-0.133047
0.487787
0.933826
-0.256023
1.16374
-0.451558
-0.56827
0.613674
0.459102
0.470656
-0.523504
-1.18401
-0.604254
-0.997719
1.72699
-1.0917
0.978694
0.673108
1.55112
-0.768598
-0.930276
1.20727
-0.434726
-0.34555
-0.336966
-0.0470168
1.72133
-0.28064
1.55772
0.851656
0.721981
0.704297
1.26793
0.0823323
-0.307098
-1.23658
-1.54185
-0.015906
0.415472
0.648592
-0.343032
-0.0615072
-0.540742
-0.160233
-0.29153
0.52634
0.0894976
0.569678
-0.882565
-0.965188
0.793204
0.115818
0.317615
1.12641
0.624912
-2.10613
-0.59672
-1.13857
-0.0568355
-0.633515
0.788522
0.242768
-1.11773
-0.0951669
-0.237374
-0.818163
-0.346034
0.850891
0.942498
0.00164849
0.254663
0.273394
-1.26294
0.231835
0.157006
0.526306
-0.317479
0.26561
-0.69982
0.947328
-0.876876
-0.258804
0.513989
-0.557944
1.25787
0.593275
-1.44372
-0.411035
0.40807
-0.0509707
-0.0719211
0.112309
1.24607
0.079612
1.0093
0.0495995
-0.841841
0.229973
0.47476
0.6538
1.22
0.241162
0.725768
-0.289919
-0.330416
0.831534
0.7016
0.5815
-0.546395
-0.193612
-0.522282
-1.13129
-0.16563
-0.616981
-0.675432
-1.45888
0.607262
0.377832
-0.34591
0.824906
-0.220433
-0.534605
-0.471402
-0.161556
-0.0197733
-0.0441109
1.22592
0.517688
-0.799761
1.13675
-1.16165
1.15816
-0.900223
-0.288469
-0.376899
-1.02985
0.517375
1.32332
-0.40288
-0.0286741
2.03465
0.890128
0.182553
-0.374427
0.78486
0.0200068
0.995896
0.508447
0.770139
-0.382723
0.571323
-0.301251
-0.326595
1.42166
-0.76496
-0.158473
0.578462
0.0582636
0.765826
0.0021416
-0.0585286
1.29793
0.232417
0.0202349
-0.943836
-1.16294
1.00757
-0.490679
0.658528
-1.2349
0.882675
-0.786917
-0.88602
-0.425164
-0.520193
1.53106
0.167379
-0.255795
-0.223482
0.106402
-0.0164143
-0.373207
-0.199184
-0.490537
0.0707622
-0.887056
-0.842301
0.0677149
-0.192
0.21022
0.75731
-0.725298
0.140673
0.353881
-0.578717
0.818304
0.43325
-0.0569083
0.955587
-1.44265
0.187374
1.54457
0.786003
-0.818075
0.269456
0.262173
0.757695
0.607248
-0.599798
-0.323907
0.447318
-0.106493
1.01334
-0.608631
-0.821681
-0.0302321
-0.69869
0.942223
0.837965
-0.0511573
1.15735
1.82011
-0.00242036
0.217859
-1.07431
0.465973
0.339152
-0.497815
-0.225939
-0.60293
-1.02623
-0.141512
0.523084
0.562472
-0.219966
0.600625
0.160319
0.662034
0.294105
-1.13222
0.341573
-0.723439
-1.32607
0.424985
-0.266386
-0.235824
0.489744
-0.0817736
0.104875
-0.723822
0.603177
0.293617
0.76608
1.30515
0.64752
-0.298528
-0.798163
0.117766
0.518772
-0.781686
0.270902
-0.123231
0.705631
-0.135113
-1.07042
-0.703379
0.487157
-0.47935
0.30552
1.17334
0.333934
0.372554
-0.774756
-1.30224
-0.574201
-0.207885
0.201176
0.22898
-0.558285
-0.427682
-1.07486
0.229724
0.24407
0.262432
-0.927177
0.77699
0.746159
-0.596181
-1.02881
0.319234
-0.156812
1.01857
0.602252
0.138411
-0.268918
-0.243753
0.605084
-0.312384
0.655192
-1.03413
0.555202
0.803056
-1.45805
-0.045778
0.0872918
-0.416909
0.0223346
0.314601
-0.769334
0.176225
0.817162
-0.301096
0.515154
0.0660962
0.0830833
0.94814
-0.636018
-0.385511
0.5968
0.812472
-0.212081
0.126959
1.16662
1.09181
-0.561656
0.180656
0.836341
0.176656
1.19096
0.523553
0.74505
0.764366
0.611642
0.240672
-0.893821
-0.346421
0.104278
0.486521
0.382086
0.0880701
-0.5572
0.18378
-0.274766
-0.56291
-0.100499
-0.985724
0.32518
-0.515088
-0.904267
0.256235
0.640293
-0.497389
0.159162
2.03781
0.419126
0.598314
0.093952
-0.42837
-1.2493
-0.267177
-0.375142
0.0359407
1.37823
0.0895881
-0.11161
0.414468
-0.417917
1.3616
-0.0270585
0.128131
0.30046
-0.144373
-0.133632
-1.1224
-0.287083
0.872135
-0.440486
0.747354
0.170898
0.96007
0.0791069
0.644794
-0.176208
-0.305102
0.3809
0.32069
0.0160269
0.31022
-0.0578876
-0.0635853
1.66691
0.288283
-0.565164
-0.378448
-0.546145
0.368774
0.710464
0.595152
-1.06178
0.155517
-0.0960945
0.788851
-0.217087
-0.511118
0.515322
-0.280291
-0.212003
0.486561
-1.58959
0.85112
-0.331829
1.37642
1.41605
-0.862547
1.42437
0.493201
-1.1168
0.0671598
0.686984
-0.0861209
-0.485668
0.154218
0.421545
0.280327
-0.0934911
0.890691
-0.470001
-0.162671
0.154078
-0.11353
-1.05084
0.36476
-0.0474186
-0.776726
-0.35144
0.88277
0.295575
-0.202016
0.812662
0.261229
-0.504525
0.396256
-0.630722
0.180398
0.338752
0.00069843
-0.601842
0.951433
-1.30767
0.568167
1.0472
-0.02621
1.54108
-1.14025
-0.508695
-0.908089
-0.548455
-0.21261
0.396304
0.988177
-0.147657
-0.223599
0.873604
0.715088
-0.5276
-0.137493
0.590842
-0.231605
1.27929
-0.811964
-0.216363
-0.208255
0.310414
0.0162192
0.209836
1.1907
0.222146
-0.342364
0.36592
-0.162392
-0.146398
-0.147221
-0.626577
0.112281
0.848921
-0.365748
-0.312987
-1.20038
0.170961
-0.144473
0.332324
-0.310264
-0.186114
0.53687
0.574103
0.453473
0.770445
-0.385065
-0.225889
-0.536011
0.32596
-0.695332
0.17949
0.113409
-0.756323
-0.142148
0.100601
-0.740344
0.357833
0.0563789
-0.0571241
0.0815081
-0.290106
-0.839371
-0.171439
0.578525
1.78239
-0.388158
0.760624
-0.706107
0.281761
-1.4693
0.472291
-0.6782
-1.13564
-0.263359
1.33406
-0.312336
-0.479974
0.662788
0.459196
0.392293
-0.0620848
0.190361
-0.157742
0.564897
-0.709683
0.297269
0.160445
0.00987649
1.1175
0.0789422
0.0589275
0.0615434
-1.11255
-0.178471
0.144497
-0.175055
0.225873
-0.0425436
-0.100154
-0.0138641
0.267882
0.893537
-0.443996
0.124362
0.822988
0.449167
-0.732346
-0.975934
0.711351
-1.9331
0.362064
0.123392
-0.78756
-0.730953
-1.45591
0.709066
0.852409
-0.507905
-0.243532
0.0548009
-0.396832
-0.0577622
-0.689619
0.422428
0.252136
-0.629327
-0.510829
0.51325
-0.056495
0.907732
0.800515
-0.777905
0.452359
-0.793301
0.8646
-0.119923
0.419199
-0.840877
0.0617466
-0.35182
0.703965
0.3921
0.283115
-0.352626
-0.564855
0.907138
0.337081
-0.379842
-0.152596
0.536506
-1.30152
1.03327
-0.164107
-0.461233
-1.20599
0.316283
1.74321
0.683978
-0.0829966
-0.766833
1.34744
0.51158
0.979089
0.1362
-0.0654761
-0.950894
0.422202
-0.663232
-0.109244
0.484342
-0.67672
1.38053
-0.676124
0.215067
0.367107
-0.873118
-1.10048
0.100155
-0.387781
-1.03067
-0.677511
-1.22213
-1.01233
0.726091
-0.279755
0.542511
0.343916
0.0643694
-0.204207
0.739128
-0.464937
-0.255922
-0.845257
-0.641421
0.277889
-0.720949
0.0165518
-0.99372
0.319453
-0.091714
0.365716
-0.0989245
-0.410346
0.201327
0.260741
0.104449
-0.727399
-0.506092
0.492813
0.864642
-0.544633
-0.0572033
0.308775
-0.50568
-0.526123
0.551718
0.0605978
-0.702282
-0.422186
-0.0985189
0.778024
-0.965139
-0.231248
0.0886987
0.171191
-0.423691
0.116605
-0.090868
0.188939
-0.253901
0.169439
0.723855
-0.71328
-0.229105
-0.36744
-0.676826
-0.619779
-1.1006
-0.775196
-0.503146
-0.738431
-0.883425
-0.640289
-0.0288427
-0.0237951
-0.291446
-0.7709
0.828878
0.119318
-0.150427
-0.406034
0.880049
-0.49895
-0.279691
-0.641702
0.16411
0.287578
0.80906
-0.229122
0.472988
-0.272739
-0.925082
0.189705
0.592076
-0.0644835
-0.544123
0.0432491
-0.0432709
-0.175996
-0.54807
-0.555712
-0.667291
-0.725314
0.218274
-0.275819
-0.144446
-0.605402
-1.46899
0.440963
0.245699
-0.604997
-0.300081
-0.0183312
-0.532929
-0.526411
-0.522989
-0.822815
-0.401583
0.0465174
0.113137
-0.326508
-0.632172
0.546012
-0.42752
0.155468
1.06291
0.274979
-0.975542
-0.0781703
-0.968598
1.28467
-0.313018
1.07622
0.504399
-0.582783
0.00517541
-0.153214
0.168644
0.138649
0.576679
1.1733
1.27644
-0.225305
-0.428919
0.196246
-0.29676
0.360739
-0.0943484
0.587429
0.332565
-1.0993
-0.457413
-0.231754
1.54059
-1.68915
-0.700178
0.12818
1.33642
0.625253
-0.288552
-0.162159
-0.483502
-0.820314
0.414878
-0.159825
0.10404
0.44957
0.563252
0.00626062
-0.295516
0.153572
0.385173
-0.61572
0.0430149
1.1418
-0.66757
-1.10326
0.260452
-0.00320326
-0.440788
0.198818
-0.738448
0.376615
0.175249
0.242608
-0.181305
-0.321038
-1.4093
-1.93919
0.745839
-0.473981
-0.378253
0.200212
-0.142795
-1.10499
0.085225
-0.465144
-0.53961
0.189989
0.105622
-0.611199
-0.442015
-0.602976
0.672017
-0.281216
0.387782
-0.107538
0.783925
-0.463465
-0.935092
0.229765
0.36596
-0.259262
0.0993994
0.270652
0.51579
-0.386207
-1.16904
0.585723
0.0647715
0.0192933
0.338243
0.907063
0.715741
0.703022
0.0545386
-0.369183
-0.130496
1.10403
-0.00701178
-0.311757
-0.93476
0.738826
0.818596
0.567201
-0.474511
0.0876592
0.491088
-0.262443
-0.221944
0.13701
0.270619
0.24888
0.147636
1.00197
0.980505
0.744502
0.108094
0.602444
-0.0744467
0.342477
-0.0709383
0.266756
0.932119
-0.995056
0.456213
0.378555
0.0300897
-0.701587
0.610097
0.554666
0.464738
0.00302803
-0.220248
-0.0373046
-0.516997
0.475052
0.314233
-0.141101
-0.139464
0.353264
0.366015
-0.159832
1.01437
1.06704
0.992526
1.16694
-0.434165
-1.00564
-0.146117
0.235403
1.15065
1.25653
0.861005
0.387042
-1.60053
0.301089
0.208687
-0.657619
1.24658
-0.11179
-0.0471806
0.0995164
0.358815
0.553346
-1.55911
-0.339287
0.580697
0.783773
-0.478622
0.739737
0.855863
0.0340976
-0.373335
0.125039
-0.59623
0.0267664
-0.681959
-0.167752
0.0382522
1.8157
-0.315832
0.398013
-0.259435
-0.131294
-1.8403
-0.167831
-0.648404
-0.0282049
1.41197
0.741815
0.173768
-0.713186
-0.129109
0.302156
0.342789
0.522869
-0.827977
-0.927701
0.820079
-0.0322996
-1.07986
-0.97886
0.1815
-0.528686
0.515372
-0.000537971
0.254097
0.400437
0.892636
0.611229
0.811778
0.381998
0.26481
-0.145925
-0.84162
0.0894979
-1.4305
-0.785812
-0.425933
0.136928
0.729131
-0.503513
-1.83084
0.0385161
-0.825081
-0.00752707
0.445152
-0.173675
0.0465918
1.39699
0.303545
0.653267
-1.19816
-0.331371
-0.322006
1.04593
0.11348
-0.314786
0.0529053
-0.319144
0.748683
-0.179014
-0.445072
0.42492
0.539103
0.963582
-0.0179239
0.0585813
0.00789013
0.403933
0.70692
1.35266
-1.17635
-0.628081
0.0897963
-0.816426
0.187114
0.395987
0.212231
0.557132
0.295644
-0.201686
-0.418588
-0.97089
0.16458
0.738761
0.596065
0.193769
-0.095938
-1.0314
-0.263428
0.681235
-0.0912511
0.884564
-0.381927
-0.561813
0.310753
0.0422825
-0.701229
0.231932
0.278494
0.175618
0.00310399
1.32429
0.147426
0.302335
-0.334807
0.496481
1.00701
0.205235
-0.989725
-0.306734
0.294216
0.34082
-0.946946
0.503598
1.10012
1.27283
-0.611175
-0.0663262
0.218211
-0.201755
0.477706
0.438623
-1.1803
-0.253065
-0.442583
-0.979114
-0.668729
0.542694
0.298709
0.00846208
-0.0241973
-0.592433
-0.00630595
-0.862518
0.233425
-0.637063
0.722708
0.743184
-0.314959
-0.803261
-0.795699
-0.167218
-0.0598481
-0.0626735
1.32827
0.395739
0.580132
0.364363
-0.330357
0.642779
0.551984
0.359176
0.175387
0.738255
-0.630122
0.217257
0.0668775
-0.363454
-0.640634
-0.976585
-0.0560864
-1.75866
-0.522875
0.786213
0.542225
0.795444
-0.957569
-0.570364
0.612584
1.56433
-1.80956
0.12271
0.417358
0.442381
-0.688837
-0.155087
1.01955
0.685459
0.374722
-1.63078
-0.43069
0.679665
0.136543
-0.301516
-0.111492
0.340619
1.1468
0.309078
-0.208495
0.221743
0.646863
-0.184806
0.146997
0.319854
-0.0432763
-0.300009
0.454066
-0.844637
0.477053
-0.686458
0.897907
-0.434003
0.281077
-0.72616
-0.512986
0.0426863
-0.492381
-0.282512
0.698846
1.38764
1.07702
-0.00246521
-0.36495
-0.462568
0.689548
-0.452681
-1.02956
0.217261
0.596774
-0.329655
-1.62388
0.144766
0.150234
-0.185098
-0.290832
0.381322
0.0594837
-0.769309
-0.300047
-1.0086
0.0936667
0.817676
1.26124
-0.674963
-0.40955
-0.324559
0.587983
-0.0864704
-1.04628
-0.881562
0.585604
0.535607
-0.676872
0.400864
0.459817
0.234412
0.61574
0.533001
-0.31309
0.452317
-0.11209
0.321706
-0.993873
0.169844
0.0549319
0.510115
-0.159452
0.341045
0.738306
0.769167
-0.357092
-0.898438
0.122217
0.175327
-0.69527
0.109028
-0.242071
0.0242377
0.315427
1.26401
0.0968538
-0.292773
-0.0957095
-0.331265
0.0117395
0.822485
0.127848
-0.52977
0.619158
0.108606
-0.551423
0.643306
0.0415593
2.7163
-0.771498
0.000424415
-0.687656
0.492007
0.82721
0.271142
-0.815367
0.255209
0.00311393
-0.38514
-0.668827
-0.29031
-0.860814
0.614611
-0.376119
-0.894366
-0.471838
-0.3947
0.802458
1.04045
-1.01664
0.748405
-0.145479
0.00480147
0.483071
-0.170953
-0.947261
-0.00103435
0.626925
1.19868
0.628283
-1.18354
-0.5073
-1.10498
0.0552494
-0.0868273
-0.27582
0.721206
-0.453853
0.0662241
-0.0792888
0.162358
-0.315662
-0.815388
-1.07601
0.142697
0.61246
0.431784
1.78878
-1.63884
-0.458294
-0.255264
-0.295618
-0.02681
-0.657309
0.386207
-0.319402
0.58898
-0.508359
-0.648505
-0.289464
-0.481112
0.862989
-0.203932
1.05486
0.130683
-0.138158
-0.755759
0.740932
-0.158461
0.696488
0.947616
-0.39277
-1.67962
-0.0623885
0.585868
-0.163979
0.648911
0.811627
0.634338
0.652179
0.928313
-0.0771748
-0.0594876
-0.668834
-0.711104
-0.197168
0.457917
0.274183
0.583905
0.0317932
-0.363348
-0.0998506
-0.209904
0.141679
-0.258871
1.03878
-0.546102
-0.138828
-0.496074
0.189509
1.61073
-0.683149
-0.0364939
-0.200444
0.47469
-0.480169
0.628529
0.909763
1.31078
0.415562
-0.334347
0.940584
-0.362141
-0.375636
0.0336463
0.938321
-0.600192
-0.331422
0.918956
0.365392
-0.117561
1.02103
1.99931
0.764364
-0.273335
0.530138
1.00594
-0.637836
-0.248781
-0.651613
0.520376
-0.791848
-0.193669
-0.102165
0.528545
0.722492
0.222386
-1.33293
-0.867385
0.297427
0.550247
-0.878709
-0.806239
-0.679692
1.14722
0.731548
0.385722
0.085509
0.516587
-0.243172
-0.196111
0.675722
-0.417223
0.312093
0.272408
-0.184256
-0.668756
0.178761
-0.897122
0.0222609
-0.158654
0.117637
-1.21509
-0.341687
-0.0705187
-0.046267
0.0357118
-0.700392
-0.748931
-0.237271
0.710974
0.074899
0.161894
0.309863
-0.270813
0.232394
-0.60534
0.724793
0.145988
-1.10391
-0.306239
-0.296901
0.0457171
-0.792083
-1.50787
-0.552753
-0.44837
-0.428107
-1.89431
-1.18856
1.02879
-0.0824626
-0.390778
0.466497
0.265867
1.52341
0.232365
0.336329
-0.280425
-1.3531
-1.38065
0.473204
0.0300416
-0.154935
0.297497
0.0209171
0.893728
0.648708
-0.586333
-0.429586
-0.76801
0.0452035
-1.28276
0.376772
-0.935342
-0.205168
-0.276489
1.57658
-1.26592
0.119829
0.0893962
0.0205967
-0.373018
-0.348545
0.0823159
0.070996
-0.0414664
0.231406
-0.371921
-0.849798
0.227107
-0.587545
-0.977899
1.4281
1.3395
1.11289
-0.486974
-0.251145
-0.615676
0.726406
0.0068145
-1.37461
-0.765005
-0.648301
-0.526341
-0.662611
-1.20391
-0.254444
0.413619
0.240688
0.1732
0.913381
-0.375575
0.740017
-0.755821
0.867569
0.498279
-0.593283
-0.354649
0.19522
-0.222949
0.516297
0.244846
0.18199
-0.0684376
-0.495424
0.0683459
1.02447
0.422654
0.757264
-0.327662
0.0813754
0.55995
-0.614686
0.374612
0.213848
-0.469132
-0.183093
-0.0662709
0.702973
-0.863308
1.06443
-0.105141
0.862197
-0.560283
0.0789428
-1.61382
0.362984
0.276622
0.51029
0.164779
-0.53184
0.0767491
1.85215
-0.773173
-0.785125
-0.53626
0.864526
0.244464
0.715108
-0.708206
0.306966
-0.560728
0.862948
-0.420286
0.646748
0.331817
1.00469
0.236592
1.32324
0.175585
-0.393236
-0.623819
0.523738
-0.854987
-0.453304
-0.82317
-0.882955
0.461005
0.460091
-0.517477
0.0897915
1.29598
-0.472733
-0.183309
0.819459
0.815216
0.0364862
1.54957
-0.267357
-0.862378
0.945513
-0.449628
0.305723
0.644697
-0.278812
-0.755609
-0.0959299
-0.0343964
-0.86953
0.0885231
0.559748
-0.297523
1.33085
-0.0367916
0.432017
-0.00837519
-0.343232
-0.68961
-1.98283
-0.432873
0.294177
-0.562284
1.47436
1.52836
-1.3223
0.792347
-0.845269
0.940864
0.556297
0.436121
-0.210338
-0.43032
-0.31763
1.24741
-0.0919757
-0.974107
0.105026
-0.775187
0.0557311
0.279825
0.0364177
0.86899
-0.280004
0.501554
0.170167
0.327911
0.746621
1.11442
-0.526974
0.624206
0.258511
0.226749
0.75782
0.67225
-1.05967
0.380489
-0.217424
0.244271
0.0057337
-1.47932
0.811337
0.423339
-0.0744437
1.12451
0.743764
-0.179013
0.609029
-0.395184
1.6425
-0.0242289
0.159937
-1.30301
0.25159
0.385997
-0.440373
-0.0936098
0.167884
0.327772
-0.519963
-0.382306
0.254721
0.988725
0.51299
-0.31073
0.696585
-0.0316759
-0.823546
-0.146995
0.555774
-1.21896
-0.873132
0.191113
-0.814016
-0.428559
0.754374
-0.691234
0.568197
1.03798
0.212337
0.182458
-0.12643
-0.0354717
0.132359
1.0179
1.13724
-0.90418
0.596245
-0.8078
-0.586051
0.52382
0.349825
-0.0583026
0.137318
0.525434
-0.601217
0.430368
0.810565
-0.67808
0.591441
-0.14981
-0.428305
-0.786524
-1.1611
-0.300926
-0.351065
0.334063
-1.19794
0.473226
-0.0431349
0.0305521
0.10823
0.696622
-1.38372
0.298106
-0.556775
-0.888267
0.730724
0.836808
0.0891801
0.289511
-0.462962
-0.777701
-0.901063
1.00772
-0.740055
-2.16972
-0.530655
-0.822836
-1.64341
-0.884537
0.42416
0.211573
-0.415397
0.115253
-0.672012
-0.970616
0.376157
-0.522625
0.992485
0.384196
-0.119482
-0.155673
0.0724502
-0.119189
-0.242272
-0.363845
-0.802873
-0.0834705
-0.485196
-0.472698
0.509938
0.197194
-0.537499
-0.654846
-0.359589
-1.01883
0.22067
0.490715
0.995262
-0.631702
-0.444065
-1.24959
0.908131
0.871366
-0.251697
-1.20394
0.384932
0.316213
0.199378
-0.304239
-0.32838
0.162003
-1.21282
-0.476793
-0.452512
-0.0825805
-0.0806119
0.206396
-0.0410876
1.04325
0.00218981
-1.09758
-0.214098
0.687795
-1.15269
0.418248
-0.0915115
0.576204
-0.708452
0.169772
-0.798672
-1.2957
0.871682
0.995553
0.531762
-0.403927
0.08715
-0.358883
-0.0203806
-0.57439
-0.0416909
0.496698
0.194404
-0.449956
1.40984
-0.606038
0.342163
-1.04711
-1.69919
-0.417248
-0.379642
0.546345
0.44945
-0.217424
-0.872838
-0.635034
-0.0959531
-0.680901
0.235316
-0.154698
-1.05775
0.776359
1.42828
0.581096
0.433891
-0.350205
0.789085
0.598243
2.1982
0.0529005
0.43518
-0.743712
-0.744741
-1.5652
0.74177
0.0963971
-0.851056
-1.51151
0.686057
0.290289
-0.342291
0.250633
0.456455
0.884541
0.371421
-0.427404
0.151522
-0.234938
-0.255785
0.530044
0.185982
-0.212426
1.06622
0.263642
0.387346
0.101345
0.209569
0.041445
-0.465928
-0.116617
-1.2565
0.223422
-0.429517
-0.696055
-0.234374
-0.176483
-0.337937
-0.16566
0.317609
-0.73579
-1.91341
-1.27781
0.5283
-0.494807
-0.125557
0.346138
-0.56684
0.151368
1.20483
-0.88776
-0.804459
-0.6361
0.26436
-0.000520337
-0.754669
-0.147984
0.720954
1.21063
0.0185495
-0.917984
-0.027564
-2.16384
0.292716
0.692947
0.156848
0.0531912
0.413807
-0.422371
-0.420868
0.434554
-0.350287
1.13041
-0.909724
0.0456702
0.705391
0.023042
0.523264
0.902245
0.725581
0.641657
-0.375877
-0.0201595
0.247118
0.806108
-0.431783
0.686071
0.525342
-1.0999
-0.526387
-0.457145
-0.197865
0.760812
0.515306
0.106216
0.165491
-0.68714
0.532192
-0.379736
-0.408548
0.528225
-0.557401
-0.436062
-0.87033
0.247733
0.448634
1.30995
0.4908
-1.98504
0.0827351
0.478567
0.463332
0.719082
0.431322
-0.817723
0.172471
-0.0934979
-0.141215
-0.168844
0.576005
-1.2506
0.476246
1.19508
-0.453109
0.0510468
0.078354
-0.181497
-0.671936
-0.474968
-0.212748
-0.465688
-0.801383
0.118566
-0.99473
0.0462728
0.550994
-0.131702
1.34204
-0.478129
-0.321801
0.0176083
-0.552215
-0.182403
-0.735414
-0.030747
0.0810027
0.726619
-1.25911
-1.21724
-0.137059
-0.233272
0.103878
-0.992637
0.144734
-0.248313
0.0881051
-0.0515878
0.284536
-0.725757
0.302124
-0.892801
-0.749472
0.771888
-0.684957
0.0271218
-1.00924
-0.850291
0.68166
1.03566
-0.923631
-0.467015
-0.583027
0.547528
0.00534787
-0.923918
0.142587
0.713896
0.521418
0.155279
0.419928
-0.439007
-1.32697
-0.82657
-0.547964
-0.689639
0.507258
0.319454
-0.373511
-0.318729
-0.265999
0.0780409
-0.807281
0.117529
0.0477954
0.34442
1.30344
1.189
-0.186962
0.731826
-0.726827
-0.104434
0.0404583
0.260598
0.138774
-0.662491
1.23638
0.463139
0.436996
0.825074
-0.816945
-0.0846543
-1.11589
-0.703848
0.260399
-1.09991
0.358211
-0.339957
-1.33477
0.475658
-0.251372
0.439909
-1.39474
0.0266133
0.656464
0.459012
0.27853
-0.593087
0.291688
0.975621
0.629733
0.398095
-0.710959
0.385583
-0.956149
-0.511681
-0.669273
0.330891
0.705291
-1.10856
0.310818
-0.276559
0.477813
0.0567679
0.140243
0.307561
0.100426
0.882575
-0.197831
1.26027
-0.883519
0.539027
0.937345
0.063221
-0.603164
0.33888
-0.212459
1.34014
-0.0208481
-0.783588
0.489556
0.391856
-0.0161508
-1.13199
0.212842
1.85692
-0.320882
-0.77054
0.757851
0.264405
-0.309744
1.54199
0.562132
-0.518087
-1.18726
-0.373154
0.484695
-1.19436
-0.678356
1.28819
-0.496884
0.206923
0.165947
0.589606
-0.810776
-1.04362
-0.210922
-0.690234
-0.660091
-1.29902
0.114903
-0.801886
0.2568
-0.0820412
0.372126
0.298913
-0.510871
0.759122
0.239339
-0.914726
0.0577508
-0.61932
-0.599079
0.434851
0.775223
0.720294
0.173734
0.242755
0.470968
-0.126861
-0.200056
0.965388
-1.32546
0.322657
0.277595
-0.537575
0.968613
-0.194098
0.094081
-0.675638
0.778179
0.710732
-0.320094
-0.293042
-0.24583
0.111465
0.461658
0.670357
-0.200196
-0.457894
-1.08711
-0.546727
-1.00681
-0.284059
-0.14345
-0.012597
0.812887
-0.301683
0.265723
-0.348211
-0.407249
-2.05958
0.927985
-0.962468
-0.474833
0.590156
0.19277
0.918572
0.450014
-0.319147
-0.221445
0.634375
0.199689
-1.45452
0.581265
0.26148
0.39144
1.76204
1.05209
-0.152729
0.342463
0.131936
0.493004
-0.771469
0.464056
0.443908
-0.552357
-1.40094
-0.45699
-0.509959
-0.966414
-0.00693047
0.272837
-0.650226
-0.6015
0.749718
0.632123
0.0446026
-0.680694
0.678721
0.536774
0.451911
-0.789006
0.0369635
-0.187566
-0.19357
-0.377166
0.201843
0.129975
0.78966
-0.226662
-0.710481
0.628194
-0.630927
-0.240545
-0.893692
-0.0950754
0.283261
-0.330965
0.751295
0.548126
-1.16745
-0.665994
-0.332948
0.158835
-1.04643
-0.77883
1.15897
-0.389648
0.194423
0.93046
1.1491
0.0793785
-0.28046
-0.688132
-0.917941
-0.0518675
-0.838717
-0.569629
-0.216148
1.09491
0.485711
-0.4761
-0.877285
0.54277
-0.00761812
-1.58795
-1.00901
-1.07037
-0.396667
1.25779
0.617351
-1.04825
-0.516638
-0.260405
0.0265062
-0.71407
0.388415
0.689946
0.36577
0.237265
1.26133
0.0742285
-0.8449
-0.538993
0.35653
-0.373363
-1.05107
-0.333997
0.652379
0.0830884
0.0931475
0.33473
-0.662768
0.619586
-0.59507
0.0377154
2.27535
0.00868563
-0.22476
-0.0443561
0.248486
-0.628664
-0.0731914
1.57019
1.43742
-0.520003
0.484393
-0.0451366
0.479489
0.158281
0.84407
0.164417
0.217306
-0.404158
0.983006
-0.329059
-0.77526
-0.384572
0.616191
-0.539316
0.564108
-1.05664
-0.497476
1.88985
0.286493
0.214376
0.147559
1.01664
-0.690423
0.313841
0.014528
1.20876
-0.266498
0.734059
0.470604
0.131847
-0.26379
-0.317327
0.114305
0.508653
-0.122676
-0.118186
-1.43833
-0.812893
-0.94268
0.335075
-0.264673
0.0746216
1.0928
1.12492
-0.271609
0.08713
-0.736349
-1.53509
-1.15956
-0.925919
-0.0477897
-0.828918
1.12015
-0.00367024
0.405948
0.380806
0.914992
-0.00327548
-0.583273
1.20849
-0.267431
-0.526183
0.525539
0.390582
-0.00583802
0.751439
-0.788401
0.53213
-0.928847
-0.94755
-0.177471
0.0271108
-1.50806
-0.128498
-0.395438
0.75112
-0.929998
-0.113033
-0.255383
0.41679
-0.0201141
-0.354496
0.424659
0.0796518
0.488453
0.66808
0.727556
0.665319
0.272752
0.280794
-0.807046
-0.0433735
0.364123
0.989811
-0.519676
0.0723679
0.0579593
0.0552164
0.308076
-0.718512
0.774414
-0.130033
-0.384933
0.0486189
1.15205
0.377208
-1.79445
-0.593373
0.775425
-0.251661
-0.604731
0.443151
0.247319
-0.335306
0.565358
0.749668
1.35517
0.838287
-1.12088
1.65799
0.594887
-0.856169
1.28881
-1.19747
-0.583329
-0.310012
-0.78117
0.314664
0.995297
-1.34
0.0812306
1.7502
-0.339594
-0.335059
-1.37322
-0.409097
-0.209912
-1.28511
-0.491225
0.648442
-0.662914
0.259347
-1.03404
0.217823
0.476804
-0.373064
0.116444
0.629116
-0.94849
-0.338477
0.131408
0.206072
0.0760384
-0.834827
-0.06899
-0.313733
0.132955
0.94899
0.0284228
0.376984
-0.550628
-0.242199
0.0624623
-0.952493
-0.147169
-0.155876
-1.03643
0.58533
-0.548489
-1.05013
-0.451261
-0.376411
0.0729843
0.830756
-0.163618
0.142965
-0.49603
1.06103
0.883033
0.459477
1.585
0.614115
0.0162171
0.427955
-0.657497
0.652018
0.11449
-0.305732
-0.589852
0.446562
0.359932
0.176286
0.0790747
1.18758
0.483868
0.704371
-0.309218
-0.0983593
1.74269
0.385287
-0.0557823
-0.966302
0.40137
0.322901
0.21892
0.396438
-0.884996
0.490951
0.118604
0.345547
-0.320313
0.996142
-0.825547
-0.258404
-0.608438
-0.240231
0.78839
0.0362564
0.472681
0.00347873
-0.809776
-0.51741
-0.185834
-0.122715
0.363016
-0.422395
0.232918
-0.110648
-0.0932625
0.552568
0.670252
1.23781
0.275974
0.832784
0.289065
1.33493
0.167394
-0.618881
-0.404826
-0.680677
0.311418
0.981544
-0.650262
1.05771
0.1481
0.444951
-0.775094
0.300963
0.811358
-0.15659
0.780857
-0.872403
0.77167
1.11509
-0.942588
-0.0858323
0.401293
0.302329
-0.766895
1.28488
-0.247055
0.236662
0.350411
1.6962
-0.00414802
-1.50143
0.943889
-0.249025
-0.357763
0.183758
-0.0107859
0.196776
0.957544
-0.989503
0.760565
-0.541984
0.3835
0.33953
-0.291729
-0.41808
-0.263483
0.645689
0.268576
-0.82212
-1.60605
-0.337912
1.04844
-0.847805
-0.81678
-0.576533
-0.478354
-0.389565
-1.19233
-0.0457359
1.36256
0.565784
-0.964414
-0.233993
-0.151245
0.687882
-0.321121
-0.175372
-1.00711
0.00822399
1.04434
0.199637
-0.61311
-0.575233
-0.282193
-2.40062
0.282408
-0.207457
-0.824104
0.685616
-0.522064
-0.776754
-0.110071
-0.116436
-1.21489
0.471618
-0.322072
-1.46188
-0.201877
-0.338725
0.24906
0.709926
-0.136385
-1.1698
0.891939
0.0629907
0.0858198
-2.67962
-0.168619
-0.403861
-0.717748
-0.967286
-0.623536
0.73102
-0.548769
-1.08084
0.157818
-0.89583
-0.532463
0.699879
-0.906027
-0.16687
0.154614
0.106763
-1.00035
0.347232
-0.6337
0.173548
0.067623
0.0851008
0.594546
-1.41499
-0.304572
0.112807
-0.495053
0.340297
0.115601
0.319482
-0.0857527
-1.04785
0.179608
0.663996
0.0281606
-0.11702
0.283836
-0.308435
0.447007
0.536997
-0.19621
-0.251407
-0.386561
0.732621
0.156726
-0.504781
-1.89944
-0.678748
-1.35617
0.588931
-0.969549
0.520347
-1.35706
0.246922
-0.500433
-1.19714
-0.196982
0.243675
-0.0568196
-0.6651
0.559997
0.403103
-0.392926
-1.38893
0.682878
-0.172032
0.194571
0.28252
-0.354795
0.181963
-0.327249
1.08866
-0.839996
0.599393
0.630004
-0.724051
0.458952
0.974116
-1.09011
0.663422
0.0672297
0.299033
0.470773
-0.196993
0.118176
0.293277
-0.389133
0.110802
0.496513
-0.639865
-0.482127
0.567029
-0.508749
0.792376
0.269966
-0.0957901
0.353999
0.184529
0.141632
1.1338
-0.649403
1.18133
-0.554455
-0.422659
0.0224117
0.623831
1.15052
-0.742791
-0.0559713
0.406134
-0.274525
0.462384
0.975299
-1.42843
-0.00412948
-0.0182701
0.382339
1.38831
-0.084212
-0.441553
-1.57335
0.532843
-0.195531
0.0573102
-0.289723
-0.44704
0.425765
-0.652861
0.303175
-0.989904
-0.384195
0.65748
-0.43073
0.262315
1.17191
0.417597
1.29788
0.753034
-0.964476
-0.260954
-0.554182
-1.03058
-0.0666496
0.547021
0.538896
0.308866
1.178
-0.157184
-0.193588
-0.564116
0.151994
0.895532
-0.146025
-1.14434
-0.520588
-1.49139
-0.286111
1.25262
0.0427434
-0.512314
-0.112432
-1.0887
0.296764
-0.488256
0.299715
1.25594
-0.264949
0.192917
-0.284252
0.100735
0.443055
0.65429
-0.0939846
-0.882925
-0.540534
-0.526989
0.467095
-0.123648
0.908963
-0.27821
-0.400235
0.558435
-0.307431
-0.0334834
-0.0581349
0.71217
-0.311839
-0.695617
-0.430711
-1.51698
-0.406315
-0.120162
1.23456
-1.31621
-0.533651
0.697889
0.0745657
-1.17424
0.326588
0.317188
0.494599
0.0780955
0.316261
0.561571
0.303423
0.572497
0.086356
0.0144085
0.153288
-0.894706
1.07464
0.387772
0.0566033
-0.425849
0.843635
1.2132
-0.410104
1.10017
0.548011
0.238264
0.8882
-0.430462
-0.76431
-0.160201
-0.0709718
0.015022
0.640482
-0.395347
1.09828
0.423573
0.103718
0.518183
1.09922
-0.571006
0.507128
-0.539837
0.181427
-0.301877
-1.01808
0.36346
0.478597
-0.439914
2.6371
0.0989183
-0.70702
0.500794
-0.191001
0.648204
-1.47446
0.534152
0.554167
-0.670067
0.402709
0.0977062
0.691785
-0.639391
0.714382
0.224776
0.0492034
0.714084
0.0776939
0.273585
-0.0926837
-0.553812
-0.172574
-1.13605
0.252214
-0.194873
0.00867829
-0.7092
-0.906589
0.139546
-1.08819
0.469613
-0.414719
0.0442771
-0.62252
0.317408
-0.0380561
-0.435075
0.00975458
-0.551885
-0.18654
0.591757
-0.755983
-0.148435
-0.219562
-0.0811723
1.16295
0.386961
-0.637261
0.630935
-0.518465
0.402202
0.200843
-0.980984
-0.176038
-0.246026
-0.191545
0.538665
0.530152
-1.16752
0.37858
0.442296
0.373424
0.16555
-0.483742
1.01862
-1.16391
0.382318
1.04403
0.387149
-0.0935488
0.0196866
-0.0238952
-0.331085
0.874985
0.00503086
-0.320642
0.153343
0.308869
0.738356
0.64296
-0.264714
-0.51928
-0.267972
1.53361
-0.123146
-0.15804
-0.426375
-0.0709077
1.16864
0.958373
-0.178156
-1.0591
0.545662
-0.501646
0.253083
-0.722443
-0.710904
0.144658
-0.260587
0.53487
-0.355674
-0.358551
-0.114008
0.444925
1.12323
-0.357127
-1.65094
-0.638774
-0.810655
0.449996
-0.0704112
-1.07298
0.431656
0.8093
0.265545
0.369542
1.26738
0.643485
0.614226
-0.602734
0.815251
-0.535704
-0.0765313
-0.237058
0.332632
0.191878
0.563333
-0.938066
0.497847
-0.64307
0.44314
-0.00821684
0.284176
0.36946
1.38379
-0.230065
-0.0968185
-0.437651
-0.412415
-0.0760926
0.240156
-0.0340222
0.234373
1.24706
-0.860926
0.122557
1.17554
-0.38942
-0.416771
0.103842
0.692524
1.13841
0.466253
0.828114
0.901827
0.0702443
-0.0183879
-1.06812
0.372574
0.43527
-0.574028
-0.605127
0.251772
0.331708
0.0204784
0.240159
-0.229412
1.55797
0.112085
0.262805
-0.0689881
0.0943833
-0.831642
-1.09587
-0.248069
0.196299
1.00538
-0.0719119
-0.294693
-0.382166
-0.769673
-0.00271338
-0.659155
-2.04142
0.278254
1.2318
-1.06507
-0.0600224
-0.231819
-0.233932
-0.544511
1.39269
-0.978725
0.124485
0.330207
0.686879
1.2162
-0.298655
-1.14124
1.58683
-0.901646
0.651977
-0.464869
0.908703
-0.821698
-0.00565126
0.661947
0.487495
-0.744993
0.36454
-0.000857808
-0.466331
-0.416336
0.518573
0.699412
-0.34104
0.280137
0.729216
-0.346862
-0.693029
-0.345569
-0.992636
-0.345418
-0.718885
0.168649
-0.218249
1.05979
0.337562
0.431854
0.339479
-0.891338
-0.280887
0.0945224
-0.484483
-0.00571998
-0.753798
0.252083
-0.765649
0.433354
-0.403229
0.410929
-0.50497
0.291516
1.12559
0.0371682
0.600776
0.459125
-0.254384
-0.499753
0.268223
-1.27405
0.171344
-0.0140553
0.370283
-0.775527
0.0204497
-1.24588
-0.18202
0.291192
0.166584
0.798155
0.501807
-0.48479
-0.643429
-0.580965
-0.23895
-0.304243
-0.563682
-0.703789
-0.479721
0.519812
0.199443
0.675431
0.510601
0.835158
-0.25804
-0.120457
0.609592
-1.17534
-0.702335
1.22172
0.705917
-0.265396
0.607942
0.150551
0.201631
0.477699
0.888832
0.712072
-0.273895
-0.731685
0.232809
-0.0565591
-0.587522
-0.709453
0.133483
0.750341
-0.925746
-0.421792
-0.740692
-0.0964493
0.176206
-0.666773
-0.453508
0.0330965
-0.0266624
-0.813483
0.989979
-1.26483
-0.633961
-0.463207
0.0363656
-0.809286
-0.747331
0.923526
-0.209553
0.0543438
0.698597
-0.188466
-0.237016
0.00856814
1.35084
-0.658773
0.37153
0.608641
0.0702508
1.46668
-0.70629
-0.19416
0.868441
-0.803905
-0.0875575
0.974286
1.16967
0.58993
-0.816781
0.179645
0.427546
-0.0623896
0.576185
0.79366
-0.0814732
-0.578338
0.027851
0.305149
0.340909
-0.498896
0.407905
-0.130296
0.909577
0.212799
-1.11632
1.00492
1.27798
0.625822
-0.725257
0.852044
-0.322025
-0.949142
0.14578
0.0158447
0.558895
0.515921
-0.837091
0.13522
-1.44848
-1.31155
0.955795
0.154705
0.425264
-0.441451
0.175708
-0.680461
-0.88517
-0.307149
-0.255023
0.515279
-0.0576167
-0.524108
0.979696
-0.503833
0.570564
0.279153
-0.686734
0.738941
1.03579
-0.728127
0.689156
-1.09945
-0.125187
-0.856668
0.0170361
0.0424391
-0.145703
0.325403
0.0769058
-0.964763
-0.309561
-0.237017
-0.259566
0.303196
0.0949297
0.325301
-0.0118019
-1.15165
0.979766
0.143435
0.83839
-0.615967
1.02276
0.460384
1.03821
-0.0571795
-1.34107
-0.0624311
0.610876
-0.273932
-0.739489
0.716549
0.497097
-1.11054
0.709963
0.0706532
-0.789233
0.680638
-0.0482242
0.982513
-0.511953
-0.179308
0.748094
0.145871
1.33322
0.354163
-0.214567
-0.567635
0.676051
0.0846052
-0.889784
0.63485
0.389785
0.168302
-0.157908
0.624287
-0.245665
-1.36827
0.478813
-0.409344
-0.388857
0.144013
-0.444111
-0.256157
-0.528314
0.620703
-0.0513825
0.818275
1.84001
-0.350842
0.125
1.0005
-1.26413
1.39205
-0.169891
1.70644
-0.414584
1.0475
1.16226
-0.921679
0.267739
-0.505109
0.325332
0.157514
-1.50332
0.0157608
1.35233
0.455876
1.10797
-1.17252
-0.892453
1.53071
0.198341
0.23488
-0.067599
-0.076272
-0.321306
1.51244
-0.118793
-0.445787
0.032805
-0.950658
0.325745
0.812031
1.14509
-0.146653
-0.976489
-0.624126
0.429502
-0.816374
-0.119539
-0.219513
-0.30435
0.725018
-1.30673
-1.19857
0.273923
0.180281
-0.859044
-0.804716
0.0032007
0.435777
0.404383
-0.430322
-0.218206
1.28721
0.734629
-0.196637
-0.727179
-0.143634
1.11991
1.37008
-0.0482162
0.170251
1.65498
-0.737206
1.41877
0.5589
1.17242
0.714526
0.386874
-1.36067
0.0406277
-0.532921
0.280627
0.959762
0.203136
-0.178039
-0.304873
-0.129611
0.00922393
-0.632088
0.0827986
0.650389
0.434336
0.0850813
0.0463194
0.38787
0.153655
-0.288245
-0.444353
-0.654128
0.0359923
0.00847201
0.282764
0.512177
-0.432701
0.394084
0.215301
-0.471617
0.798043
-1.17986
-0.201417
-0.582178
-0.49113
-0.5942
0.196352
0.445168
-0.7649
0.0612691
-1.04642
-0.13928
-0.469597
-0.947702
-0.0573524
-0.296064
0.0497328
-1.04677
0.79803
-0.923345
-0.115755
-1.17986
0.67235
-0.230206
-0.367631
0.894187
-0.659503
0.396001
-0.659347
-0.821447
0.0592649
0.568751
0.114086
-0.551344
-1.03016
-0.168374
-0.777033
0.166441
-0.100005
0.601745
1.20386
0.320519
-1.32103
-0.0988155
-0.41825
0.621527
-0.732196
0.516223
0.358658
-0.0172799
-0.815892
-0.774386
-0.310993
-0.116796
-1.45137
0.285192
-0.101889
0.328131
-0.0192575
1.1623
0.882862
0.341205
0.530242
0.382368
0.350208
-0.47552
-0.890403
0.128468
-0.894372
0.0431747
0.566674
-0.868925
-0.305919
0.621172
-0.597317
0.607736
-1.46572
0.342441
0.576164
-0.465996
0.163448
0.370557
0.505417
0.727306
-0.604135
0.363016
0.26521
1.20903
-0.502478
0.0528407
0.149193
0.664174
0.243237
0.151684
-0.64043
0.517177
0.611331
0.0111735
0.152513
0.130387
-0.607486
-0.303781
-0.347123
-1.02764
-0.451654
1.81641
-0.502376
-0.21474
-0.479151
0.485872
0.902964
-0.107928
0.359973
0.128331
0.031442
0.660561
0.41476
-0.0923221
0.432855
-0.524914
-0.136999
-0.837084
0.229789
-0.51265
-0.325978
0.574259
0.363258
1.16099
-0.24181
-0.418765
0.415954
-0.273764
-0.98074
-0.764078
-0.623784
-0.363897
-0.246275
-0.173949
1.19613
-0.555107
0.628578
1.53021
0.937355
-0.217398
1.15972
0.11614
0.642004
-0.0180281
0.638605
-0.0633828
-0.786783
0.307166
0.813936
0.360547
0.982074
0.617634
-0.788202
0.640941
-0.954028
-1.09112
-0.0634869
-0.750501
-0.138204
-0.811197
1.17422
-0.238345
-0.00244961
-0.483116
0.5395
-0.424043
-0.0482406
-0.809531
-0.228116
0.267297
-0.281867
-1.6198
0.951748
-0.417317
-0.727132
-0.284577
-0.495816
-0.788338
-0.415315
-0.127628
0.324845
-0.145494
-0.39133
0.407589
-0.227292
0.431829
0.208287
-0.321581
0.536318
-0.572432
-0.50748
0.524959
0.109981
0.77909
-0.893258
0.205403
-1.57601
0.524757
-1.05807
0.133745
0.0621216
-1.422
-0.261831
0.289256
0.673829
-0.162573
0.242714
0.3811
-0.244182
0.424805
0.79989
-0.24547
-1.01634
0.117784
0.724788
0.479047
0.630517
0.713821
-0.474764
-0.495322
-0.430093
0.219703
-0.0632266
0.725636
0.362355
-0.580954
0.363543
0.37946
-0.132764
-0.249998
0.493988
0.389519
-1.17204
0.154182
-0.674743
-0.767273
0.277974
-0.235895
0.794971
0.819536
-0.352665
0.0586799
0.0190565
0.361657
0.239054
1.50696
-0.598693
0.683053
0.920085
-0.724723
-0.130905
-0.0415402
-0.933356
-1.01482
-0.509634
-0.520737
-0.595526
-0.300781
0.894849
-0.751446
-0.78697
-0.904699
-0.858175
0.395097
-0.167124
-0.952147
0.654791
-0.756352
-0.86821
0.452647
2.20351
0.0120556
0.570328
0.926735
-0.798215
-1.01476
-0.183609
-1.36177
-0.0327033
-0.356128
-0.196098
0.167307
-0.0507003
1.64692
0.528844
0.898985
-1.17069
0.559498
1.29108
-0.692729
-0.793023
-0.24234
0.0838335
-0.280528
0.617777
0.40121
-0.418814
-0.213982
-0.905881
0.644023
0.546155
-0.0165336
0.148925
1.57603
0.320259
-0.642239
-1.07554
-0.517413
-0.114018
-0.640828
0.0465866
0.979784
0.238506
0.326214
-0.732858
-0.567252
-0.131139
-0.168082
-0.243457
-1.59995
-0.682609
-0.517151
0.459037
-0.671474
1.19194
0.275759
-0.537615
0.0659922
-0.0856849
-0.0593234
-0.767732
1.07245
-0.838021
0.3079
-0.188682
0.6497
1.35251
0.48577
0.687279
-0.185799
-0.61813
0.759569
-0.406216
0.892436
-1.03763
0.47943
1.06422
0.465834
0.564453
-0.33565
-0.52132
1.12985
-0.0269168
1.88572
1.0021
0.809562
-0.0771251
-0.542109
0.614883
1.14273
0.572667
1.73425
-0.206806
1.59232
0.517255
1.05761
0.182952
1.18941
0.600399
0.822606
0.641638
0.841062
-0.285343
-0.130721
-0.0212169
0.0972093
0.88548
0.332794
-0.985058
-0.466731
0.466922
0.267552
-0.392368
-0.911025
-0.509993
-0.653598
0.83646
0.987235
0.923861
0.142645
1.48597
0.739136
0.245548
0.539123
-0.857714
-0.873362
-1.67516
0.672312
-0.516108
-0.341675
0.936033
0.257893
-0.58603
-0.758086
0.581018
-0.665131
-0.428488
0.412678
-0.227599
1.1702
-1.55139
0.290534
-0.360157
-0.90139
-1.15424
0.618169
0.44289
-0.487018
-0.306922
-0.749808
-0.66213
-1.09962
0.363906
0.515324
0.595629
0.0665207
0.311557
0.00396008
-0.488744
-0.905799
-0.415718
0.156634
-0.563045
1.11527
-0.116606
1.33992
-1.04541
-0.973177
-0.734491
-0.232309
-1.15524
-0.559853
-0.0987862
0.29209
0.463424
-0.100332
-1.05837
-0.808218
0.215601
-0.167101
0.896015
0.582396
0.712579
0.103745
0.55052
-0.171359
-0.0809647
0.0730411
1.38828
-0.514729
1.41964
-0.795186
0.966135
-1.01969
-1.03541
0.118061
-0.951027
1.13348
-1.18828
0.261877
1.43488
0.0169537
-0.710862
0.299219
1.33727
-0.33478
0.0507071
1.52377
-0.111744
-0.270198
-0.251816
-0.455704
-0.736287
0.636268
0.191298
0.573822
0.920095
-1.00206
-0.222237
-0.303966
-2.0545
0.937575
0.717558
0.0186586
0.030032
-1.02333
-0.163385
0.91715
-0.363512
-0.208452
-0.971168
-0.251695
-0.033614
-0.426165
0.663304
0.0918831
-0.992782
-0.844449
-2.15731
-0.0707603
-0.38859
-0.220687
-0.0525996
-1.00645
-0.607181
-0.450174
-0.355373
-0.367842
-0.969789
-0.80336
0.854791
-0.98455
-0.0543282
-1.43962
1.15554
-1.00597
1.25126
1.22405
1.30338
-0.862087
1.08922
0.131964
1.70553
0.692024
0.20269
-0.883004
-0.933748
0.420709
-0.299205
0.716578
-0.0670711
-0.431686
-0.950557
0.54606
0.0258511
0.281484
0.299203
0.123737
-0.414231
1.09535
-0.754059
0.499987
0.231493
1.4957
-0.715118
1.11893
0.368431
0.785867
-0.188935
1.1567
0.110484
0.282551
0.680945
0.2267
0.101173
-0.834074
0.467251
1.09851
0.22955
0.213339
-0.0647836
0.150884
-0.290151
0.987291
-0.50247
-0.556915
0.65015
0.460662
0.547244
-0.0106602
-0.310399
-0.197463
1.32982
-0.571646
-0.94887
-0.641263
-0.863882
-0.63923
0.355425
0.575171
-0.208964
-0.673383
-0.193542
0.846351
0.345523
-2.04847
0.789687
0.208497
0.535325
0.234963
0.214406
-0.42035
0.0769898
-0.129179
-0.422354
1.34923
2.48554
1.36906
-0.00132804
0.0743314
-0.208331
-0.280371
-1.7176
-0.395697
-0.0553762
0.345586
-0.22945
0.224967
0.0445968
0.88863
1.41949
0.122602
-0.710128
-0.116471
-0.291756
-0.195485
-0.0957945
-1.1764
0.0416325
0.157153
-1.00604
0.20006
-0.250861
-0.000813934
0.0960585
0.47154
0.0596135
0.669325
0.705167
-0.450989
0.512066
-0.688182
0.171478
0.348513
-1.24242
0.186553
0.614302
0.291051
-1.02605
0.218494
0.686005
0.101935
-1.50622
-0.301191
0.0231535
-0.37404
0.291053
-0.0805764
-0.280748
-0.0943696
-0.908774
-0.214247
-0.858672
0.275551
-0.23139
-0.0913883
-0.0576342
0.860612
-0.362767
0.228488
2.08222
-0.340772
-0.175519
0.0491415
-0.78107
0.378328
1.34896
-0.75886
0.494684
0.187999
0.206255
-0.0487476
-0.552515
0.533406
0.181522
1.38994
0.863564
-0.346377
-0.100325
-0.372999
0.110343
-0.976387
0.399279
0.61312
-0.496107
0.855611
-0.983511
0.644479
0.180385
1.00662
0.08094
-0.364275
0.971324
-0.123797
0.530282
-0.161854
0.279093
-0.503801
-1.22514
-0.860802
0.500702
0.783652
-0.450729
0.531096
0.179596
1.02951
0.504573
-0.0691471
-1.02887
-0.778507
0.259255
-0.150915
-0.627057
0.439403
0.189794
0.343307
-0.0939208
0.0145096
0.451384
0.992602
-0.0905921
-0.880481
0.0828716
0.167773
-0.826653
-0.349485
0.76211
0.116269
0.612228
-1.3084
0.306596
-0.336969
0.489811
-0.839703
0.00651586
0.153733
-0.605287
0.185101
-0.443259
-0.492174
1.56657
-0.606807
0.116127
0.484905
-0.250047
-0.251994
-0.246696
0.420951
0.130556
1.82562
0.728035
0.820705
-0.411534
1.39739
0.389633
0.144822
0.348832
-0.366767
0.272613
1.58118
-0.191188
-0.6545
-0.754043
0.123597
0.395077
0.421235
0.511844
0.169519
0.0569362
0.415646
0.522354
-0.937833
0.569028
-0.214862
0.873717
-0.61141
0.770926
-0.495902
0.390875
-0.0543306
-0.778533
-0.373503
0.637075
0.0538679
-0.168883
0.768563
0.391788
0.487416
0.418285
-0.0694829
0.241815
-0.0185727
-0.882879
1.03505
-0.596119
0.867434
0.853923
0.624288
0.73218
-0.584428
0.117004
-0.618162
-0.129463
-0.869028
-0.364248
0.395605
-1.08307
-0.142008
0.841027
0.210993
0.496356
-0.0846644
1.00507
-0.361568
0.457783
-0.445382
0.186345
0.67194
0.333762
-0.781449
-0.214472
-0.580767
0.603736
-0.0643921
0.766248
-0.677261
-1.20047
0.405015
0.147517
0.160181
-0.169683
2.02364
-0.444979
1.12935
-1.43757
0.331927
-0.0296392
-0.189196
0.0793774
1.12775
-0.223231
0.258455
0.0167265
0.298335
-0.18828
0.279987
-0.942472
-1.12059
-0.657372
-0.523987
0.00773626
0.339173
-0.24271
-0.644278
-0.697378
-1.03623
-0.135701
-1.04665
0.124458
0.134897
0.368924
0.129739
0.356449
-0.830634
0.222271
-0.409147
1.20023
-0.967128
-0.00611694
0.600285
-0.46519
-0.0359292
0.545005
-1.34977
-1.26973
0.0803828
-0.812111
0.140798
0.10808
-0.0380207
0.00977197
0.884078
0.445141
-0.56609
-0.66658
0.905481
0.160153
-0.984702
0.0172612
-0.691369
1.71973
-0.221526
0.349492
1.1714
-0.470857
0.206626
1.20595
0.0474828
-0.48629
-0.680828
-0.947667
0.722218
0.0712372
-1.09801
-0.397618
0.795113
0.196737
-0.274121
0.134038
0.346849
-0.378137
0.531162
-0.377214
0.278243
-0.614351
1.31228
-1.71391
0.508531
0.378652
-1.11833
0.501851
-0.633634
0.1549
-0.467036
0.969462
-0.357271
-1.41229
-1.43604
-0.208473
-0.319338
-0.756162
2.09113
0.355341
1.22913
-0.961379
0.223638
-1.43991
-0.350001
-0.445885
-0.787
-0.311735
-0.375541
0.460162
-0.204604
-1.19779
0.0874195
-0.0945643
1.15009
-0.868667
0.577766
0.156637
-0.560349
0.0837136
0.30963
0.674652
-1.39277
-0.83527
0.851953
0.404517
-0.249819
0.549273
-0.547848
-0.242629
-0.206379
-0.333423
0.98795
-0.728133
-0.829247
0.725277
-0.821118
-0.67365
0.351175
-0.0179132
-1.53362
0.237672
0.13644
-1.22839
1.06806
-2.06532
0.0367828
-0.678435
-0.516008
-0.326414
0.0156639
0.157348
0.716859
-0.205848
-0.738972
-0.557037
-0.0511444
-1.25546
0.252214
-0.233645
0.772214
0.971296
-0.528375
-0.331052
-0.485971
-0.340364
0.183959
-0.223054
0.0326286
1.80974
-0.355524
0.0309363
0.398609
0.971357
0.439702
0.632012
-1.33739
0.503743
-0.750681
-0.418614
0.227281
-0.350607
-0.876121
-0.138216
-0.575853
-0.819249
0.0625371
0.66418
0.37741
0.00519243
0.202846
-0.525067
0.200716
-0.509444
0.265075
-0.0903957
1.01585
0.0255289
-1.0642
-0.0631134
0.612781
-0.722013
-0.803213
-0.620248
0.141569
0.149364
0.067711
-0.369046
0.0919468
1.6303
1.17394
-0.0417263
0.459205
0.56519
0.29725
1.0708
-0.46091
0.0713131
0.349675
0.453392
-0.110818
0.352175
-0.293116
0.126907
-0.658885
-0.200381
-0.0436967
0.259825
-0.667174
1.15056
-0.311324
0.0708013
-0.206686
0.063202
0.351894
-0.687176
-0.823493
-0.662564
-0.398092
-0.980968
0.367351
0.767513
0.127728
0.664811
0.371647
-0.236978
0.108417
0.918997
0.203897
0.349602
0.196447
0.319429
1.23175
1.55327
1.061
-0.531454
0.0111276
-0.181927
0.382038
-0.314169
-0.836697
-0.00671995
-0.551266
-0.907804
-0.592574
-0.057115
-0.159971
-0.878292
0.243194
-0.112367
0.0828249
0.573275
0.179106
-0.366681
-1.81844
-0.0612882
1.32982
0.0191694
-0.241717
-0.385791
-0.358586
0.0867672
-0.354508
-0.673695
0.326011
-0.179572
1.03331
0.654766
0.226791
-0.070898
0.644581
1.28322
0.200536
-0.0522964
-0.270301
0.0648478
0.161043
-0.0999932
-0.620765
0.120856
1.08286
-0.224532
-1.42283
0.539874
-0.767441
0.250782
-0.178696
-0.259609
0.767849
-0.164561
0.95058
-0.0720445
1.4265
0.198859
-0.142973
0.367347
0.390227
0.0465918
-1.44512
0.18319
0.792177
-0.637936
-0.146052
-0.668435
0.0591029
0.361533
0.477761
-0.309025
0.651342
-0.143739
-1.6925
1.0147
0.732227
-0.600568
0.534646
1.29793
-0.369297
-0.122236
-0.115331
-0.0558674
-0.0928814
-0.0172409
-0.0532311
0.451339
-0.859822
0.303371
-0.357591
-0.648156
0.362211
0.854252
-0.77107
0.230598
-1.73678
-0.931986
0.477067
0.877887
0.270426
-0.774989
-1.16692
0.60499
0.653987
-0.292603
-0.286848
-0.182293
-0.141569
-0.45866
0.0883151
-0.330507
0.808889
-0.629988
0.122403
-1.59418
-1.04137
0.549906
-0.389796
-0.380904
0.113704
0.29956
-0.781983
-0.214082
-1.97106
1.39705
-0.258307
-0.254396
0.695689
-0.693177
0.190184
0.567527
0.0733742
0.743883
0.922153
0.379738
-1.03244
0.0612849
-0.250448
0.07371
-0.236581
0.391133
-1.16595
-0.0242988
0.316069
0.10724
-0.51197
0.812741
-0.743109
-0.789789
-0.240323
0.443369
0.131803
-0.488287
0.0214282
0.920893
-0.401197
-0.189474
0.855837
-0.0458302
-1.09427
-0.441074
-1.16684
0.671162
-0.148056
0.11271
1.00278
0.187068
-1.49024
-0.317266
0.552211
0.195933
0.220578
-0.468433
0.0257724
-0.647862
-1.26878
1.15969
0.511072
-1.01856
-1.08107
-0.297019
0.0657911
-0.667577
-0.52933
-0.691037
-0.682983
-0.963218
1.28502
0.112827
-1.49191
0.694045
-0.269402
-0.627673
-0.356223
-1.09086
-0.65995
-0.524463
-0.977608
-0.520549
-0.343482
-0.197914
1.03631
0.454245
0.742756
-0.0673997
0.734354
-0.248192
0.757104
0.0155609
1.11051
-0.335398
-0.941376
-0.238359
1.29913
-0.137178
0.586861
0.045845
0.446371
0.864103
0.165529
-0.861691
-0.222706
-1.25051
0.623319
-0.624297
0.0469386
-0.611605
0.460221
0.24952
0.283176
0.116825
-1.48088
-0.18508
0.172813
0.758556
-0.900381
0.154981
0.0832296
1.17944
0.408088
0.0871449
0.310516
0.244263
-0.0701818
0.288521
-0.728211
-0.211197
0.631741
-0.926365
-1.4653
0.244954
-0.876604
0.0411831
1.20489
-0.474528
0.0359567
0.888841
-1.28077
-0.749493
-0.083284
-1.07327
-0.297789
-0.259197
-0.616229
0.189704
-0.846902
0.358395
0.0281443
-1.23593
1.15828
-0.538675
-0.516629
-0.0577532
0.0549289
-0.293002
0.744509
-0.19897
0.566903
0.312936
0.156997
-0.111985
-0.922347
-0.821798
-0.0627159
-0.468267
-1.16241
-0.299373
0.058494
0.84204
-0.411021
0.0313717
0.693965
0.463675
0.375331
-0.438716
0.475728
-0.760919
-0.733468
0.189855
1.33571
0.234485
1.14101
0.846399
-0.865055
0.667112
-0.208062
0.0305283
1.54157
1.58194
-1.10365
-0.969597
1.09148
0.0260587
-0.2316
-0.0675514
-0.47615
-0.0210351
0.320752
0.756771
0.0227281
0.780111
0.0963834
-0.172872
-0.396835
-0.303812
0.857423
0.00035758
-0.858336
-0.780216
-0.575823
-0.138836
-0.138873
-0.699042
-0.400801
-0.725491
0.473787
0.629835
0.0247809
-0.717668
-0.133855
0.57955
-0.195601
-0.169064
-0.489585
0.188673
0.296592
1.47398
0.31768
0.648643
0.487626
0.0748673
0.0371856
-0.326533
0.749563
-0.586665
-2.4512
-0.0550802
1.4591
0.0438407
0.759933
0.242587
0.418514
0.0314864
-0.164099
-0.818701
-0.308722
-0.23414
0.251348
0.0863658
-0.589777
0.0229744
0.299916
-0.733596
-0.22459
-0.519119
-0.209924
0.734204
0.923709
0.355656
-0.984502
-0.737063
1.45614
1.09592
-1.23524
1.24263
-0.156109
-0.553254
-0.0865125
-0.873735
1.02032
-0.185003
-0.329487
0.846329
0.289652
0.506213
-0.690588
-0.895398
0.491033
-0.927436
0.49143
-0.339842
-0.332909
0.978284
1.08381
-0.201461
-0.490648
0.157727
-0.967303
0.930093
0.270041
0.301208
0.556523
0.979973
1.38772
0.683377
0.61392
0.906821
0.936999
0.0329034
0.15152
-0.0963928
0.73133
-1.43702
-0.54128
0.171233
0.276763
-0.95701
-0.725252
-0.995831
0.983369
-0.371542
-0.0365977
0.911942
0.721591
0.0337672
0.216531
0.209345
-0.39463
0.224505
1.62515
0.786966
-0.251869
-0.353621
-0.54195
0.0663823
-1.29559
-0.890477
-0.184537
-0.982569
0.173626
-0.329682
0.466533
-0.453642
0.430566
0.0385982
1.35206
0.0508869
-0.0730322
-0.402981
0.719248
1.35748
1.35385
-1.31558
0.543625
-0.725579
0.516353
-0.0750588
-0.503166
0.47163
-0.53497
-0.63292
-0.572359
0.250609
-0.104683
0.155243
-0.0417716
-0.440432
-0.7642
0.205665
0.0191341
-0.701021
0.165419
0.154484
-0.477399
-0.837928
0.153387
-0.0582849
0.903693
-1.23732
-0.168133
0.250827
-1.36399
-0.122945
0.137132
0.276926
0.846741
0.706809
-0.454013
-0.0327337
0.48692
-0.0741671
0.729468
0.803761
-0.91774
0.918994
0.551621
-0.671661
-0.507697
0.786775
0.137029
-0.997338
0.74305
1.08348
-0.545036
0.193929
-1.12562
-0.647593
-0.135331
-1.2312
-0.814276
-1.35467
-0.154498
-0.155259
0.083219
0.263074
0.859548
-0.821636
0.281447
0.00952519
-0.993736
0.442155
2.64154
-0.110849
0.557596
-0.24681
-0.470918
0.753901
-0.784792
0.0201682
0.450547
-0.583925
-0.334056
-0.503652
-0.106309
-0.35203
-0.186395
-0.00214311
-0.319739
0.13174
-1.10136
0.152062
-0.439085
0.0464415
-0.150484
-0.871501
-1.61459
0.486492
0.339322
0.186894
0.599796
1.2728
-0.28544
0.133013
0.0178833
0.978138
0.333522
-0.449896
-1.5891
-0.27299
-0.409844
-0.450009
-0.817897
0.91302
-0.515825
0.927971
-0.156229
0.723278
0.655809
0.643418
0.810444
0.457663
0.0120577
-0.354304
-1.0302
1.38289
0.740767
1.06575
0.42377
-1.24463
0.770517
0.014053
-0.647491
-0.35414
0.334001
0.225593
1.22655
-0.382778
-0.492599
0.0486708
-0.213744
0.170616
-0.164139
0.785037
1.2648
-0.0893826
0.226511
-0.372637
1.15683
-0.0882541
-0.551512
0.223329
1.11217
-0.158404
-0.905098
-0.870442
-0.515701
-0.437853
0.111493
-0.262719
-0.00776078
-0.78981
0.306901
-0.837504
0.0648426
0.586994
0.834565
1.67333
0.578023
-0.615043
-0.14347
-0.438089
0.609513
0.909301
-0.557895
-0.788589
0.11211
0.170565
0.0358508
1.65343
-1.38691
0.140288
0.273155
0.553055
1.51435
-0.397672
1.77896
0.572075
1.29734
-0.445578
-0.0840492
-0.508746
-1.17456
0.389064
0.11693
0.0716952
0.328652
-0.0133521
1.47946
-0.121929
-0.495891
-0.0705181
0.811625
-0.947027
-0.717379
-0.0831765
0.420409
0.124411
1.06947
0.366118
0.705989
-0.110616
0.781836
-0.479471
-0.780973
0.847267
0.0778392
0.421574
0.649741
-0.177472
-0.642672
-0.78581
-0.769089
-0.242439
0.810593
0.10927
0.850966
-0.412361
-0.967239
-1.10979
0.92468
-0.730439
0.674833
-0.619676
0.0514467
-1.15693
0.513813
-0.615386
-0.0377094
1.11165
0.711549
-0.435797
1.00793
0.762571
-0.462418
-0.831273
-0.478785
0.0989924
-1.21354
-0.632749
-1.07975
1.54903
0.233882
-0.993546
0.777592
1.19073
0.634578
0.55325
-0.311971
-0.492584
0.636635
0.513109
-0.54624
0.457916
0.299692
1.44382
0.339708
0.735161
-0.713718
0.0548947
-0.972573
-0.193499
-0.666503
0.00331958
-0.180935
0.416476
0.279071
-0.0397721
0.0550032
0.0900435
-2.20729
-0.544286
0.0772039
1.05732
0.882719
0.1115
-0.0618566
1.53232
-1.0321
0.00482697
-0.846273
0.909292
0.06146
-1.31654
1.3999
-0.920849
-0.39936
0.320658
-0.431255
0.631105
-0.0895572
-0.793845
-0.0312031
-0.399154
-0.458496
-0.884746
-0.334054
-0.479748
0.490788
-1.25438
-0.197064
-1.33128
-0.599179
0.359212
0.870561
0.922235
0.148422
0.981556
0.312091
0.00971076
0.2101
-0.854943
0.23283
0.666902
0.76259
-1.34442
-1.05238
-1.25277
0.806123
-0.502952
0.186658
-0.473289
-1.23857
0.101383
0.181052
0.241591
-0.0751684
0.647818
0.640583
-0.637463
0.548029
-0.0438201
0.34729
0.237133
1.07224
0.373915
0.00927186
-0.828732
-0.716016
-0.277865
1.99782
-0.185709
0.106453
-0.0106807
0.362437
0.366529
0.0305572
-0.321771
0.746629
0.20758
-0.509554
-0.256523
0.192897
0.496483
-0.95681
-0.748324
-0.377128
-1.3215
-0.177811
0.542332
-0.618771
0.845731
0.454489
0.312612
-0.279457
0.0896319
-0.548222
-1.02093
1.0334
-0.643837
0.375888
-0.410054
-0.132593
-0.104507
-0.349869
0.453656
-1.04932
-0.754659
1.88798
-1.66655
-0.581481
1.52655
0.248986
-0.495893
-0.525931
-0.0873255
-1.6556
-0.637704
-1.04676
-0.390748
0.984762
-0.0742885
0.0276499
-0.155263
0.183688
-0.484405
-0.734701
-0.548769
-0.402153
-0.1083
-0.61476
0.795508
-0.0796577
-0.629588
-0.725661
-0.387418
-1.24503
0.230962
-0.653817
0.572193
-0.337369
-0.830095
0.337233
-1.05473
0.0797075
0.929729
-0.870576
-0.278277
0.859573
0.88947
-0.507924
0.852446
1.15348
-0.955428
-0.141271
0.262366
0.768505
-0.0458123
-1.37047
0.189397
0.671729
-0.568117
-0.595641
0.174918
0.230532
-0.341909
-0.198409
-0.132241
1.01807
0.393754
1.32111
-0.918991
0.099419
-0.791524
-0.378827
0.251119
-0.63308
-0.291427
1.41725
0.00775713
0.736342
0.147929
-0.866003
0.533355
0.154938
0.595684
1.22734
-0.357107
0.3678
-0.453179
-0.352795
1.1033
0.491531
0.223474
-0.0443878
0.452328
0.654023
0.211702
0.864234
-0.973266
0.311671
-0.197161
0.844551
-0.889159
0.170834
0.418444
-1.1786
-1.19619
0.867173
-1.11473
-0.230623
-0.478983
1.01587
0.178048
0.219772
0.104653
-0.519439
0.573668
-1.34802
0.350769
-1.12119
0.28617
-0.0570344
-0.257387
0.625468
-0.456366
0.372991
-0.940496
0.508991
-1.25028
-0.535619
1.03895
-1.1773
0.29751
0.981877
0.64983
-0.21595
0.069177
0.371638
-0.0624649
1.37462
-0.409835
-0.808211
-0.179849
0.257822
-0.3276
-0.65938
-0.479208
0.918926
0.22644
0.225134
-0.905233
-0.324687
-0.608721
0.612786
0.459613
0.554798
0.44121
0.614031
0.00735926
0.444836
2.36753
0.532262
-1.0601
0.148832
-0.00191465
0.949648
-0.200796
-0.535487
1.13289
0.16553
0.391094
-0.094411
0.886031
-0.539912
0.562286
-0.368686
0.601061
0.782787
-1.68827
-0.140548
0.540794
0.961595
-1.28132
0.18034
0.583689
0.948697
0.0471078
0.652261
-0.25904
1.03651
1.50119
0.180735
0.554263
-0.391045
-0.348678
1.38801
0.914735
0.786911
-0.847379
0.534502
0.416248
0.132785
-0.176898
-0.577108
-0.432923
0.295067
-0.360916
-0.329853
1.6219
-1.0314
-0.25106
0.803121
-0.836494
-0.741033
-0.133077
1.3284
1.09253
0.0110084
1.28368
1.00166
-0.0905057
0.0679964
0.759816
0.804019
0.473869
0.0417554
-0.0763209
-1.31653
0.445504
0.258621
-0.787744
0.658045
0.543666
0.4321
-0.399893
-0.899762
1.13782
0.533262
0.704558
0.335533
-0.166727
0.956753
-1.56022
-0.402459
-0.514986
-0.571898
-0.799612
-0.202663
0.543253
-1.46732
0.941885
-0.577225
-0.188993
0.028253
0.0287502
0.181011
0.00139281
0.613359
0.653902
1.30097
-0.680991
-0.354826
-1.19916
-0.725784
-0.813638
-0.542064
-0.354672
-1.12894
0.93728
-0.428386
0.541154
0.207908
-0.0649937
0.486381
0.56296
-0.0481588
0.0900444
0.733891
0.418257
0.415145
-0.707515
-0.124583
0.0733522
0.722611
-0.485399
-0.716118
0.862496
-0.255304
1.6201
0.325976
1.24427
0.502945
-0.722764
-0.346758
1.07113
-0.178843
-0.299889
-0.648336
0.813206
-0.913036
1.04678
0.58824
-0.0865034
-0.0787069
-0.471169
-0.23601
-0.0336503
-0.636814
0.670027
0.458588
1.35235
0.0132458
-0.0865372
0.551501
0.126685
-0.0551704
-1.2488
0.485169
-0.400636
0.709485
0.122707
0.852022
-0.258023
-0.585374
-1.17552
0.18008
0.377966
0.351766
-0.15395
-0.48375
-0.171156
0.945489
0.833674
-0.797396
-1.42433
-0.271968
-1.10672
