-0.571477
-0.456544
-0.393448
-0.0345162
-0.624679
0.478539
-0.720348
-0.407412
-0.899129
0.0273828
-1.28254
-0.887208
-0.6238
-1.76643
-1.68324
-0.429709
-1.5295
0.770358
-1.39527
2.27604
0.549672
-0.847601
-0.0625169
-0.669185
-0.34325
-0.154047
1.35413
-0.855314
1.17857
0.579899
1.00222
-0.250099
0.784804
-0.23399
-1.14914
0.735785
-0.0663009
-1.69848
1.6935
-0.445174
0.0604701
0.284296
1.05059
0.711354
1.222
-0.253097
0.546883
1.52384
-0.546139
0.986141
0.762178
0.681996
1.10297
0.186489
-0.542265
1.09887
1.11957
-1.06849
-0.564627
2.57148
0.529134
-1.16982
1.41627
-0.790097
-0.42989
-1.37967
2.40583
-0.577411
-1.11514
1.05935
1.26446
0.44354
-0.0213173
-0.238092
1.16792
-0.32713
0.209728
0.99982
-0.164582
-0.294927
0.558875
-2.26823
0.82345
-1.01998
-0.955579
-0.960045
1.1234
0.287949
0.140795
-0.157498
-1.0001
1.46603
-0.156645
-0.617206
1.031
0.126392
0.499779
0.520275
0.837427
0.6805
-0.291639
0.312839
-0.295791
1.8953
0.435032
0.488154
0.540467
-0.363631
3.2989
0.109563
-2.10453
1.33648
-0.767873
-0.813918
0.780285
-1.08191
-0.169217
0.422083
0.742541
0.650035
-2.93491
0.124559
0.907683
-0.781591
-1.16404
-0.69538
-0.578217
-1.30575
0.0496311
1.19134
-0.702157
0.889367
-0.604533
0.188545
-0.860741
-0.55411
0.744348
-0.276261
0.186695
0.351828
-2.02485
0.579022
0.42013
0.0930317
1.01603
1.51442
-1.15261
-2.09044
-0.548389
-1.32029
-0.365103
-0.047498
0.787881
-0.710042
1.32591
1.5612
-1.06424
0.706102
0.242131
-0.443743
-0.142522
-0.0164648
-0.157629
-0.0588413
-0.733274
0.777399
0.104626
1.17968
0.342145
2.69716
-1.33273
-0.772781
-0.503484
1.09751
0.63616
-0.541364
-0.0749684
-0.94415
-2.28726
-0.420273
0.505954
-0.0158443
-2.02903
0.123455
-0.34326
1.20606
-0.70622
1.56574
-0.245066
0.589783
0.163175
-0.389799
-0.654684
-1.31379
0.354317
1.07347
-0.66703
0.62059
-1.41675
-0.620421
-0.317315
0.480599
-0.246731
-1.21751
0.0266565
-0.931307
0.246518
-0.762355
-0.736478
0.159153
0.582632
-0.275434
0.366163
-0.519841
0.596137
0.838422
-1.87579
0.0206577
-0.257379
1.40539
1.42698
0.0433635
0.164036
1.24905
-1.03608
-1.22032
-1.47298
0.172393
-0.332766
0.209246
1.55196
-1.49193
0.520311
0.333123
-0.468654
-0.364768
1.07248
1.11207
-1.73032
0.576299
0.926
-0.426268
0.839725
0.281486
0.750831
-0.221965
-1.25296
-0.87925
-0.124939
0.553625
-1.83605
-0.287379
0.070414
0.271912
-0.197518
0.246531
-0.211203
-0.954487
-1.00068
1.19468
-0.732245
0.941946
-0.432998
0.0639657
0.248317
0.402813
-1.14552
0.749817
0.105643
0.51756
0.953615
-0.343747
0.784748
0.0681528
0.462787
2.75479
-2.45494
-1.91099
2.42746
-1.06935
-0.424532
-1.09822
-0.0218683
-0.32283
-0.0969673
0.0869425
-0.242242
-0.701328
-0.192757
0.873307
-0.317708
-0.835119
-0.935753
0.609302
1.42218
-2.28047
-0.386635
-0.624315
0.147855
-0.870794
-0.449966
-0.914203
-0.847811
1.38522
0.0655406
-1.39575
0.145311
-0.197415
-1.2219
0.0473992
-1.08756
0.499068
-2.01693
-1.82834
1.57887
-1.52291
-1.63851
2.54184
-1.31738
-0.330197
0.52871
1.45944
-0.184602
0.130614
-1.05189
0.391405
0.725956
0.935651
-0.0905639
0.938837
0.701151
0.238506
0.969318
1.02445
-0.0375318
-0.541373
-0.31993
0.133814
0.188686
-1.54311
-0.39653
-1.16248
-0.220204
-1.01782
0.238067
1.09622
-0.404787
0.320288
0.715033
-1.3521
-0.424205
-0.488959
0.889445
1.46741
-1.08399
-0.0218343
1.45653
-0.612792
-0.067403
-1.10882
1.46267
0.327963
1.32419
-0.584604
-1.02438
1.52692
1.04276
0.992534
0.671274
0.303063
0.151472
-0.646256
-0.684951
1.86849
1.9926
0.545043
1.26117
0.397422
-0.866042
0.424983
0.077277
-1.05134
-0.314853
1.46583
0.228421
-0.165226
-0.398409
0.0528483
1.53624
0.892777
-1.00772
-0.572517
-0.472262
-0.357962
0.311591
0.256777
-0.888513
-1.68637
-0.123014
0.255458
0.136219
-0.819071
1.02534
0.258883
-0.24248
0.368225
-0.133772
-0.721793
-0.384107
-0.0265078
0.781775
0.318035
-0.885736
0.598713
-0.92267
-0.286
0.0406207
0.324228
0.495188
1.54425
0.590905
-1.26646
0.936144
-0.727539
0.972487
0.314567
-0.840772
0.880138
-1.06652
0.139101
-2.43942
-1.74179
-1.97467
0.427565
0.577117
0.330816
-0.785238
0.143444
0.0873447
-0.836769
-0.473094
-0.616638
-0.333119
-0.409324
-0.747818
0.132777
1.42714
0.0802197
0.472877
1.8957
0.184323
-0.732214
-0.812478
0.99199
-0.228567
0.584721
-0.0117649
0.00891796
0.768206
-0.413586
-0.0676448
-0.579624
0.239009
0.517886
-1.82842
-0.810702
0.352794
0.383022
-0.673695
0.206286
-1.04948
-0.0482214
2.78142
1.47897
-0.451676
-0.430066
1.5365
0.759649
0.146876
0.431554
-0.160106
-0.101862
-0.514918
0.289258
-0.22461
-0.319215
-0.358487
1.46925
0.581392
0.808925
0.355534
0.41332
-1.44666
0.0182339
-0.300759
-1.52148
-0.217284
0.197486
0.782773
-1.31632
-0.0458266
-0.482071
-0.0174646
1.99893
-1.24524
0.667324
1.68634
1.12254
-0.708219
-0.504843
0.660463
0.760383
0.413589
0.445778
-2.20689
-0.0294632
-0.677046
-0.843002
-1.82428
1.67811
-0.233019
1.43105
1.19733
0.617913
-0.569332
-0.580273
-1.63838
-0.49898
-0.369643
0.371836
0.0981784
-1.16042
-0.283143
1.25879
-0.285505
0.483272
1.4126
-0.811022
-0.182877
0.345896
0.13526
-0.593547
1.78672
1.12237
0.207153
-0.84146
-2.52045
1.70164
0.467808
-0.643546
1.40354
0.766662
-0.1707
1.22831
-0.0464533
2.7662
-1.24639
-1.9877
-0.880461
-0.410265
0.551951
0.0252414
0.556704
-0.519094
-0.824556
0.264987
0.683408
0.102011
-1.19967
0.429005
-0.443936
-0.298137
-1.19267
-0.840419
-0.00339112
-1.67417
0.968857
0.0360359
-2.02672
0.487193
1.21691
-1.69628
0.15993
-1.25082
-1.13469
1.56571
0.105111
0.106182
1.90854
-0.417466
0.118985
-0.0420786
0.0839439
-1.68485
1.83666
1.14251
-1.45828
0.708934
-0.471762
-0.258026
0.457425
-1.66981
1.36028
1.38434
2.18777
1.02622
-0.815169
0.0772346
1.55764
-0.374307
0.326543
0.421767
-1.37189
-0.785965
-1.82574
0.686571
-1.09811
-0.357537
0.638228
-0.411583
0.185218
-1.17752
1.05611
0.0600552
-0.50348
1.06912
1.29214
0.928763
-2.11863
-1.33098
0.683836
0.245084
1.06439
0.948376
0.078162
0.0839
1.23564
0.999186
-1.06316
-0.148599
-0.210572
-0.378463
-0.307997
-0.423939
-1.46288
1.58868
-0.0745223
-0.745532
2.01038
-0.0788946
-0.672686
0.194209
-0.223844
1.91768
-1.06119
-1.41233
0.274421
-1.45999
0.994786
0.0430236
-0.172173
-1.13769
-0.123585
1.1254
-2.18039
-0.224221
-0.00157274
-1.82925
1.6545
-0.429342
2.5091
0.818289
-0.113881
-0.708281
1.04041
-0.285849
0.631558
1.71209
-0.145964
-0.26161
0.397412
1.08493
0.190261
0.971833
-0.700917
1.77738
0.0248668
-0.181313
0.150456
-1.41335
-1.23287
-1.84238
-0.679899
0.31673
0.397828
0.230356
-0.301554
1.69869
1.24538
0.357288
0.0492317
0.419741
-0.8696
-0.8149
-0.948468
0.897179
1.61911
-1.04199
-1.3476
-1.49513
0.954649
0.410809
0.0559112
1.81136
-1.24474
-0.766687
0.242764
-0.50709
0.841151
0.3405
1.15797
0.83062
-0.151591
0.593451
1.27368
1.85374
0.929561
-1.65523
0.515471
0.155191
-1.49413
-0.541236
0.223667
-0.636641
-0.791166
0.373356
0.939051
1.371
-1.19469
0.234491
0.717963
1.12832
-0.512587
0.0344053
-0.742998
1.2901
-0.904125
-1.42171
0.951651
-1.47576
0.557193
-1.07366
-0.0503021
0.226913
-0.395016
0.191497
-0.394896
0.121627
-0.397871
1.98908
-0.75181
-0.911096
-0.19953
0.465492
0.044808
-0.0361498
-0.913617
1.26164
0.0616837
0.523126
0.101548
0.761372
-0.152337
-0.931033
-0.392892
-0.435578
0.364033
0.450165
-0.317561
2.11003
1.03285
1.30897
1.05593
-1.44543
-0.806653
-1.9758
0.0220508
-0.144778
-0.781622
1.58895
0.842907
-0.530483
0.320298
-0.815093
0.356256
0.122746
-2.58007
1.82215
0.287659
-0.45676
-0.515171
-1.48672
-0.936591
0.330223
-1.48813
-0.826941
-2.14155
1.18627
0.0508345
2.51831
-1.70101
0.653062
1.4273
-1.19504
-0.0917587
1.62931
-0.18512
-0.642999
-1.547
-1.63676
1.46701
0.0658001
1.68096
-0.65392
-0.880792
-0.918245
0.180938
1.64207
2.37884
0.705658
0.0948718
-0.00870411
0.713984
0.410614
0.531044
0.741234
2.72803
1.6739
0.549988
-0.37934
-0.722099
0.791893
-0.728665
1.32486
0.775204
0.350214
-1.22746
-0.0991874
1.34417
-1.14679
0.271965
0.924937
1.4345
-0.0624297
-0.907296
0.645437
-0.0649595
1.41814
0.185858
0.154776
1.42947
-0.578317
1.74001
1.39191
-0.912119
0.155305
0.21617
0.0268541
-1.44296
-1.31033
1.08098
1.21077
-0.951054
-0.296168
1.44558
-0.558292
1.35307
-0.2574
-0.678684
-0.963403
-0.0930124
0.10701
0.161876
-1.72021
0.0701645
-1.73263
-0.517498
2.22228
0.522425
-1.01868
2.64484
0.132465
-0.474895
-2.20918
-0.604517
0.836142
0.415809
-1.12437
1.69087
-2.80244
-0.343388
0.546376
-0.890129
0.733554
-0.87858
-1.40293
-1.28453
-1.04534
0.954337
-0.48771
0.152158
0.22767
1.40667
0.601477
1.34249
0.600785
1.28615
0.778878
-0.0634253
0.352303
-0.103883
0.202873
-1.16157
-0.606739
-1.18248
1.9387
-0.423107
0.143358
-0.338591
-0.499995
0.0884093
1.17863
-0.157817
-1.73085
1.33248
-0.495792
0.791093
0.617895
0.433229
0.367016
-0.935494
-0.420053
0.354708
0.0705739
-2.33542
0.0681336
2.92752
1.07234
1.1661
-0.818701
-0.52212
-0.254888
0.911647
0.665258
0.260975
-0.234231
-0.141282
-1.42556
0.537265
-0.389182
1.61074
0.797436
-1.266
-0.0335737
-0.00608695
0.267797
-0.528166
0.142819
-1.72288
0.319472
0.413541
0.586299
0.397628
-0.318684
-0.0413753
0.459714
-0.524282
1.00612
0.113704
0.0384379
0.00163845
-0.225824
0.992609
2.00918
-1.8747
0.379845
0.405806
-1.16889
0.578369
-2.22364
1.45565
0.134519
-0.589365
-0.667846
0.797482
-0.31549
-1.90414
0.044708
-0.684257
1.00124
1.70953
-0.72257
-1.10078
1.45711
0.261866
-0.969882
0.31789
-0.0503415
-0.139282
0.956388
-0.894246
1.98711
-0.708944
0.0376446
0.633125
0.0627358
-1.73697
0.365085
-0.461481
-1.79733
0.302681
-0.453775
-0.554926
-1.88254
1.34263
1.5266
1.58071
1.01736
0.288306
-0.4542
0.382046
-0.410496
-0.629427
0.557537
-1.27056
-1.10233
0.652451
0.58008
-0.690198
-1.25996
0.0648133
-0.556706
0.99266
-0.390956
-0.898977
0.217443
0.76191
-1.06736
-0.219278
-1.34119
-1.29669
-1.70124
0.530931
0.110155
0.0848376
0.131517
0.0841498
0.808853
0.164071
-2.51597
0.233235
0.261163
2.87622
0.351522
-0.0223027
-0.0122761
-2.25693
-0.197698
-1.63966
-0.393376
-0.763352
-1.5955
1.58544
1.14554
0.470535
1.22826
0.729979
-0.857245
0.511913
0.135518
3.06214
0.46147
0.0958857
1.3668
0.864405
-0.142825
0.755005
0.163673
0.974554
-0.549256
0.725797
1.69776
-0.863962
0.943338
-1.50687
-0.700246
1.12846
1.41916
-0.104161
-0.568789
-0.350368
-0.690915
0.239598
0.0637668
0.754903
1.53884
-2.16519
0.0981385
0.423491
0.115345
-0.457876
-1.68694
0.780554
-0.311606
-1.12697
-0.530278
1.56708
-0.261444
-0.0999948
0.256161
-0.898979
1.12574
1.08013
0.0243439
0.943347
0.09596
0.298247
-0.77152
-0.891964
-0.0495038
0.617733
1.71982
-2.19573
0.301313
0.596418
-0.422702
1.17729
-0.069247
-1.06995
-0.720268
-0.471843
0.0232252
-0.13286
-1.91915
-0.449105
0.816958
0.595609
-1.5032
-1.20583
2.23134
1.07599
-1.26291
-1.10657
-0.0937087
-0.619775
-0.64597
-1.33858
2.04837
1.49864
-0.629176
0.353474
-1.87291
0.36132
-0.106308
-1.18884
0.166614
-0.627151
1.33409
-1.77505
1.39095
-0.165769
0.409734
-0.924006
-0.364788
0.675525
1.88937
2.43157
0.931966
0.318163
-2.45518
-2.81434
-0.536533
-1.69087
1.62456
0.0669539
-1.09484
-0.3744
-0.0954073
1.06606
-0.0251201
-0.0618076
1.39669
0.172419
-0.265574
-0.359094
-1.46141
-0.588117
0.956349
0.86914
0.883492
-1.16125
0.388486
0.00813844
1.5388
0.964772
1.43489
1.09655
-0.800755
-1.52327
-0.546207
0.562851
-0.956655
-0.51739
-1.2391
1.29799
1.69759
-0.766368
0.187555
-0.287987
0.260559
-0.94573
1.09009
-0.279993
-0.567862
-1.49671
-0.606803
1.56013
-0.148791
-1.1389
1.3438
-1.2185
1.07641
0.380684
-2.7951
-0.0782416
0.254587
0.244707
0.582622
-0.511982
1.55407
-1.38429
-2.12599
0.00106813
0.121279
-0.0719494
0.225797
-1.10359
0.48086
-1.034
-1.13627
0.823066
0.112112
1.58434
1.58138
0.735292
-2.81814
-0.242798
2.81767
0.454311
1.06142
-0.963561
-0.0968998
-1.62998
-0.628602
-0.7241
-0.653665
-0.750609
-0.899425
-0.66724
-0.493341
0.791172
-0.72978
0.708805
1.08743
-0.307368
0.536668
1.00748
1.36348
-1.13321
1.14316
-1.41213
1.21841
-0.693292
0.613212
-0.0458001
1.14088
0.220088
0.369583
0.779973
0.542701
-1.71341
-0.616011
-0.112563
-1.36144
-0.813011
-0.812996
-0.108348
-1.3888
0.358536
0.592153
0.542146
-0.324212
0.107759
-0.846666
1.34699
0.560134
-0.558876
-0.274564
1.7277
-0.634402
-1.16768
-0.0519262
-0.0511493
0.641065
-1.35967
1.2798
1.55005
1.16341
-0.637682
-1.05738
0.127256
-1.03665
0.860596
0.124041
0.187198
-0.704559
-0.492733
0.106336
0.303082
2.90855
-0.0999255
0.414153
0.886306
-0.545653
1.68634
1.78065
0.52919
0.579656
0.802976
1.73808
-2.54525
-1.67168
-0.0164607
-0.396399
-0.0941462
-0.995007
0.295412
1.21388
1.33259
1.03367
1.09146
-2.97495
-0.328656
0.371288
1.45302
-0.430671
0.127959
-0.568971
-1.01418
0.250581
-1.10154
-1.36975
-0.223047
1.58417
0.571345
0.123855
0.259249
-0.466381
0.429428
-0.0399949
-0.748776
0.06706
0.638266
0.00788923
-0.717407
-0.922364
-0.0325561
-1.24738
1.09107
-0.570973
0.167733
-0.215197
-0.214445
1.06234
0.345859
2.31838
0.795374
1.35372
-1.12209
-0.139473
-1.14131
-1
-0.765043
2.0147
0.896795
0.256037
0.376896
-0.0801476
0.203387
1.18247
-0.593972
0.424057
0.0535562
-0.848461
-1.6992
-2.64725
-0.313031
1.5604
0.101397
0.0871909
0.990383
0.923433
0.356922
-1.00228
-0.784763
0.35842
0.991044
1.42622
-0.335871
0.68693
0.876304
1.43955
0.38754
0.183602
-0.999927
0.891203
-1.0402
-0.0429693
1.21324
1.28193
0.914658
0.056772
0.244837
-1.52715
-0.898124
0.756953
-1.22153
0.0117666
-0.906258
-1.37985
0.579714
0.648896
-3.02747
-0.682674
-0.116027
0.684563
1.14956
0.351421
-0.853965
-1.04888
0.014923
1.27805
-0.0911765
0.194278
0.156812
0.189192
-2.209
-0.16044
-0.0792982
-0.122756
0.301096
0.394008
1.1295
-0.320184
-2.08972
0.885537
-0.0836079
0.292378
1.14744
0.475138
-1.12143
1.09502
-0.928237
0.160459
-0.309867
0.195926
1.23718
0.912682
-1.59249
1.60366
0.0738864
-1.97063
-1.72107
-0.0864001
1.2656
0.855149
1.36302
-1.17131
-0.270538
1.0323
-0.806517
1.01337
0.905615
0.954071
1.49152
-0.491128
-0.542897
-0.380012
0.434493
-0.543387
-1.05343
-1.39087
-1.17507
-0.776408
1.0131
0.319753
-1.00518
1.91992
2.04078
0.00265937
2.0557
-0.826283
-0.114445
-0.121557
1.01878
-1.14246
0.984043
-0.869871
0.258054
-1.11307
1.9352
1.26575
-1.2091
0.814933
0.620271
0.709923
1.37234
-1.07988
-1.11099
0.877485
0.824275
-2.60975
1.25853
0.192716
0.161579
0.928696
-0.0973367
0.633342
-0.00112856
-0.234807
0.376582
0.191549
-0.0880862
0.227962
2.48903
0.625343
2.69054
-0.308918
0.205453
0.679458
0.339415
-0.206549
0.4043
-0.464985
0.346512
0.262608
-0.301439
1.00758
1.37944
-2.47237
0.18126
-0.425572
0.337498
-1.10592
-0.959863
-0.91224
-0.253507
-0.776937
-1.03885
-0.467118
0.319028
-0.460113
1.4576
-1.97049
0.475952
0.257952
0.543348
-1.25461
1.1958
-1.29183
-1.19615
0.244602
1.05084
-0.642904
-0.0718731
-0.399671
0.703904
-0.866454
-0.678872
1.62239
-2.3724
-0.288422
-0.256425
-0.0263357
-0.668607
-0.479585
-0.202345
0.229554
0.414353
-0.975275
-0.428801
0.372546
-1.22754
1.36764
-0.268336
0.398112
-0.254721
0.263932
0.891992
1.02645
-0.744346
-0.496627
1.55552
-0.513783
-0.664795
0.508659
0.951988
-0.971677
-0.773586
0.448516
0.292314
0.832717
-0.637954
0.296084
1.43553
0.047342
0.00480088
0.730758
0.819608
0.471395
1.59619
-0.72499
-0.189714
-1.81281
1.22505
-0.420929
1.30303
2.00101
0.107689
0.984688
0.529264
0.975028
-1.26536
0.34665
-0.495646
0.0141607
1.0807
-1.33676
-0.88206
0.686091
0.680192
-0.27303
-0.666806
0.0536586
1.07652
-1.18958
-1.55357
0.210524
1.0843
-1.12503
-2.32806
-1.0944
1.9446
-0.378622
0.836367
-1.27942
-0.483631
1.82332
0.574365
0.928451
0.623916
-2.33711
0.326043
-0.631998
0.462858
-0.479086
-0.0535829
1.7063
1.6813
-0.422848
0.523721
0.173914
-0.422766
0.290315
1.20078
-0.135885
-0.319063
1.32027
1.67971
-2.04547
-1.01511
-1.55891
1.15875
0.102826
-2.9133
-2.4909
0.31631
-0.214437
-0.283214
-0.44981
0.97999
0.695815
-0.512812
0.595834
-0.168889
-0.556649
0.359029
-0.0549119
-0.863506
1.03219
0.295493
-2.10894
1.05936
0.821388
0.436131
0.848741
-1.09049
-0.881769
0.303967
0.166255
-0.0219675
0.192455
-0.337652
-0.199178
0.28806
1.22893
0.881128
0.909372
-0.285409
0.189013
1.75467
0.803338
0.441425
0.672292
-1.63029
0.790561
0.427098
0.14447
-0.0823656
0.791499
-0.376042
0.0317553
1.79396
0.682325
-1.02044
1.26706
-0.345366
-0.0603116
-0.15011
0.484231
-1.18632
0.992595
-0.932118
1.17566
0.654485
-0.0815604
0.651194
0.891043
-0.75177
-0.283026
-0.284957
-0.843141
1.07328
1.56534
-0.517487
1.27048
0.695901
-0.838253
0.156424
-0.156163
0.363868
-0.661786
0.952929
-0.901235
-0.330736
-0.1029
-1.38856
0.353528
-0.181904
0.493923
0.791451
-1.5511
0.137005
0.696702
-0.186443
0.261013
-0.494759
0.536839
0.700327
0.868778
0.546291
0.625432
-0.566109
-1.34308
1.05068
0.357375
0.111377
-1.24077
1.97974
0.780937
-0.823834
0.0844639
1.38521
1.33597
0.300725
0.555831
-1.81214
-0.083477
1.18487
-0.274942
-0.399375
0.818309
-1.73296
1.89255
-2.65921
0.335075
2.02597
0.378208
-0.753715
1.40059
-0.914083
-0.358582
-0.429364
-0.717813
1.10738
0.85745
-0.325477
0.138694
-1.74127
0.272657
1.65886
-0.57801
-0.397126
1.39369
0.732728
0.78365
1.49407
2.35553
0.0327105
-0.653987
1.19063
1.15266
0.146482
0.00931105
0.438988
-0.172569
-1.22125
-0.266257
0.911127
0.754362
1.01058
1.58708
0.300052
-1.32574
-2.20073
-0.279738
0.968661
0.812937
0.978069
0.0423451
0.734541
-0.899046
0.601761
1.46469
-0.613922
-0.31563
-0.921422
0.646126
-0.636926
-0.830971
0.117587
-0.535323
0.78802
0.306904
0.647171
0.0714902
-2.08169
0.518671
0.886271
1.93366
0.602249
-0.372271
-0.289133
1.98032
-0.92561
0.0996208
-1.05393
-0.294934
0.301966
-0.406077
0.403015
1.93574
-0.607501
-0.980644
1.02863
-1.10855
-1.22499
1.47816
0.113199
-0.815053
-0.299865
0.132858
-1.23876
-1.14559
-2.32604
-1.05279
-0.842538
0.340125
0.87557
0.386379
0.3375
-0.437366
-0.82452
-0.611719
0.689501
1.65777
-0.175229
0.479051
-0.603386
-0.348893
1.15697
0.429674
-0.158867
0.201427
-0.912785
-0.171285
0.0497269
-0.051947
1.76388
0.620763
-0.660448
1.34784
-0.57994
0.703186
1.23296
-1.0628
-1.04127
-1.50197
0.36021
0.42734
-0.142335
-0.730176
1.72875
1.4415
1.01212
-0.535572
-0.210955
0.0873218
0.892171
1.46702
-0.198717
-2.16547
-0.0833498
-0.905659
-0.474365
2.56395
-1.75374
1.84612
-2.03801
-0.933476
0.485235
0.284483
-1.28703
0.326085
-2.71823
0.573899
0.310145
-1.74176
-0.168931
-0.207468
1.07622
-0.00440799
0.366198
0.391484
-0.642556
-0.301568
-0.051058
0.0923232
-2.28663
2.07855
0.0966058
-0.689781
1.25221
-2.31915
-0.0181704
-0.497465
-0.077
-1.6681
0.767847
-0.0171444
-1.24731
-0.388902
0.261688
0.472177
-0.734703
-0.388065
0.506737
0.19387
-1.5648
-0.187452
-1.11872
-0.362159
1.24117
-0.559631
0.0710756
-1.75047
-0.0033357
2.12337
0.350145
-1.53174
-1.00809
2.20314
-0.334231
1.11748
1.32518
0.0286996
-2.00604
1.9999
-1.49988
-1.05209
-0.370527
-0.660095
-0.913521
0.822914
-0.204816
0.505665
-1.2374
0.322979
0.374925
0.240354
1.293
-1.19889
0.172256
-0.494222
0.651439
-0.157246
-0.287784
-1.15013
-0.311383
-0.556916
-2.4093
0.166941
-1.71357
-0.109735
-1.39435
0.669998
-0.828065
-0.383916
-1.5497
-0.564556
-0.0735546
0.137692
-0.793103
0.17019
2.49489
-2.05606
0.828163
0.650219
1.39591
-0.41106
0.83706
0.123057
-0.217917
0.201742
-0.160486
0.236602
2.17384
-2.02636
-0.0651709
0.428133
0.875037
1.24493
0.625022
1.18731
1.01787
0.00732457
-0.605636
1.64038
0.18491
-2.53705
0.666557
-1.56436
-0.509649
1.57151
0.903092
-1.24331
-0.797967
-1.47408
0.230668
-0.300777
1.06771
0.474099
1.59808
0.919066
-0.0805886
-0.0237592
0.113228
0.322852
-0.533322
-0.406193
0.720645
0.897873
-0.762559
0.891631
-0.418392
-0.757038
-0.116178
-0.543427
-0.158885
-0.666657
0.980428
0.670518
0.440516
1.6697
0.683657
0.080104
1.07065
0.575404
1.39325
-1.50849
-1.33702
-0.196968
0.686508
-0.369504
0.632758
-0.879273
1.35879
-0.146311
-0.176439
-0.224755
-0.617897
0.00224392
-0.0850992
0.652489
0.367256
-1.21917
-0.351571
-0.821807
-1.88703
0.575157
-2.06227
-1.67167
-0.691167
-0.787933
-1.81616
-0.0637227
0.0995723
1.15238
-2.82148
0.213282
2.13017
1.73748
-0.828587
-0.308417
0.289156
-0.420114
0.982338
0.823471
-0.849387
-0.825286
0.0872486
0.564418
0.139412
-1.37489
-0.28912
0.681735
0.771705
-0.230954
-0.211087
1.06657
-0.128436
0.634464
-0.724641
0.809282
0.267238
-0.289695
0.260324
-0.938114
1.3933
1.76277
-0.351688
-1.3015
1.02397
-2.23875
1.36623
1.3747
1.59076
-1.0489
0.0635514
-0.0530383
0.905229
0.533623
0.615443
-0.0977718
-0.0916107
-0.888651
0.250518
0.870251
0.807153
-0.869237
0.968426
0.0543093
-1.40877
-1.37742
1.25097
-0.0658796
0.959347
0.732493
1.04385
0.764639
-1.35887
0.415601
-0.692302
-0.417453
-0.868906
-1.05195
-0.734106
0.548292
1.23453
-0.431489
0.928293
0.507987
-2.46786
-1.95421
-2.2007
-0.2749
0.323925
-1.42639
0.461065
0.166242
1.4518
-0.36466
-1.86267
-0.0312067
0.54802
0.711813
0.173448
1.25686
0.429659
1.7902
1.59209
-1.48613
-0.812526
-0.188013
0.752667
0.369412
0.18143
-0.823654
1.37076
-2.62654
-0.15962
-0.893369
-0.222876
0.523021
0.618497
-0.529137
-0.382887
0.717725
-0.0656484
1.49105
0.0555301
0.119024
-0.917222
-1.32334
-0.67247
1.58344
0.465486
0.344738
0.130893
-0.949645
-0.495906
-0.512367
0.634967
1.19294
0.121225
-0.89394
0.912972
-0.830233
-0.573155
1.16561
0.818119
-0.207255
-0.375519
1.43064
-0.81662
0.750052
-1.30254
-0.668047
-0.416195
0.801225
-0.220471
-0.703158
-1.20679
0.0581357
-0.720358
-0.275538
0.904856
0.644553
0.18469
-0.557473
2.47431
0.98124
-3.08091
-1.54369
-1.49939
1.46031
0.202091
0.519369
1.10634
-2.21092
0.578919
-0.340505
-0.149896
-1.15919
1.23979
-0.367439
-1.2127
0.435126
0.169752
-1.05282
0.311044
0.0825224
1.60718
-0.44672
-0.503587
0.846624
-1.494
-1.53344
-1.29352
-0.953394
0.541653
-0.788304
0.2898
0.275353
0.124385
1.15603
1.05894
0.416425
0.971765
1.28998
0.00761044
-0.722841
1.47892
0.955125
-1.34791
0.231566
-0.214554
-0.330444
1.45949
-0.786588
-0.829808
0.960941
-1.46443
-0.342421
0.798758
0.886618
0.320605
1.70771
1.44696
-0.432666
-1.98249
-0.927609
-1.20271
0.474707
1.0513
2.23598
-0.983314
1.30507
0.56141
-0.604655
-2.19256
0.680676
0.0316149
1.69875
-1.48571
0.0083149
-0.418335
-0.767698
-1.25822
-1.03253
0.25104
-1.22012
1.12802
0.0458298
-0.771188
-0.419297
0.616104
-0.744988
0.600064
-0.893673
0.620168
0.49047
-0.669719
0.559996
0.334128
-1.27194
0.812183
1.24635
-0.671723
0.623446
-0.41352
-1.40403
-0.40392
-0.224359
-1.49798
0.162435
-0.832725
-0.260269
2.09574
-1.67059
-0.535838
-0.688485
0.813558
0.322762
-0.143475
1.29511
-0.170403
-0.687241
0.277858
1.72171
0.90035
-0.47965
1.01525
-0.967959
-1.04077
-0.314493
-0.137107
0.368537
1.15532
0.500364
-0.341359
1.20279
-0.479933
-0.798917
-0.404389
-1.81229
-1.85975
-1.08143
0.82735
-0.543342
-1.08029
0.732707
0.0178224
1.26695
-1.9144
0.485157
-1.34522
-0.87248
2.25788
0.473654
1.52943
-1.43453
-1.06324
0.82291
0.162096
0.926199
-0.115749
0.322343
1.08955
0.965952
0.52229
0.092299
-2.39957
-0.237947
1.41329
-0.310978
1.65696
-0.880545
-1.86698
-0.956758
-0.437535
0.369392
0.49151
-0.217245
3.40957
1.73814
-2.07494
0.255754
-1.04528
-0.25493
-1.63711
-1.3876
-1.46169
-2.03617
0.583605
-0.670481
1.15004
-0.978163
-0.95087
0.401473
-0.279919
2.25483
1.91489
-0.55639
-0.706639
-1.44908
0.597468
-0.67918
0.722642
-0.147415
-1.00108
-0.575713
0.291406
3.50911
-0.261588
0.0566145
-0.696684
0.153283
-0.711691
-0.723169
-0.369818
-0.436275
0.590734
-1.21943
-0.547581
0.179829
1.38214
-0.785001
0.974017
0.394321
0.229948
-1.1837
0.901981
0.739506
-1.4699
0.794866
0.834009
1.02108
-0.485123
1.00225
0.0324253
-0.985696
-0.0982135
0.580201
-0.804926
-0.0489271
-2.6783
1.8475
-0.512291
-0.486194
-1.23793
0.869486
1.53038
0.765528
0.846002
0.883404
0.621215
-1.30219
0.0976519
0.773248
1.55256
1.04824
0.72365
-0.894529
0.340116
-0.49919
-0.168297
1.62636
0.108121
0.777688
-0.235138
0.0597144
-1.94993
0.272776
0.577676
0.287115
0.460613
0.383884
1.42539
1.37264
-0.695939
-0.916392
0.659998
-0.256164
-0.841129
-1.05647
0.247575
-0.481785
0.672435
0.025557
0.205632
-0.422411
0.0247036
1.29249
-0.227916
-1.80546
-0.647293
0.901105
-0.457048
-1.38717
0.114397
-0.728893
-0.487106
-0.104641
-0.946554
-1.23161
-0.616546
-0.79831
0.241415
0.652343
0.998038
-1.06113
0.760727
0.713104
0.98455
-1.29957
-1.49076
0.45966
-0.18808
-0.878534
0.711968
-1.84479
2.46479
-0.444526
0.0931314
-0.0355732
-0.700811
1.40516
1.43746
1.73412
-0.589045
-1.48089
0.835385
-0.390936
-0.416391
0.469428
2.70653
3.23502
-0.886741
0.114064
0.549469
-0.328254
0.93281
0.836094
0.275982
0.665111
0.426836
-0.671349
2.06577
-0.43828
-0.113546
-0.611572
-1.40387
-0.355176
-1.07066
-0.0589811
0.0619486
0.535944
1.80503
-2.10681
-0.14605
-0.700296
0.243394
-0.738238
-2.39467
-1.18966
-0.448732
-0.113643
0.436936
-0.84486
-0.844261
-0.345251
-1.15913
-0.216237
0.439932
-1.45732
0.770418
-0.880096
1.45617
-0.086978
-0.21759
-0.0975437
-1.3586
-0.315266
-0.333609
1.82929
0.631193
-1.94711
0.131632
1.44487
-0.308678
2.26563
-1.19886
1.34425
-0.176548
-0.432143
-0.163541
1.27213
-0.545689
-1.10651
0.741119
-1.12571
-1.04669
1.75323
0.518126
-0.279648
1.47303
1.06835
0.397121
-1.52302
-0.209439
0.738474
-1.35702
0.493646
-0.907739
0.636507
0.66241
1.57756
0.228738
1.34058
2.01203
-0.551079
0.354117
0.121129
0.265751
0.705418
1.6141
1.18985
-0.641001
0.849195
0.695443
-0.403909
-0.203375
1.34821
-0.887069
-0.586668
-0.554105
0.772477
-0.707342
-0.395878
-0.438501
-1.12805
-0.560757
0.105753
-0.384326
1.94481
2.2238
-0.142444
-0.193941
1.04761
-0.427772
1.37837
-0.33199
-1.13207
-0.831771
-0.797529
0.987396
-1.01515
0.485555
-1.08901
0.282689
0.427528
-0.20711
1.3313
0.708856
-0.847446
-0.269596
2.13569
-0.41769
-0.015722
1.32763
-0.947766
1.99553
1.5264
0.0840537
-0.48385
1.04603
-1.17546
-0.230289
0.137532
0.931053
0.535555
-1.03645
0.396584
-0.365486
-0.13711
-0.826983
-0.818036
0.797487
0.970248
1.00524
0.976133
-0.382937
-0.194896
1.26169
-0.332791
-0.183332
-1.81572
1.95063
0.364811
-0.306659
0.815767
-1.22433
-1.3598
1.55053
0.866861
0.128362
-0.928433
-2.04384
0.338147
-1.54434
1.84235
1.61893
1.07971
-1.43091
0.164542
0.228248
0.989151
-0.694524
-0.368808
0.234425
-0.33626
0.56053
0.264223
-0.103396
-0.711993
-0.0194078
-0.395802
0.391688
-1.01295
-0.0624226
-0.586817
-0.818568
-1.72334
-0.249401
0.0147682
2.31852
0.181655
1.56866
0.161434
0.195457
-1.11046
0.195624
0.609424
-0.39543
-0.492276
1.04337
0.903683
0.652933
0.0705116
1.17142
-0.332207
-0.658965
0.146493
2.33906
0.817
0.852436
0.0518184
0.999834
-1.4884
-2.90089
0.203912
-0.47559
-1.91557
0.266112
-0.928589
0.633663
0.0719501
1.48207
-0.263701
0.421698
0.134904
0.152016
0.188865
0.242491
-0.192489
-1.67968
0.837514
-0.355362
-0.840263
-0.813203
-0.181091
-0.134665
0.425876
-0.388878
-1.10324
0.851736
0.899993
-1.01359
0.716086
0.0118063
0.0776728
-0.326908
1.08539
-1.47682
0.716998
0.00377267
-0.403363
1.18435
-0.612926
1.67987
-0.863313
-1.61868
0.333505
0.38759
-0.699663
-0.983143
1.33703
1.21835
-1.66899
0.293826
0.0628855
-0.127201
-1.52779
0.122057
0.408072
0.715916
0.691128
0.455323
-0.593829
0.481469
-2.3994
-1.49614
-0.891837
-1.44173
-1.38654
-0.643879
-0.481823
0.935191
0.235396
0.0574527
-0.473426
0.874552
1.37527
-1.73149
1.37144
0.992073
0.580546
1.4033
0.35517
-1.98695
0.365049
0.345434
-1.11884
-0.25396
0.0956328
1.53927
-1.18874
-1.13395
-1.81883
-0.157812
0.900089
0.417656
0.465984
1.5024
1.85199
0.250174
-0.606719
1.34245
-1.13946
1.00244
0.30671
-0.0436001
1.05247
0.494113
-0.132932
0.901979
0.617481
-1.22691
0.0991422
-2.2253
1.7938
-1.3148
-0.839563
-0.29851
-0.567244
-0.772753
-0.723846
-0.273267
-1.09586
0.628458
-0.0491283
1.41684
-0.16012
-0.116755
-1.08852
0.885442
-0.113669
-0.399172
-0.468417
0.708805
0.605208
-0.634086
-0.481497
-0.513695
-0.178392
0.27889
-0.579515
-0.387389
-1.24781
1.98829
0.199474
-0.549676
1.71509
-0.25284
0.678521
-2.82348
-0.184575
0.270166
0.246919
-2.6204
0.889953
1.06674
-0.11561
-0.977644
-0.161266
0.797082
1.64495
-0.523618
0.232092
-0.373339
1.40983
0.341189
0.562245
0.553261
-0.586469
-0.555436
-0.484392
-1.81991
-0.957558
0.214516
1.2549
-1.48031
0.212154
-1.4224
-0.191399
-0.760446
-0.234034
-0.217108
-0.125699
-0.809307
-0.134633
-1.70174
-0.733555
1.46374
-1.00185
1.39496
-0.730792
1.19266
0.0242782
-0.537582
-0.764276
0.940226
-0.170045
1.59616
1.98524
-0.460377
1.16816
0.314324
-2.43899
-0.216986
0.214314
0.981119
-1.89055
1.18236
1.47713
2.44305
0.980062
-0.910828
-1.35138
0.755967
-1.63811
2.23816
0.164739
1.68182
-0.654867
-0.750391
1.19893
0.0792339
0.335594
-1.57672
0.319061
-0.472881
-0.0750923
1.75682
0.0878886
-0.724325
0.238536
-0.873987
0.776429
-0.205481
1.01381
-0.34877
-0.586214
-1.81607
0.789427
-0.0818185
-0.485895
1.30165
2.49567
-0.470939
1.73148
-0.107976
-0.464598
-0.790999
1.92585
-0.257643
0.950039
-0.359188
-0.177832
-0.398803
1.72575
1.58357
-0.265233
1.21394
1.17699
1.93412
-0.131924
0.20156
1.7816
1.72116
0.88665
-0.975761
0.462185
1.86706
0.890626
1.11045
0.0155897
-1.35118
0.52118
-0.928855
0.856153
0.0319352
0.522602
1.46578
1.18028
-0.211118
-0.428293
1.85605
-0.373422
0.606947
-1.61892
-0.283202
-0.803706
-0.612489
-0.364577
0.661998
0.608696
-1.13179
0.449915
-1.54423
1.52492
1.81993
-1.01627
-1.02917
0.0573426
0.851162
1.46352
1.22396
-0.500424
-0.562086
-0.525041
-0.862849
2.20219
0.0649083
0.404605
-1.24475
-2.05301
1.20615
-1.52584
1.45468
0.111384
-1.505
0.488663
-0.014964
1.54325
0.4898
-1.04246
1.07398
0.477462
0.188588
0.689077
-0.918653
0.227202
-0.606846
0.816914
0.0197506
1.05909
-0.136239
0.304855
0.899785
-1.10349
-0.13939
0.61254
-1.86483
-1.11543
-0.530959
-0.313686
-0.490883
0.343298
0.845295
1.02983
0.0982718
-0.351877
-0.375363
1.30968
1.02328
-0.904963
0.924692
-0.901942
-0.531435
-0.263916
-3.20758
-1.60733
1.91347
0.727006
-0.120931
-2.22719
0.34201
0.129796
-0.332357
0.176855
-0.419399
-1.35521
1.13234
0.434784
0.0281798
0.422271
0.180194
-2.02464
0.430003
-0.448181
0.0629822
1.39321
-0.798205
-0.26587
-1.19419
-1.36472
-1.51233
-0.266598
0.114124
-1.33737
1.05755
0.391688
0.0686823
0.0334719
0.3591
0.533305
-0.242563
-0.75702
1.72332
-0.130068
0.642179
-0.671833
0.416621
-0.574156
-1.45468
1.23968
-0.427033
0.889606
0.544775
-0.692691
-0.438436
-1.29809
0.495396
0.288624
-0.376394
0.557327
-0.490215
-1.21837
-1.39399
1.08372
-1.0428
0.69457
0.247771
0.0650447
1.22342
2.02978
-0.711581
-1.33556
-0.734536
-0.507846
0.179935
-0.158029
0.0595393
-0.307998
-0.0514249
-1.09682
-0.0511455
0.795713
-0.561261
-0.246505
-0.23308
1.7074
0.263154
0.732364
-0.58373
0.051731
-0.613228
-0.475546
-0.31703
0.848118
-1.02237
-0.86965
-0.749013
-0.541257
-0.302111
0.048504
0.605539
1.46743
-1.03902
1.32389
-0.320418
0.353735
-0.363483
0.763429
-1.82241
-0.441389
1.67446
-1.54244
0.572826
-1.36713
-0.614162
0.163008
-0.113782
0.638646
0.215204
1.40409
-1.58384
0.0863301
-1.34768
0.767275
-0.210158
-0.205615
-0.452721
-0.726427
0.046546
-0.0316107
1.03096
0.118635
0.236628
-0.258053
0.279198
0.00470866
-0.513312
-2.27004
-1.35348
0.500591
0.423466
0.498895
-0.832333
-0.238096
-0.288678
-0.294649
-0.943145
-0.961638
-1.07514
-0.234348
-0.0771572
1.4431
0.285122
-1.12926
0.177399
-1.48189
0.192944
0.667216
0.494917
1.75913
1.29924
-0.359962
0.549213
-1.19856
0.137065
0.0866695
1.12133
0.404568
-0.847636
0.542278
0.791058
0.0103471
-0.935938
-1.52183
0.875407
-1.32575
-0.88488
-0.726092
-0.541873
-0.427258
-0.980631
0.728638
-0.17498
0.368579
0.407888
-0.909414
1.28065
-0.42944
0.128283
-1.28309
0.0775288
0.627341
0.394897
-0.301701
0.619078
0.0861484
0.910655
-1.18995
0.313016
-0.826631
1.01054
0.472799
2.329
0.366589
0.163544
0.680004
-0.0312485
1.64903
-2.26172
-0.0937173
0.869177
0.264863
-1.77499
0.222181
0.77508
-0.398617
-0.503323
-0.704518
0.703275
-0.402937
1.41615
0.469477
-0.417009
1.35761
-0.573662
1.07882
-0.39243
0.46788
-0.664299
-0.225034
0.0682721
0.966289
1.76105
1.00755
-1.90506
1.21868
-0.0847295
-0.425111
-1.60574
0.187369
-0.843028
0.484576
0.328578
1.34343
0.0378094
-1.08733
0.480809
0.192138
-0.263074
0.731455
1.20305
1.30403
-1.38586
0.585804
1.34978
0.255397
-0.562697
2.19718
0.0409653
-0.660808
-0.626087
-1.93667
0.61198
-1.14567
0.25472
0.538845
-0.206943
-0.71451
-0.547092
1.3525
-0.107156
-0.296019
0.169502
0.370843
0.49862
1.1326
1.74834
-0.268878
-0.840464
-0.640739
0.67274
-0.589446
0.352862
0.774789
-0.231753
0.203359
-0.592495
0.684719
-0.520593
0.00149186
-0.144603
1.29771
-0.770368
2.59899
-0.234235
-0.183598
0.664735
-1.87076
-0.549691
-0.481679
0.320236
0.449906
0.139179
-0.290939
1.08969
-2.931
-0.85763
-0.169713
-0.869954
0.408124
2.25113
0.567944
-0.839517
0.167576
-0.612154
0.723575
-0.328974
0.989592
0.339076
-0.110391
-0.916937
-2.03056
-1.10757
-0.741444
-0.510323
1.36173
-0.659106
-0.704384
0.396554
-1.33308
-0.374153
0.951946
-1.27408
-0.295217
-0.848316
0.7336
1.28046
0.477137
-0.718441
-0.189692
0.808489
1.04216
0.418021
1.37058
0.939248
0.652311
-1.40158
-0.679659
-0.0209254
-0.289639
-0.214159
-0.833763
1.54934
-0.142435
0.293715
0.994257
-0.590309
-0.119364
-0.0743844
-1.55004
-1.366
-1.08351
0.693068
0.720741
0.0496893
-0.953187
-2.23206
-0.621013
0.350773
-0.368503
0.992647
-1.69594
-0.195204
0.470428
-1.00138
-0.778233
-0.0503155
-0.42001
-1.27573
-0.320632
-0.83831
0.305771
1.00823
0.85311
1.35048
-0.510692
0.4414
-0.889649
-0.0732742
1.75461
0.761653
1.84075
1.45463
0.18161
-0.728148
-0.472471
1.49004
1.49646
-0.0549078
2.41192
0.760757
0.469988
0.169378
-1.33952
0.540453
0.572267
-1.2077
0.615801
-0.52294
-1.66464
-1.39408
1.09153
0.940914
-0.0593098
1.39082
0.100146
-0.592893
-0.218869
0.537445
0.0906913
0.820563
0.0239227
-1.15521
-0.666129
-2.29646
0.418715
-0.137587
-0.408962
-0.705289
-1.61085
1.12114
-1.34837
0.846951
1.64884
1.25826
-1.10504
-0.181717
0.216231
-1.52018
1.26413
0.191603
-1.27882
0.39029
1.795
-1.15783
0.111879
-1.0235
-0.463862
-0.664711
0.856706
0.414629
-1.48724
-1.06213
0.22447
1.16959
-0.851078
-0.6723
-0.95672
-2.05628
-0.592131
0.470688
-0.943705
0.142853
-0.409434
2.0833
-0.496034
1.28093
-0.340683
0.255963
0.831823
1.74127
-0.580384
-1.28022
1.51563
0.04828
-0.448346
-1.18276
0.289036
-0.395016
0.253499
1.14024
0.0717579
0.451999
1.1137
0.00623282
-0.472707
1.53004
0.773322
-1.02384
-1.43853
1.117
0.642221
-0.0687467
-0.968622
0.738603
-0.947435
-0.0338528
0.00885591
0.734837
0.0905738
0.92394
-0.797161
-0.914059
-1.9075
0.882001
-0.747394
-1.09124
-0.0688397
0.375995
0.972071
-1.37379
0.310431
-1.19586
1.02367
-0.365179
-0.353524
-2.17761
-1.97969
1.05878
-0.49628
-0.13433
-2.19001
0.441436
0.373501
0.26731
0.547063
-0.722047
-0.163152
0.0859892
-0.815173
0.0921184
0.120505
-0.323482
1.00149
0.291996
0.831054
1.08302
-0.0756869
-0.833549
0.167026
0.655109
1.35026
-0.143177
-0.262507
-0.141527
1.21327
2.09935
-0.992319
-1.30295
1.21645
-1.06993
-0.656518
-0.835602
1.65254
-0.856131
-0.33465
-0.272132
-0.562004
-0.505446
1.28611
-1.39666
0.175663
0.842231
0.368393
1.6526
0.0749009
0.106156
0.48671
0.694845
-0.055959
-0.605177
1.02528
-0.186932
1.16113
1.38123
-1.82612
1.69019
1.6131
0.441279
-0.937262
-0.425253
-0.31104
-2.19685
0.334591
-0.663199
-0.971792
0.229979
0.921947
0.974526
-0.291362
0.484487
0.188163
-0.261474
-2.27821
-0.483971
-0.892632
0.753958
-0.0743896
-1.15081
0.581064
-1.81791
1.94684
0.827413
1.59537
1.70286
-1.25654
-0.334733
1.32951
0.464734
0.197643
-0.309809
-0.650334
0.153177
0.0773253
0.511304
1.31722
-1.19184
-1.17922
0.156218
2.16194
0.597822
0.487258
-0.00887354
0.21486
-1.52863
-0.383589
0.740187
-0.279753
-1.02654
-0.129606
-0.0355811
-0.956327
0.161723
0.0957753
0.576309
0.788351
-0.653295
-0.936721
0.0942325
-0.00747612
0.818261
-0.285277
0.498434
-0.259882
-0.306314
2.50513
0.533844
1.36936
-0.546511
-2.31618
0.510944
0.174913
-0.068316
-0.915044
-1.17462
-0.271403
0.190325
0.0232983
0.651441
0.306442
0.13114
-2.64521
-0.283138
0.0626957
0.169803
0.0931074
-0.147019
-0.0631693
0.605257
1.0067
-0.277584
-0.314449
0.203552
0.693083
1.07842
-1.23067
-0.441625
-0.230545
1.66731
1.03833
1.70388
-0.728092
0.184525
0.0292335
-0.394354
1.0142
0.754765
-1.35199
1.80179
1.32114
-0.554978
-0.276652
-0.40487
-0.910305
1.46912
-0.0101855
-0.0821461
1.71563
-1.57897
-0.901262
-0.0759508
0.308656
0.726418
-1.34161
-0.871823
0.132117
-0.847816
-1.27754
-1.12769
0.296007
-0.572997
0.918811
0.492024
0.694461
-0.204981
-0.959821
0.674644
-0.149395
2.08448
-0.0726233
-0.327446
-1.58415
-0.331603
-1.67943
1.47263
-0.738165
-1.42628
1.75155
0.927204
-0.85754
1.06744
0.74293
-0.392754
0.353878
0.579315
1.58571
0.248119
-1.01044
2.19269
-0.0998184
-1.67589
-1.80488
-0.114851
0.491628
-0.513258
-1.79752
-0.166678
0.955535
-0.313225
0.485156
1.14266
0.298625
0.918216
0.155372
-1.11554
2.39414
0.282896
0.840378
0.747183
-1.6327
0.747708
-0.195035
-1.89264
-0.670628
0.402737
-0.920841
0.412263
0.972724
0.505481
0.736032
1.08802
0.650244
0.893626
-0.398769
-0.678575
1.03686
0.299134
-0.577179
0.835203
0.907521
-0.318911
0.126558
-2.65919
-0.139549
-1.71029
0.139381
0.00442178
1.47317
-0.411286
-0.827415
0.284453
0.0782327
1.74892
0.17329
1.83737
-0.929157
-0.345277
-0.151135
-1.06576
0.399423
0.180139
-0.927222
0.0208104
-1.49053
-0.763026
-0.9271
0.0524363
-2.60289
1.81605
0.857373
-0.448495
1.55535
0.890992
2.22025
0.905343
0.548446
-0.744722
0.453134
-0.402129
1.45164
-0.63667
0.756519
-0.100115
-0.69981
0.835123
-1.37707
0.341222
-0.361618
-1.35549
1.89716
0.154606
-0.0391611
-0.677451
2.53891
-1.08715
-0.485366
-1.01104
0.130916
-2.20434
-0.221842
1.39394
0.362966
-1.23614
0.373271
-0.437945
-0.273199
0.0548403
-1.68165
0.178791
1.16374
0.744087
-1.82896
0.599063
-2.33932
1.24739
0.381142
-1.13686
-0.591451
1.41233
1.71917
0.75152
0.723166
-0.0860658
0.0168239
-0.269037
-1.00347
-0.583178
-1.16463
-0.183737
-1.61884
-1.28593
0.0805341
0.0255116
0.605991
0.0452081
0.238118
-1.17491
0.565847
0.186267
-0.792674
0.330739
0.440436
-0.232694
-0.908959
-0.20863
0.790149
-0.338432
1.51626
0.718034
0.235707
-0.478453
-0.530286
0.37507
-0.019768
-1.28717
0.000708836
0.251369
0.170871
0.0641811
1.10552
-1.16038
0.170708
0.624125
-0.976229
-1.32096
1.07909
-0.041572
-0.680259
-0.95782
0.218591
0.631687
0.84421
-1.40597
-0.569793
1.21118
-1.6367
-0.368719
0.648675
1.11663
2.07065
-1.07092
0.199962
1.96722
0.592284
0.517296
0.621832
0.691862
-1.3329
0.175701
0.643815
1.24983
0.420429
-1.76917
0.95409
0.453438
-0.20048
-0.447813
0.00227731
0.18135
0.75011
0.0587972
-1.68236
-0.975856
-0.587833
-1.1912
-1.18399
0.622661
0.804566
0.208211
-1.91357
-0.247412
1.02062
-1.00886
1.06814
0.789231
-0.424296
-0.160436
0.534767
0.0502474
-2.15164
1.38144
-0.254715
-0.445286
0.256805
0.92324
0.814462
-1.97789
-0.209561
-0.0894318
-0.789079
-0.882022
-0.614145
1.48963
1.09973
0.143092
-0.379697
-1.73595
1.10779
1.12888
1.58329
0.815039
1.13386
-2.39539
1.81439
-2.03737
0.471004
-0.872118
-0.622482
-1.33641
-0.863272
-0.441972
0.712078
-0.145689
0.274828
1.45115
0.683606
-0.430523
-1.20522
1.96715
-1.06424
-1.34502
-0.899123
-1.18924
-1.43022
-1.36223
1.37253
-0.159181
0.157727
0.587744
-0.382213
-0.744533
-0.177606
2.13092
0.605477
-0.353271
-0.827651
-0.142186
0.0681601
0.405938
-0.179432
0.736624
-1.02258
-1.38729
1.03486
0.251344
0.146174
0.978006
-0.690877
-0.641867
-0.520689
-0.834809
-0.000835225
1.14834
-0.738277
0.655204
-0.30191
-0.78711
0.265146
-0.819742
1.22169
0.874776
0.547292
0.869842
-0.072781
1.0964
1.20569
0.326112
0.678036
2.04078
0.341855
-1.03471
-0.234788
-1.83862
-0.411378
-0.628544
-0.476887
0.0933759
-0.357324
0.542407
-1.30197
-0.525196
-0.824998
0.184022
-0.334683
-0.750702
0.665719
-1.23876
-0.0607098
1.02899
1.41487
0.8253
-0.243646
2.03124
-0.0219879
-0.396135
0.823611
-0.604485
-0.200614
-0.489668
-0.384349
-1.05207
-0.43228
-0.435256
-0.663013
-1.87246
1.03583
-0.393447
0.175519
-0.452663
0.554484
2.04495
0.373321
-2.44798
-0.576869
0.818589
0.568459
0.369193
-1.06036
-0.621506
-0.382605
-0.715019
0.00922556
1.35141
-1.02254
-0.324613
-0.0457863
-0.661176
1.97258
-0.611317
-0.775961
-0.980717
0.0850968
1.8438
-1.25427
-0.727229
-0.974675
1.82002
0.92652
-0.275952
0.321876
0.0954702
-1.3407
-1.18296
-1.88192
0.434169
0.979053
1.4495
-1.05835
-0.40726
-0.78401
-1.459
0.944054
0.387496
-0.801965
-0.982944
0.0944646
0.00613367
0.57279
1.36136
-0.516107
0.354879
0.79976
0.564175
0.194359
0.374473
-0.804672
0.865853
1.15294
-0.550872
0.544269
1.1873
-1.02702
-0.0814055
-0.544032
-2.42563
1.10602
-1.45597
0.505832
-1.85299
-0.0713028
1.25297
-0.0147332
1.35777
-1.22641
-2.16495
-0.307712
0.609644
0.170501
-0.854644
-0.0148557
-0.119643
-0.747489
-0.256491
-1.18136
-0.661207
-0.861649
-1.10756
-1.9444
-0.65898
0.0229676
-0.997648
0.306756
1.07983
2.18079
-0.683175
0.159203
0.430618
0.291545
-0.910443
0.198533
1.26277
-0.719208
0.789194
0.799508
0.470058
-0.204314
-0.105966
0.649503
0.414501
0.500115
2.5924
0.762088
-0.204779
1.6266
-0.594822
-0.540942
-0.674332
0.829164
1.9042
0.629635
1.11902
-0.384371
-1.92181
-1.41253
-0.301314
0.0519006
-1.54212
0.24087
-0.185086
-0.177089
-0.0208852
0.17197
1.34947
1.09145
-0.10132
0.12783
1.10254
1.87491
1.03999
1.23207
0.215779
-0.981703
0.132335
1.70442
1.08498
-0.70561
0.312688
-0.356798
-0.69458
-0.414294
-0.761495
0.261928
-0.507639
-0.154927
0.203777
-0.00169093
0.353819
-0.178831
-1.52969
-0.92756
-0.395916
-0.642028
-0.28788
1.03434
-1.88889
0.265881
0.78847
-0.831562
0.961071
0.577659
0.166008
-0.769947
1.40351
-0.677494
0.934781
-0.681866
-1.53162
1.76
-0.529103
0.462457
0.593294
-0.16163
0.479709
-0.348471
1.94933
-1.00229
0.800057
-0.835385
0.199668
0.989618
-0.283875
-2.04001
0.292533
0.559869
1.02997
-0.237132
-0.0843327
1.09187
-0.522328
0.957493
-0.597333
-1.82816
1.63164
-0.249995
0.525096
0.620062
2.96168
0.169496
0.368214
0.790907
-2.19298
-1.1184
0.955374
0.326379
0.885406
-0.751853
1.14424
0.903959
-1.14518
0.00211627
1.10711
0.347981
-1.3283
0.416436
-2.25794
0.209944
0.848583
0.141555
-0.15458
-0.115972
-0.57684
-0.893571
0.367129
-0.362202
1.37417
-0.562562
0.642981
0.67406
0.283073
-1.17563
-0.239361
2.04584
-0.20857
-1.72451
-1.20319
-0.735095
-0.606924
-0.501378
-2.28535
-0.20979
0.0915598
-0.210628
1.54641
1.72715
-0.965251
0.689843
1.82733
1.42235
-0.266741
-0.119808
0.825619
2.01222
0.799025
-0.1555
-0.15863
-0.129822
1.32079
-0.508836
1.3336
0.569005
-0.64906
0.762985
-0.542146
1.78867
-1.98096
1.25333
1.11964
-0.543975
2.18341
0.235406
0.184782
-1.20606
0.137879
-0.633403
-0.811684
0.454412
0.258406
-0.691456
0.428808
0.294699
-0.923107
-0.301766
-0.0525534
-1.48208
0.845452
0.541832
-0.455142
0.390891
-0.835442
0.338126
0.630085
0.815915
-0.678181
0.424818
0.862409
1.21456
-0.984349
-1.78825
1.56751
-0.0271108
-0.753671
-0.267133
-0.54869
0.999125
0.0863484
-1.09776
0.380232
-2.05129
-0.357419
-0.815578
-0.387382
1.59986
1.07089
0.532538
0.542376
0.969247
0.917851
0.0648028
-1.3379
-0.356513
-0.0512682
0.347157
0.750875
-1.2364
-1.91468
-1.48577
-0.832079
1.3657
0.5644
-0.522942
0.0274062
1.96514
-1.7203
1.84903
0.978043
-1.06553
1.10518
-1.03863
0.00819557
0.519793
-0.315319
1.07824
0.798773
-0.959873
-0.126607
1.64268
-0.0717916
0.111259
-0.868338
-0.438188
0.182959
1.52076
1.63818
-0.99259
0.0971191
-0.281408
0.456385
0.381978
-1.7541
-0.992791
-0.717115
-1.2669
1.31386
-0.437104
-0.588871
1.2929
0.505065
0.0142676
-0.313941
2.0997
0.490019
0.215498
-0.853645
-0.784167
2.14618
-1.32569
0.147194
-0.21442
0.568114
1.29245
-1.45733
0.988101
-0.893631
-0.384738
-1.12302
-1.90246
-1.19874
1.22853
1.25259
0.578894
-2.16681
-1.95126
-1.20064
-1.02113
-0.0920707
0.474556
-0.602741
0.635278
-0.472713
1.11124
0.580284
-0.243195
1.00233
0.364995
0.48226
-0.888245
0.606879
0.692194
0.0395321
-0.0592065
0.224544
0.953123
-1.31676
0.84683
0.609999
0.88401
0.0136816
-0.218195
-0.803088
0.0436122
1.3771
0.60272
-1.20684
1.19596
0.254489
-0.215347
-0.335147
-2.45306
-0.421601
0.562288
0.785804
-0.259689
-2.28269
0.122693
0.66899
-1.80175
0.853463
-0.465896
0.361712
1.65713
-0.453476
0.91179
1.00422
-0.455503
-1.25507
0.54375
0.076142
0.304348
0.70855
2.30808
0.965926
-0.0698083
-0.120177
-1.0881
-0.422228
0.959077
0.698755
-0.656232
0.281203
2.97193
-0.151381
0.160333
1.09745
-0.613978
-0.886544
0.828056
-0.0487988
-1.13232
0.69034
0.286383
-0.405036
-0.0115549
-0.81085
0.586163
0.0984457
0.501249
0.582832
-1.12293
1.73239
1.30088
1.90795
0.976606
-0.102449
0.586544
-1.15276
-0.399531
0.594256
0.23811
-0.804114
0.29728
-0.610602
0.912157
-1.6973
0.729481
0.900099
-1.61871
0.479834
-0.413089
-1.34393
0.446349
-0.0142452
2.177
0.584409
-0.574683
-0.292422
1.12684
0.0983829
2.05951
0.173975
-1.22817
-1.67392
-0.287231
-0.783795
0.598199
1.011
-1.29411
-1.04542
2.03493
0.407961
-1.23852
0.695915
1.42936
-1.12851
0.118385
-1.59717
-1.67189
0.159647
0.113994
-1.85988
1.66589
-0.0949081
-0.793643
1.42012
-0.158971
0.358771
0.455417
0.31845
-1.05032
0.142263
-0.0325536
1.06309
-1.03794
-0.344902
0.143156
1.53028
-0.610443
0.100751
0.608606
-0.324469
-2.36119
-0.642532
0.596805
1.22449
-1.30943
-1.63286
0.81704
-1.15509
1.0257
-0.2037
-0.4633
-1.03853
-1.71184
0.730759
0.894822
0.720516
-0.140258
-0.217817
-0.330032
0.712405
0.885362
1.0918
-0.692175
-0.614069
0.663991
-0.80375
-1.4978
-0.438769
-0.928562
0.110956
-0.512544
-0.872683
-1.83054
0.393506
-0.381917
1.42933
1.21211
-0.296713
-1.0619
0.268336
0.0635819
1.12561
-0.750444
0.24944
1.20221
-0.350255
-1.06599
-0.294793
-0.3794
0.749178
1.10323
-0.941404
0.253395
-0.0119146
-1.75947
-0.585907
-0.882613
0.463786
-1.45593
1.84324
0.560627
-0.0376409
0.0332846
-0.0829869
0.471533
0.0861974
-0.749805
-0.0550579
0.366784
1.27826
-1.92473
-0.557414
0.330682
1.41003
0.938158
-0.347429
-1.93018
0.884891
-1.3118
1.32375
0.0677899
-0.386858
-0.458658
1.56879
0.179177
-0.409201
0.221839
-0.266578
1.57127
2.56225
-0.14367
0.602865
-3.58833
1.20205
0.0673595
-0.289024
-0.734777
0.00153218
-1.35612
-0.638959
-0.503009
0.645931
-0.361819
0.29962
0.430028
0.31785
-1.11525
-1.28815
-0.700649
1.47678
-0.665634
0.365979
0.46535
-1.36757
-0.412028
-0.393605
1.0466
-1.05991
-1.41489
-0.0647713
1.96681
1.04404
0.676866
0.862347
0.36093
-0.109654
-0.080989
-0.513275
1.95896
-0.455289
-0.502626
0.638779
-0.621952
-0.918542
-1.14399
0.86557
-0.271782
-0.395574
0.445818
0.522709
-1.70949
-1.11691
0.932599
1.16871
-0.585676
0.609155
0.432602
-0.95931
1.14686
1.39469
-0.313772
1.02369
0.387589
-1.68456
0.160233
-1.4399
-1.65375
-0.0129319
1.47885
0.205086
1.90481
0.125072
-1.31617
0.451646
0.470762
-0.444001
-0.624447
-1.69279
1.2144
1.32097
-0.827358
1.71379
-0.864658
-0.0301755
-2.00419
0.142094
-0.326583
0.89358
0.428643
-0.0444806
-1.09298
1.06969
-0.201501
-0.358808
1.17254
-0.276657
1.66532
0.605469
-1.07454
1.1315
0.395738
-1.67499
1.26843
-1.67131
-1.7748
0.81393
0.819603
-0.198653
0.378745
-0.911365
-1.95614
0.918414
1.09799
-0.820414
-0.35762
-0.0825886
-0.381769
-0.0609155
0.518238
-0.236616
-0.855876
2.36713
0.429825
-0.866427
2.86021
0.22505
-1.22813
-1.45607
0.069104
-0.17262
-0.60541
0.642466
0.486056
-1.24619
-0.406465
-0.322915
1.15404
-0.320239
0.525492
-1.2087
0.428928
-0.283437
-1.11604
-0.933413
1.39923
-0.715695
0.986055
-0.093271
0.925392
0.514602
-0.933255
0.902066
-0.015401
-3.66054
0.231532
-0.965746
0.137696
-1.87078
1.26803
-0.125931
0.11591
1.10699
-1.02493
0.442982
-0.473195
0.370891
-1.23492
-0.0750067
-0.94167
-0.145629
0.0420138
-0.183045
-0.930167
-1.1812
-0.28846
-0.6735
0.403613
2.12728
-1.24369
-0.328723
-1.56079
0.37641
0.925872
0.0770804
0.431543
1.09902
-0.685292
1.09209
-1.39032
-1.06574
-1.10836
0.870006
-1.02794
-0.257577
-0.497371
-0.565935
-0.770363
-0.562216
-0.176165
0.0695514
-2.52006
0.151794
0.426965
-0.0956218
-1.33072
0.0974463
0.720552
-0.469054
-0.170184
-0.0751438
0.57925
0.726824
-0.590388
1.07881
0.869875
-1.80862
0.442952
0.986784
-1.43557
-1.31676
0.375045
0.0788596
0.0821792
0.0331286
-0.0791
-0.780745
-1.34401
0.998797
1.31953
-0.0198593
-1.87508
0.0349365
0.222386
-1.65673
-0.0444506
-0.168541
-0.357387
0.26301
-1.43997
0.180178
0.0874104
1.21992
0.240222
1.03675
0.0160846
-0.154663
0.131616
-1.61771
-0.797863
-1.97336
-0.742593
0.0747567
-1.32077
-0.283397
-1.65917
-0.351396
1.16089
-0.0508105
1.25647
0.704833
-0.987352
2.20984
1.07324
0.844973
0.796437
0.924565
1.1522
0.615342
1.45957
-0.830833
0.846814
0.710439
2.2137
-0.913475
0.667632
-0.769349
1.50746
1.40339
-0.200714
0.629094
0.356241
0.81899
-1.19256
0.832435
-0.990336
0.141641
-0.446593
-0.519861
0.690071
0.35285
-0.0357229
1.20641
-1.78365
0.177229
1.24759
-0.0510441
-1.54722
0.529893
1.03306
-0.718577
-0.839639
0.788273
-0.732409
-0.496154
-0.196862
0.298491
1.62484
-0.136178
-1.03913
0.676758
2.34205
0.74188
0.24686
1.78999
-0.419626
0.453585
1.3439
1.5941
1.62242
-0.512231
0.0204714
-1.32124
0.765851
0.193595
-1.03141
-1.79323
-1.27092
0.123543
0.33307
-1.16711
-0.579179
1.95623
0.517086
0.660202
-0.972604
-0.26346
-1.34034
1.03399
-0.971527
1.31385
0.00451877
-0.0733141
0.395625
-0.9169
0.392032
-0.454644
1.34952
-0.427332
-1.01493
1.29357
-0.48183
0.931914
-0.182182
-0.51032
1.37753
0.47577
-0.849458
0.39847
1.04488
0.37662
-0.477479
-0.522265
-1.2064
-0.481618
0.347915
-0.0666681
0.257012
-0.44701
0.0240889
-0.511545
-0.298131
-1.07964
-2.13941
-0.114596
-0.166178
-0.0883193
-0.129239
-0.742661
0.179872
-0.407733
-0.381398
-0.3403
-0.26171
0.758448
0.732604
1.19985
0.410174
1.17049
0.177635
-0.223261
-0.388742
-0.344405
0.3702
0.312698
0.328596
0.785689
0.25141
0.859818
0.891123
-0.516414
0.460575
-0.544546
0.616737
0.751687
-0.21897
0.305579
1.98938
-0.452516
-0.641918
0.0590961
0.368555
-0.504996
0.167817
-0.425732
0.748748
0.550958
-0.612304
0.0344585
0.899657
-0.416711
0.809228
1.10494
1.65148
-0.296919
0.100808
-2.03479
-0.58383
-0.595866
0.366947
0.514048
1.32592
0.0432617
0.117927
0.442045
-0.983575
-0.54705
0.853248
1.08421
0.338463
0.282671
-0.996739
-0.655177
1.42449
0.175988
-0.811225
0.423357
1.32282
1.11235
-0.447577
0.133378
0.353869
-0.433895
-0.729702
-0.383617
2.29543
0.860533
-0.727575
2.62443
-1.50388
2.9175
0.376926
-1.3126
-0.303121
-1.12336
-0.79505
-1.5143
1.66256
0.815488
-0.495327
0.238321
1.36006
0.738666
-0.649607
-0.0703941
0.794784
-0.371318
2.43701
-0.0856149
0.193982
0.897712
-0.462113
-0.302166
-2.60009
-2.70739
-1.10352
0.238993
0.469387
1.25133
-0.586806
0.492261
0.465187
0.205721
0.757431
-0.349384
0.0922683
1.5602
0.472596
0.0221691
-0.785634
0.868798
-0.666485
0.615807
-1.54724
0.984655
-0.354502
-0.972245
0.50333
-0.0454323
-0.136315
-0.259847
-0.900976
-0.260251
0.809367
0.0743151
1.80104
0.385345
-1.72382
-0.805897
0.0408797
0.886304
-1.64477
0.981199
0.623529
0.923329
-0.0533976
3.17442
-1.33229
-1.34939
0.728898
0.671174
1.05041
-0.766079
0.479577
0.453326
0.646828
0.482274
-0.115927
-1.4963
-0.260565
-0.0644798
0.217786
0.328923
2.31132
-1.50487
1.63829
-1.37664
-0.697883
-1.60026
1.92952
0.0405156
2.1537
-1.52015
-0.107029
-1.67174
0.0722883
1.02408
-0.461071
0.971333
0.888193
1.37672
1.73372
0.253249
1.33709
-0.886986
-0.360473
-1.16107
0.235302
-1.11775
0.736905
0.389842
-0.581782
0.334917
1.61031
0.911797
1.36883
-1.00172
-1.29619
-0.225525
1.06648
-1.3904
1.5924
0.0298966
2.22089
1.2341
1.41748
0.0865055
-1.05876
-0.76774
1.41828
-1.49275
0.522092
0.453009
-0.347638
1.19692
1.21068
-0.193334
-0.99366
0.978152
0.715747
0.161033
-1.55008
-0.355678
-0.9608
0.203029
-0.940196
0.508509
-0.100572
2.6358
0.793239
-0.848806
-1.38357
0.350499
-0.541704
-1.32513
-0.344114
0.590206
0.977009
2.45765
-0.389304
1.30378
-0.00549344
-0.805896
-1.19059
0.873098
-1.62577
-0.370792
-0.970948
1.05432
0.175609
1.15568
0.366796
0.206549
0.776565
1.23698
0.789131
0.824085
-1.45192
-0.405762
0.436693
-0.00475707
0.312613
-0.33805
-0.633803
0.140125
0.127086
-0.786269
-0.550769
0.495007
-0.921761
-1.47614
0.708451
-1.63891
-0.410933
1.49028
-1.04187
-1.66641
1.78369
1.63759
-0.305808
0.516533
1.03976
1.30208
-0.671581
0.615133
0.169459
-0.0425895
-1.8199
-1.22835
1.56265
-0.758003
1.11904
0.192031
1.32413
-0.964
-0.509186
-0.572767
0.50436
-0.33751
0.695328
-0.832841
-0.472369
0.394788
1.47959
-0.658621
-0.307473
0.701899
0.0981402
-0.862143
0.506186
-0.31433
-0.507402
0.839696
-1.27052
0.0807683
1.21565
0.479108
-0.873965
1.07116
2.01138
-0.661071
-0.254843
0.496256
-0.350669
1.70808
0.275795
-0.292829
-0.316119
-0.934762
-0.32871
2.08985
0.587289
1.17124
1.76976
2.90712
0.796787
1.30895
-0.330807
0.200909
-0.384328
-0.913004
-0.759032
1.08267
-0.254577
1.018
-0.459969
1.31741
-0.244573
-1.14339
-0.452461
-0.2447
0.681568
-0.262671
-1.27352
-0.159324
2.20638
-0.137583
-0.732156
0.106626
-0.569181
-1.25658
-0.7138
-0.781735
0.800033
0.510773
-0.368901
-0.227404
0.886741
-1.44937
0.820134
-1.63523
-0.0483399
-0.728538
1.1499
-1.7133
0.958842
-0.60609
-0.243238
-0.541645
2.10476
-0.842975
-1.18378
-0.989422
-0.459802
-0.450241
-0.711288
-0.431477
-0.133895
0.551479
0.796733
0.194912
1.2193
1.08132
-0.73183
0.551165
0.174138
-0.882813
-0.245532
0.132258
0.432336
1.34031
-1.41634
-0.525052
1.30897
1.13695
-0.67763
-0.267905
-0.907693
0.684337
-0.0040498
0.218396
-1.16436
0.167385
-0.643533
1.65155
-1.56606
0.65666
-0.994664
1.94347
0.715171
0.526213
-1.41993
-0.066055
0.32715
-0.358357
-0.678096
-0.532567
0.409544
-0.0581952
0.638786
-1.84047
0.227092
0.205863
-0.372249
-0.43322
-0.990536
0.667552
-1.27909
-0.307043
0.795673
-0.751578
-1.49942
-0.57578
-0.0952287
1.2576
0.729377
0.438258
0.534422
0.731735
-0.00414326
-0.652448
-1.09352
1.27499
1.56666
0.533298
0.453289
-0.910852
0.779787
1.22484
-2.38009
-2.38061
-0.92558
0.581015
-0.567765
1.18813
-3.12958
0.858676
0.338146
0.682906
-0.448623
1.02339
0.688298
1.59042
-0.692613
-0.262245
0.196557
-1.10794
1.0397
-0.159696
-1.71924
0.84649
0.345659
-0.327111
-0.0946822
0.961351
0.907785
2.06487
1.29924
-0.492339
-0.178231
2.0544
-1.06568
0.582458
-1.36385
-1.88034
-0.328574
-2.00301
-0.71723
-0.839187
-0.130624
0.92067
1.19378
0.562414
1.52967
1.81839
0.753418
0.859375
-0.0787036
0.649435
0.161161
0.103884
-0.54755
2.01311
1.42611
-0.774402
-1.35462
-0.640183
0.26607
0.527404
-0.866156
-0.538299
-0.774017
-0.550888
1.49056
0.969261
-0.189921
1.31232
-0.166978
-0.950392
-0.699686
-1.71859
-1.49201
0.747672
-0.0631979
0.0380494
-1.89057
-1.30849
1.26251
-0.756796
0.310572
0.643205
-0.626915
-0.26914
0.493317
-0.914393
-0.661061
-0.56379
-0.281857
-0.141634
0.0642989
1.69528
-0.440235
0.101656
1.36791
0.66924
-0.866726
0.22257
1.9849
0.621069
1.23573
0.302774
-0.0999035
-0.171761
1.62082
-0.970017
0.0408006
-2.18748
0.25051
-0.121101
-0.332037
-0.582451
0.569211
0.0983658
0.38868
0.155432
1.23981
0.0975589
-1.37046
2.40867
-0.0852366
-1.14799
0.409398
-0.431688
0.574027
-0.275252
0.38258
-1.28498
-0.423804
-0.473996
-0.0118184
-1.80612
-1.15888
0.777791
0.804946
0.550326
-0.0142316
-0.868501
0.433645
-1.83755
1.17472
-0.270269
-0.464651
-0.0277291
0.507413
-0.0581124
-0.0224002
0.321119
-1.82878
-1.21625
0.662412
1.36635
-0.370722
-0.100187
1.02877
0.89141
0.198943
0.748423
-2.70978
-0.0727427
0.0650197
0.55873
0.119601
-0.120847
-1.69953
1.59186
0.583573
1.48751
-0.936566
-0.63341
-0.37413
-0.00409232
1.08826
-1.43786
0.682518
0.34866
1.05861
0.436038
-1.76482
0.394265
-0.21168
-0.0388311
-0.261983
0.784584
-0.81383
-0.474583
0.738473
-0.156173
-0.438586
0.192965
-0.0209363
-0.263513
1.06614
-0.8478
-1.51625
1.93722
0.500411
-0.577803
-2.21067
-0.372601
0.872387
-2.62816
0.202242
-1.06131
-0.186088
-0.415476
1.02559
1.36875
-0.546297
-2.1257
-0.176479
-0.895324
-0.189586
-0.626792
1.475
-0.481958
-1.62469
0.0952589
-0.649718
0.418047
0.692952
-0.0272535
0.521824
0.74081
-0.481275
-1.88712
-1.26693
0.649947
-0.650581
0.103586
-0.3138
0.405445
0.215343
0.183481
0.748224
2.09143
-0.419644
0.237061
2.07684
1.07307
0.653853
0.446865
-0.700367
-2.24116
0.721266
-0.852855
-0.362969
0.423149
-0.987328
-0.841984
-0.674341
-0.147298
0.558967
0.104785
0.370058
0.332706
1.53094
0.143384
0.378303
-1.09108
0.186162
-0.982446
0.365261
0.346262
-0.394987
0.558779
-0.216075
1.09203
0.680098
2.47006
0.0920994
-1.41562
0.332179
-0.341301
0.31238
0.114325
-1.99394
-0.330659
0.49093
-0.0599212
0.748336
0.433845
-0.093638
0.72223
0.916529
-0.0704769
0.668553
0.894999
-0.202328
0.394544
-0.827912
-2.06345
2.08248
0.819243
1.34734
-0.149849
-3.47165
0.572239
1.56295
0.672307
-0.494941
-0.0594909
-0.175121
-0.74962
0.451166
-0.612806
-1.2647
-0.819308
1.3194
-0.480855
1.44221
0.294309
0.580289
0.282331
1.06664
-1.78104
0.0879399
-0.265533
-1.3792
-0.0651398
-0.494333
0.821724
0.327048
-1.06814
-1.17377
-0.266978
-1.14426
0.047506
-0.429774
-0.441684
0.163336
0.940209
1.07705
-0.67448
0.430138
0.872695
0.301139
-0.73426
-0.379164
0.685889
0.823183
-0.566527
1.00145
-0.784356
1.71945
-1.90993
-0.636749
1.95195
1.08721
-0.824942
-0.549592
-1.18008
0.144363
0.640184
0.283046
0.11935
1.30275
0.543357
0.163629
0.25421
1.40431
0.0376195
1.19222
0.638495
-0.782162
-0.205741
0.733287
-0.0944956
-0.960845
-0.396165
-1.07695
0.668024
0.346261
-1.54367
-0.240468
0.0398597
-0.799382
-2.0586
0.379964
-0.738976
-0.542135
-0.219406
1.29339
1.56337
0.497615
-2.28285
-0.972616
-0.284724
0.495371
-1.10758
-1.79056
-0.162206
0.0151739
-0.429095
0.83568
0.359142
-1.51732
-1.19994
1.28011
-0.0760926
0.0634015
-0.00326041
-0.799785
1.77378
1.72738
-1.49851
0.0263938
-2.25941
2.21947
-0.791874
0.259038
-0.677536
-0.0987291
0.618795
0.814925
0.276455
-1.02916
-0.040774
-0.697454
-0.714314
-0.683989
-2.76735
0.672529
1.78257
-0.477003
1.17327
0.236724
-1.04517
0.371869
0.3892
-1.14513
1.51839
0.488185
-1.12963
0.172057
-0.52061
1.26922
-1.66884
0.733691
0.770633
-0.447945
0.64526
-0.598268
2.60586
0.102919
0.975262
0.675664
-1.00738
-0.884719
0.959454
-1.01994
-1.63958
-0.0387288
0.629142
-2.29547
-0.715353
-1.3299
2.4455
-0.998759
1.10775
1.16784
-0.227881
2.54337
-0.649214
-0.351134
-0.502953
-0.273857
-0.486564
1.01655
-0.452601
0.76219
-0.778711
-2.33498
0.448215
0.591573
-1.93229
-0.377917
-0.241014
-1.12449
-1.0416
1.03573
0.204234
0.366708
-1.20745
-0.302202
1.11575
-1.43161
0.965124
-2.33705
0.326058
-0.0637027
0.34587
-1.01419
-0.695656
0.229088
-2.01958
0.829788
-1.36098
-0.477949
-0.622445
-0.755318
1.7271
-0.711112
0.132968
-0.911334
0.76669
-0.555074
-0.906196
0.621514
0.512268
-1.44967
-0.868166
0.908205
0.235856
-0.00296293
0.381788
0.460165
-0.695997
-0.241875
1.31846
-1.41833
-0.653178
-0.0708568
0.871423
0.339518
2.10662
-0.552956
-0.204278
-0.690204
1.64788
1.07887
0.181668
0.696337
0.992811
0.946303
0.557175
0.936557
1.41775
1.34213
1.03708
1.15881
0.3221
0.0616088
-1.55628
1.11382
-0.878056
-0.0963652
0.615491
-0.145862
0.455835
-1.05918
-1.14587
-0.166263
1.45821
-0.322384
1.95857
0.815156
-0.0982792
-1.33724
0.625187
-0.0171104
2.5067
-0.560305
-0.735553
0.234019
-0.405893
1.54375
0.0492019
0.23684
0.879103
1.4149
-0.594832
0.0189489
0.652026
0.749375
0.17546
1.32756
-0.0384586
-0.507615
-0.113901
0.231217
0.193561
-0.579809
0.324363
1.21873
-0.238316
0.248837
-0.184779
0.796261
0.962067
0.639862
1.19041
1.70193
-1.35923
1.49463
1.62136
-0.60376
-0.109556
0.919105
-0.501987
-1.01219
1.68646
-0.233872
0.639229
-0.0723667
1.34753
0.040769
-0.946168
1.33959
-0.156286
0.95286
-0.265517
0.50463
2.17871
-0.357332
1.15145
1.64133
0.967568
-0.984432
-0.290987
0.622633
-0.599613
1.22358
-0.518248
1.58696
0.792106
-0.0390247
0.142057
1.93523
0.545356
-0.362223
-0.351976
-0.359828
-0.919045
-0.396713
-0.285984
0.195311
1.24904
0.300331
-1.24322
1.83109
0.390041
-0.430032
-1.14973
0.641835
-0.702407
0.334291
-1.49519
1.33014
0.774856
1.74606
0.829361
-2.07348
0.701099
0.0551393
-0.940898
-1.23439
0.119591
3.33314
-0.0981581
0.283402
0.698826
1.32041
-0.695708
-0.900852
0.419798
0.243559
-1.99817
-0.476068
-0.506339
-0.444927
0.498681
1.8548
1.67125
2.36316
1.35116
0.39119
-1.23566
-0.0977454
0.0969852
-0.205485
-0.993107
-0.126481
-0.182967
1.12034
-0.470331
-0.502491
1.17744
0.858447
0.416428
0.0223128
-0.144578
-0.260205
1.27184
0.436431
2.81327
-1.90854
-0.0724559
0.203723
1.07305
-1.01318
0.712095
0.44373
0.243293
-0.791789
-0.452633
-0.608318
0.418017
1.67779
-1.01394
-0.04895
1.08179
-1.59141
1.10344
-0.675247
1.01469
1.3949
-0.738032
1.16656
1.44981
-1.09156
0.417378
0.270187
-0.38212
1.62117
1.05788
-0.891286
1.00425
-0.240014
-0.379193
-0.144142
-1.16169
-0.0431618
-0.876709
0.687379
0.229994
-0.668447
-0.0251909
0.318678
-0.826291
-0.502115
0.576176
-0.0810564
-0.30498
-0.394692
-0.446701
-1.32462
-1.02082
-0.76274
1.39702
-0.943974
-1.65983
-1.28083
0.454416
-0.0317741
-0.420594
0.227117
-0.27929
-0.152286
-2.07611
-0.403345
0.148889
1.16099
0.310859
0.597998
0.331997
-0.426471
0.49879
2.15616
0.593144
-0.61413
0.43333
0.473261
-1.4483
-0.773637
0.167115
1.54721
-0.42026
-1.24349
0.106277
1.55303
0.288422
-0.364728
0.115414
-1.70637
-1.53394
0.641386
0.145627
-0.153085
1.23401
0.0753652
-1.99104
-0.330148
-0.906626
0.327777
1.12288
-1.40943
0.740637
-1.20383
0.266898
0.525564
0.634283
0.720354
-0.348498
-0.0294577
-0.944632
0.384234
-2.53293
-0.56837
-0.711955
-0.213066
2.43588
-0.290892
-0.208689
1.74529
-0.875552
-0.968043
-1.18522
0.970247
-0.0796118
-1.94535
0.0582358
-0.421313
-0.48884
0.640145
-0.215265
1.48194
-0.177175
-0.13239
1.68435
0.845234
0.416551
-1.49694
-1.92062
1.94084
0.202483
-1.21072
-0.964052
0.766734
-0.404148
1.56419
0.0812523
-0.732937
0.20419
-1.20741
0.159106
0.970178
-1.25174
-1.48312
-1.38733
-0.360791
0.00945388
1.04171
-1.85163
1.1533
2.138
-0.485165
0.19558
-0.194063
0.0901071
1.56288
-0.383204
0.718539
-1.33678
-1.13084
0.723727
0.0295754
-1.32585
-0.418973
0.689738
-1.79887
0.105957
1.58493
-1.64086
1.2623
-0.486839
-0.559889
-0.288014
0.15461
1.30797
-0.499886
-1.45471
-0.0610573
-0.57087
-1.17713
-0.914675
0.782342
1.01173
0.817425
1.62952
0.380208
0.507409
-0.583218
-0.180928
-0.280897
0.270956
-0.00911998
-0.404478
0.705471
-0.858051
1.08452
-0.664707
-0.254628
-1.43649
-0.769675
1.26603
0.117105
0.264661
-0.406816
-0.713916
-2.99152
-0.320833
2.67539
-2.0505
2.30789
-0.535222
0.626561
-0.128538
-1.55451
0.347207
-0.718023
-0.351801
-1.27822
0.426374
0.560117
-0.570774
-0.915708
-0.482323
0.205578
0.124739
0.55535
-0.723464
-0.138267
0.452902
1.65078
-0.204259
-0.419232
0.195748
-0.338321
0.755311
-0.947148
0.43734
1.19744
-0.761386
1.5089
1.8509
0.441055
0.669781
0.0193316
1.42193
-0.511365
-0.100247
0.669469
-0.470678
0.505995
0.725322
0.0699275
0.340458
-1.11455
0.288418
-1.76148
0.763601
-1.04141
1.49172
0.544106
1.02849
-1.67073
-1.71581
-0.0355211
0.696129
-1.27472
0.618763
1.00593
-0.835378
-0.0653213
1.31148
-1.21488
-0.0594824
-0.496807
-1.20876
-0.103484
-0.133142
0.54013
-0.0372451
1.0908
0.330601
-1.50687
0.399561
1.6136
-0.738687
-1.1909
0.511922
0.0298835
-0.228707
0.889319
-0.686489
-0.3652
-1.85621
-0.646651
-0.884001
-1.01445
-1.67396
-0.803961
-0.923134
0.172006
-0.178823
0.232559
1.04886
0.257875
1.17456
-0.566154
0.921441
0.561969
0.703033
1.66755
-0.688471
0.197494
-0.638559
0.126732
-0.448971
-0.622854
-0.626297
-1.61564
-0.810839
-0.496099
-0.0708578
0.883427
1.17122
-0.62869
-1.22469
1.13726
0.0825933
-0.138993
-0.405116
-0.724345
-0.918074
-0.670704
0.070369
-1.11656
-0.859788
-1.72762
0.793206
1.05341
-0.486784
0.61893
-0.35505
0.0650754
-0.569202
-0.73508
-1.03131
0.119683
-0.539707
0.483417
-0.162035
-0.515753
0.803722
-0.464076
-1.83536
0.957849
-0.89826
0.595517
1.01147
-1.58239
-0.674481
-0.683281
0.259247
0.594131
-0.903006
0.75816
0.546504
0.777762
-0.796807
1.8971
0.973527
1.48695
0.760882
-0.657571
-0.701162
-0.440958
0.586471
-1.61504
0.539428
-0.639212
0.36354
0.674837
-0.118419
0.578179
-0.166369
-1.99521
-0.927592
0.0091223
0.0430086
-0.788354
-0.681096
1.45911
2.54271
-1.02692
-0.3757
-1.74322
0.310208
-0.528393
-1.26662
2.1025
-1.09114
0.402328
1.40373
0.0483245
0.240393
-0.337717
-2.15401
0.289337
1.93991
0.293457
0.211958
-0.739491
0.00814042
-1.38599
-0.609589
-0.785169
-1.50471
0.382635
-0.255092
1.84065
-2.03404
-0.846951
-0.404963
1.31825
-1.08631
0.217881
-1.50626
0.579649
0.220747
-0.68082
0.0599069
-1.03308
1.17269
-0.844299
-1.20499
-0.0545377
-0.253904
1.13901
0.336236
1.79351
-0.112367
-0.516541
1.08659
-0.248244
0.871016
2.3786
-0.894773
-0.416682
-0.868305
-1.61534
-1.69665
-1.725
0.571753
0.619936
-3.65352
-0.701232
-0.0953023
0.211994
0.384686
0.0914934
0.422167
0.479975
-2.11934
-0.711119
0.0177871
0.843211
-0.971257
-0.914078
-0.612325
-0.825038
-0.122348
-0.298273
0.564181
-1.57168
-0.01868
0.0982767
-0.755541
0.273357
0.188157
0.758042
-0.828844
0.0606362
-1.07684
-0.847888
-0.382744
-0.0638399
2.67887
-0.670247
1.85041
0.0394998
-0.74379
-0.0711332
-0.476903
-0.334977
0.443117
-0.495739
-0.425877
-0.639671
-1.35197
0.691944
0.24477
-2.03073
0.427329
-1.3114
1.41403
-1.00609
1.43241
0.389589
-0.544671
0.358383
-0.564368
0.0831637
1.14798
-1.04171
-1.13016
-3.62875
-0.779562
-0.193092
-0.0716741
0.133064
-1.4653
0.838234
-0.84605
0.04483
0.167542
-0.142117
-0.660937
1.42701
0.502168
-0.122875
0.346575
1.24086
-0.780899
-2.39399
-0.197155
0.452315
-0.950451
0.0690475
0.235777
-1.63618
0.182191
-0.0717347
-0.537767
1.08073
-0.949589
-1.39093
-0.338525
0.367178
1.06353
-0.548908
-0.882669
-0.729103
-0.891103
0.859029
-0.46533
2.46107
0.175049
-0.581344
-0.694942
-0.325395
1.0194
0.706553
-2.37146
-0.792193
-0.544992
-2.11288
1.07336
-0.761323
0.635784
-0.367808
1.50443
-1.29353
1.94432
0.093513
-0.18706
-1.12439
1.46986
-0.42487
-0.746316
0.666944
-0.39062
-1.55391
-0.115999
-0.841927
-0.953123
-0.541329
-2.36428
-0.360252
-0.517846
-1.57852
0.803219
1.49071
0.809103
0.550254
-0.104072
-1.30341
-0.836912
-1.65475
-0.305707
1.95059
-0.318111
-0.933114
-0.278752
1.0141
-2.20015
0.103459
-0.100891
0.796081
1.15379
-1.29206
-0.190076
0.700457
0.516601
0.158773
-0.25234
0.528104
0.42304
0.341767
-1.41021
-0.244226
-1.15503
-1.36225
-0.515217
0.2009
-0.137626
1.26828
0.902797
0.100206
0.469354
0.963342
-1.31999
0.282607
0.726964
0.485274
-0.544581
-0.27079
1.2236
0.0791496
-0.11015
0.345438
-0.97311
2.06761
-0.890862
-1.78346
0.791253
0.513386
-0.262577
-0.356524
0.190532
-0.0284517
0.258374
-0.273967
0.124549
-0.883348
-0.108524
-0.265381
1.2111
0.656048
-0.546055
2.48473
0.865043
-2.00539
-0.95205
0.693317
0.360245
0.507532
0.530343
-0.827045
0.995408
-0.126136
-0.797006
0.325776
1.37729
-0.233048
-1.40101
-0.26653
1.0088
0.322845
-0.879772
-0.410024
0.162138
0.197139
-1.17601
0.539117
-0.343588
1.34978
2.04928
0.992702
0.512094
1.04828
-1.77008
-0.352637
0.989477
1.92912
-2.24766
-0.0279187
2.21075
-1.02856
-0.929204
2.13921
0.320755
0.0618342
-1.66514
0.418585
-0.208118
-1.38479
0.980299
0.784588
-0.424923
2.06684
-0.420273
0.532919
0.248959
0.49052
1.39266
0.0978821
0.19656
-0.581078
-0.948893
0.33254
-0.146982
1.52638
1.77919
0.370646
1.10329
1.16297
-1.12599
0.651373
-0.793896
1.35047
0.876305
-1.29873
1.57708
-1.54816
-1.86921
-1.27096
0.65597
-2.32819
-1.23956
-0.623433
-0.00635555
-1.30124
-0.863549
0.663229
-0.74572
1.98209
0.0599072
2.32373
-0.122189
1.8898
0.562947
1.2404
-0.32639
2.52053
0.134847
0.688945
-0.285144
0.936092
-0.686028
-0.597626
-0.861726
0.0880803
-0.107034
0.868648
-0.250213
1.44865
0.0488545
0.351255
1.85307
0.99151
-0.631325
0.367484
-0.747897
-0.258747
0.995108
0.692379
-0.558507
0.31503
0.431301
0.754953
0.742119
-0.417322
-0.905995
0.188421
0.13368
-1.37338
-1.00554
-0.606222
-0.77763
-0.0671216
-0.579459
0.0253389
0.0929031
-1.26557
-0.0549633
1.20417
1.8974
-0.30557
0.750231
-0.236745
0.835385
0.97161
0.931269
-0.454935
0.41192
-1.33766
2.19684
-1.91998
-0.566339
0.0149418
0.0912699
-0.509083
-0.133541
-0.901088
0.464934
-0.316507
0.832508
0.236351
-1.00873
-0.6997
-0.0951857
0.597691
0.331245
0.226298
-2.47826
0.271808
0.272994
0.867673
-1.08431
0.737852
-0.240342
-0.583814
1.80656
-1.76597
0.331661
-2.07231
1.67286
-0.996082
1.01027
0.497414
-1.03998
0.299585
-0.742565
-0.699111
-0.267356
-0.454566
-1.57537
0.666991
-1.44544
0.193018
-0.661673
-0.140925
0.29639
-1.07028
-0.244501
0.831875
-1.60421
-0.204478
-1.98588
0.595338
-1.45793
0.347198
-1.32049
0.784938
0.641814
-0.488909
0.959718
0.68953
-0.525406
0.0334065
-1.03493
-1.26212
0.901156
-0.955204
-0.0795818
0.161455
-0.954984
-0.785334
0.0638911
-0.679804
-0.891658
-0.767529
0.546821
1.2206
0.63895
-0.0558904
-0.762221
0.255353
-0.944047
-1.19562
-0.152279
0.530327
-1.35528
1.98628
0.0211612
-0.517843
0.835005
0.453432
1.77662
0.580908
2.09476
-0.548402
1.01864
-0.0610088
1.01418
-0.939545
1.26904
0.795079
0.570329
0.379282
-0.817535
0.109663
-1.47945
-1.71097
-0.259475
-0.00121341
-1.24733
1.12845
0.0504559
-1.48851
0.26483
-1.16859
0.513066
1.16259
0.669719
-0.260046
-0.808851
-0.971679
-1.22859
0.379564
-0.317344
0.936413
0.789886
0.536285
0.302149
-1.02391
-1.21932
0.600946
0.475034
-2.00239
0.599466
-1.14048
-0.924631
-0.343447
-0.592745
-1.87192
1.21191
-0.109486
0.296854
-0.965332
0.64648
0.377877
0.455115
1.02556
-0.25115
2.44521
0.353649
1.11891
0.391208
-0.349881
-0.182356
0.750946
-1.32071
-0.165715
-0.651981
0.662942
-0.634475
-0.987561
1.37468
1.66085
0.371731
0.107805
0.904189
-0.127821
0.824167
0.695038
-0.117906
0.277064
-2.31133
1.5375
0.760244
-0.805454
0.518648
-1.1687
-1.01831
0.983782
-0.142482
-0.685322
-1.53375
2.13269
-0.12671
-0.390265
-0.625418
-0.420965
-1.43995
0.764441
1.84367
0.118551
0.0142167
0.0180385
-0.467592
0.371185
0.0120514
-1.52588
0.646377
-0.415981
-0.614239
0.156546
-0.149659
-0.537395
0.238301
0.768595
-1.1004
-1.10951
-0.250114
-0.768796
0.148084
-1.58029
0.225503
0.324831
-1.60458
-0.353526
-0.098024
0.699981
1.20771
1.53926
0.948379
-0.235201
1.52015
0.963148
-0.249282
-1.11901
1.14634
2.07939
0.82914
-0.277739
0.232797
0.761783
1.49657
-1.12734
1.45983
0.356644
-0.819707
-0.00336825
1.41808
-0.28012
-0.755586
1.00924
-0.0891885
0.511254
-0.965875
0.355395
1.66447
-0.819092
-1.75377
1.00444
-0.0390336
-0.372419
1.44941
-0.0245449
0.197898
-0.853923
0.933028
-0.13958
-1.28402
0.472397
0.776931
-0.372944
1.32533
1.22612
0.688871
-1.5527
-0.919132
-0.233289
0.00660154
0.21271
-0.101223
-0.159457
0.52345
0.476238
-0.435561
1.0524
-0.0281515
-0.0276247
-1.9406
0.963821
1.75826
1.25293
0.726601
-1.61495
-0.759734
-0.142382
-0.283577
-3.25538
0.277532
0.0408397
0.013637
0.917825
-0.215712
-1.83354
-0.751717
-0.259099
-1.11524
0.488272
0.00931274
-1.07965
0.19451
-0.373267
0.181471
2.24066
-0.290902
-0.985321
-1.49794
1.902
-0.844346
1.36688
0.538138
-0.776503
-0.975004
-0.44343
2.35821
-1.19344
-0.353181
-1.91894
0.236016
-0.59595
0.718426
-0.431911
1.01226
-0.54274
-0.403788
-0.154933
-0.232564
-0.0485755
-0.187228
1.02707
-2.16878
-1.55184
-1.03049
-1.00342
-2.02439
1.7367
-1.16266
1.1622
-2.01464
0.269237
-1.47415
1.0704
-0.239677
0.835128
-0.486703
-1.119
-1.69728
-0.136155
2.09911
1.8676
-0.477543
-1.3934
0.767094
1.19162
-1.18363
-0.66027
0.996733
-1.42647
0.580564
1.52778
-0.83263
-1.27772
0.263996
0.496584
0.185218
-0.722774
0.1288
-0.973858
0.466455
0.502978
0.844511
-1.17274
-0.0778784
-0.51127
0.736196
-0.586134
-0.53584
-0.124395
0.917263
1.35978
-0.221822
1.71334
0.0765115
1.5003
1.31637
-0.15282
1.30519
-1.29614
-0.199386
0.248909
-0.295028
1.30115
-0.114221
1.30053
0.060924
0.753368
-0.177615
1.45959
1.50482
-0.489541
0.778813
0.125925
-0.379144
-0.617345
0.226904
0.0947554
-1.97965
0.480371
0.00946128
-0.427164
-0.153815
0.0703951
-1.05689
0.0413379
0.346206
-0.636049
-0.505352
-0.865926
1.30844
1.09754
-0.830736
0.687277
-1.58839
-0.801242
1.11689
-0.129649
2.14511
0.319622
0.595802
1.32368
0.146309
-2.02806
0.593892
-0.311752
-1.16095
0.641931
0.263814
0.949359
0.492841
-0.274213
-2.30044
1.83557
1.80191
-0.33563
1.1069
0.957185
0.808868
1.44744
-0.518198
0.587127
2.07589
0.253816
0.153993
1.73696
-0.145581
0.553301
0.276113
-0.289079
0.960966
-1.34439
0.38536
-1.60396
-0.900084
-1.20441
1.0017
-0.939909
0.458105
1.1522
-0.685101
0.687452
0.285253
1.18716
-1.42308
0.988563
-0.444368
0.0335071
-2.66515
-1.89658
-1.09791
-0.240703
0.571732
1.94915
-1.57414
-0.795073
-0.00812135
0.111268
-0.438754
1.44292
-0.79849
0.558433
-1.42186
-0.0400329
1.14665
-0.415573
-0.13246
1.17418
-1.62954
0.915631
-1.22873
1.87606
0.278793
-1.01186
-0.165011
-0.457074
0.942579
-1.68185
-0.583134
0.12821
-0.0524342
-0.377189
0.587653
1.23053
-1.78048
0.575226
0.732317
0.0599211
-1.2558
-0.678206
1.15141
0.766913
-0.611479
0.776387
0.130703
-1.64271
0.362321
-1.25517
1.09434
0.228628
-0.173945
-0.711286
0.858167
0.615284
2.08111
-0.86951
0.977689
0.0990217
-0.131862
2.07089
1.20105
-0.293363
0.340939
0.00555211
-0.663794
2.49956
0.347001
1.38807
0.193725
0.00503274
-1.32137
0.665517
0.595171
-0.550898
-0.224131
0.730955
-1.3066
-0.556098
1.7918
0.0351958
-2.0879
0.299148
0.139342
0.816996
-1.12311
-0.379403
0.883786
-0.934858
-0.210689
-1.25986
0.733589
0.669728
0.230272
1.11107
-1.45502
-0.0562888
-1.33094
-1.50853
-0.179645
1.9464
-0.0956793
-0.449414
-0.697547
-0.790699
0.0158622
-0.88698
0.303323
0.173059
0.246167
0.625079
2.61752
0.00601986
0.15115
-1.76566
-0.485833
0.413646
0.157604
0.537205
0.377511
-0.560234
0.0205762
1.55517
0.639812
-1.00981
-0.926932
0.27772
0.216855
-0.558369
-0.100655
0.143042
-0.685809
-1.9102
1.21046
0.0712577
-0.178418
1.01522
0.46646
-2.01538
-1.37507
-1.04145
0.765841
-0.468407
0.883966
0.431185
-0.157083
0.332799
0.0797969
0.17526
1.00862
0.358335
-1.03434
-0.736425
-3.08733
0.495366
0.741294
-0.74474
1.03345
1.14815
1.8393
-1.23739
-0.68067
0.538224
-1.83535
-0.535749
1.25695
-0.355748
-0.0777684
-0.295542
0.675982
0.981384
-0.74227
0.474825
-0.246713
0.375197
0.525807
0.574074
0.285942
-0.974481
-0.133518
-0.194049
-0.406057
1.82097
0.229282
0.98019
-0.637172
-0.171477
-0.390582
-3.38457
1.35934
-0.400323
0.223111
-1.66932
0.403613
0.0909967
-0.859861
-0.803818
-1.35203
-0.497324
1.14348
0.21744
-1.09434
1.60157
0.146171
-1.62577
0.338514
0.752697
1.1419
-0.432569
1.85793
-1.32232
-0.897005
0.702113
-0.925488
2.4101
1.46963
0.643272
-0.284269
0.194193
0.698235
0.363571
0.273237
0.494443
0.120889
2.23026
-1.22719
-1.02301
0.3172
0.0759625
1.24337
1.64877
-0.639964
-0.577914
-0.546746
1.04402
-0.0888874
-0.754239
-0.524051
-0.619721
-0.0703931
1.42179
0.513611
0.0268577
1.14849
0.515469
0.12611
-1.13528
-1.31637
1.27865
1.57545
-0.9173
-1.00551
1.38234
-0.61296
-1.40126
0.616001
0.751576
0.418083
-0.167156
0.874995
-1.29675
-0.570703
1.25489
0.792431
1.5527
1.07717
0.0492308
-0.604316
0.325327
0.310074
-0.207031
0.621179
0.831733
-0.289237
-0.158709
-0.833505
1.10484
-0.0302458
-0.739786
-0.696121
0.33313
-0.433601
-0.456215
0.605479
-0.945907
1.12201
1.32608
0.190929
-0.972946
-1.11516
0.163004
2.13183
-1.8427
-1.336
2.083
0.596945
0.937969
2.96819
-0.319958
0.193245
-0.454975
0.794389
-0.945548
-2.07997
0.0512288
-0.19877
0.406623
-1.01067
-0.884103
2.06113
1.37805
-1.14537
0.892381
0.959381
1.38989
-0.55916
1.80781
-0.568729
0.455597
-0.0485308
1.15794
-0.750213
-1.4934
-0.350332
-0.382567
0.941816
-2.50905
-0.179948
1.75519
-2.44523
0.19001
1.12773
0.0256429
-0.843714
2.13868
0.273284
-0.946386
0.0499891
0.273214
2.25154
-0.838311
1.28377
0.806675
0.335251
-0.00698811
-0.868393
0.427679
0.643384
1.37142
-0.38546
-1.27633
0.191612
1.18458
0.280823
0.386828
-0.927917
0.450477
1.28346
-0.851247
-0.522626
-0.772617
0.299312
0.364398
1.10764
1.24623
0.889442
-1.00722
-1.33408
0.082325
-0.746057
0.0299031
1.40995
-0.926273
-1.11256
-0.241617
-0.221565
-1.21166
0.722799
-1.30565
0.365088
-1.08665
-1.57281
-0.741099
-0.461491
1.74992
-0.458924
-0.0748789
0.102933
-2.03701
1.84929
-1.92107
0.241911
0.379544
1.46163
0.224811
0.140356
0.524687
-1.08213
-0.744361
0.560529
1.61967
0.249361
0.931299
0.49
-0.371873
-1.57575
0.596599
0.141741
0.0956913
0.222208
1.51819
-0.795794
1.4742
-1.60124
0.330032
0.225143
-0.326256
0.0702488
-0.839963
-0.591819
0.48639
-2.13863
2.32715
0.906469
-0.230051
0.127324
1.21153
0.764454
0.307079
-0.798251
0.24016
1.55569
-0.514273
0.351378
-0.957818
-0.485553
1.26197
0.170109
0.277108
-0.518373
0.499307
-0.947845
-0.0515067
-0.47876
-0.920597
-1.13931
0.609252
0.749638
-0.730389
0.185494
-0.292349
0.461705
-1.05279
1.09879
0.108109
0.329468
-1.35081
0.982076
1.27381
0.461761
-1.19732
0.184615
-0.825349
-1.06046
1.00636
0.08931
0.455923
0.87611
-0.104272
-0.229657
2.16275
1.0095
-1.41426
0.0275836
-0.762907
-0.5377
1.45647
0.32511
1.60533
0.00467108
0.930308
1.01635
-0.262662
-1.31378
1.33632
-1.77027
-0.514984
0.562323
1.20395
1.12159
0.285389
0.221761
0.178553
0.761592
1.06664
1.67528
-0.879638
0.304172
0.95608
0.0605583
-0.699566
-0.845642
-0.135872
-1.66762
-0.0296698
0.36175
0.0887139
0.660942
0.289453
0.44189
-0.716307
-1.89319
-0.78981
1.00384
0.88524
0.843357
0.61638
-1.23373
0.124679
0.370428
-0.679326
-0.516416
0.860115
0.800489
-1.07712
0.680486
-0.950399
0.477254
-1.37467
-0.916644
-1.23921
0.661228
1.9129
0.605055
0.20709
1.93164
-0.101792
0.0392482
0.718219
-0.758286
-0.340842
-1.89008
1.34595
1.02649
-0.794694
1.52058
0.333749
1.49909
0.895782
0.390971
0.263275
1.62316
-0.755827
0.700744
1.06817
-0.924381
0.528879
-0.117785
-0.152051
0.77854
-1.05477
-0.530123
0.807507
-0.669203
0.208743
0.528549
-0.948225
-1.45916
0.151424
0.343131
1.04509
-0.901546
0.476487
-1.45436
-0.735473
2.03663
-0.370569
-0.290394
0.404756
-1.64172
-0.84507
1.50522
0.393925
0.307861
0.800219
-0.35775
-0.852364
-0.000259197
0.355436
0.552792
-2.12361
-2.01971
0.613984
-0.553028
-0.04584
-1.25463
1.33114
-0.428221
-2.2342
1.74998
-0.242637
0.523069
1.98148
1.533
0.519659
-0.924868
1.25041
0.06235
0.55332
-0.165954
0.588305
-0.937584
-1.42308
-0.839427
-0.751316
-1.18732
1.86725
-0.0123933
-0.346042
0.599204
0.920745
-0.65578
0.121199
0.182632
0.16754
-0.593129
1.10942
-0.536996
1.93639
-1.05425
-0.630009
-1.59547
-0.808058
-1.11197
1.48888
-1.55638
0.192431
-0.692575
0.332758
0.26618
0.107164
-0.0969378
0.3335
-0.686279
-1.45798
0.372333
-1.46941
1.16478
-0.529105
-0.323026
0.973239
0.773109
-0.471802
1.11549
0.626101
2.35773
0.849666
0.738404
-0.924634
-0.55473
0.800483
0.639697
-0.51659
0.604393
-1.31401
-1.42918
0.343432
-1.20766
-0.138964
-0.297145
-0.277016
1.17292
0.265773
-0.370733
-1.27842
0.157922
0.160874
0.68998
0.443652
0.479082
-0.760524
-0.529004
0.0750091
0.529009
-0.968396
0.743168
-1.61634
2.81868
-0.329309
0.677165
-0.735054
0.566989
-0.850037
1.53469
-0.276062
-1.73938
-0.883892
1.58696
-0.236554
1.79167
-0.565754
0.721523
-0.551643
-0.626119
0.00766427
0.58867
0.106266
-0.190721
-1.19883
-0.652284
1.52191
-0.302485
0.0494917
1.64875
0.129001
0.280948
0.30958
1.51119
-0.92218
-0.819248
0.442836
0.545636
-0.177792
-0.221268
-1.21689
-0.727851
0.193366
0.183298
0.0549451
-0.521553
-1.1827
2.59059
0.298174
0.369438
-0.337503
-0.0430425
-0.0950236
1.02998
1.1609
-0.324908
-0.61978
-0.555387
1.71767
-0.216319
-2.58801
-1.17049
-0.410278
-1.3853
1.5774
1.25659
0.0549542
1.04392
-0.487515
-0.917771
-1.48073
1.42902
0.139549
-0.338688
0.33985
0.925675
-0.325353
0.749423
-0.306411
0.276968
-0.128113
0.113269
0.0128052
1.82682
-0.994691
-0.275303
-0.930177
-1.85897
-0.0873353
0.57762
-0.529904
0.566705
0.154911
0.286713
-0.428102
-2.01034
-0.493898
0.159956
0.95278
-0.373577
0.977748
1.74339
-1.9548
-0.147554
-2.03662
-0.255308
0.865705
-0.594242
-0.769352
0.130597
1.11106
-0.633967
-0.16258
0.112689
-1.33754
-0.451373
2.54629
-0.505987
-0.613725
-0.47357
-1.45581
-0.713507
-2.44281
0.323746
0.249041
-0.655672
-0.490676
0.26619
0.247343
-0.425847
-0.208499
-0.953035
-0.528235
-1.4334
-0.896092
-1.17789
-1.39795
-1.89133
-2.04027
-0.453795
-0.0443294
1.32268
1.03484
-0.10855
-0.536613
0.0554547
0.39769
-1.69552
1.39503
0.351387
2.08363
-0.0352179
-0.300672
-0.736669
0.244978
-0.751551
-0.290448
-0.0768457
0.677691
-0.184303
0.506687
-0.422199
0.43039
0.514619
0.646125
-0.972815
-0.359484
1.35431
0.729349
-1.53535
0.155428
0.229711
0.832802
0.510653
1.51185
-0.271543
0.756848
-0.883498
-1.33726
-2.05701
-0.707515
-0.579904
0.296699
-1.54907
0.442259
-0.717331
-0.302346
0.154962
0.229904
-1.33302
0.158648
0.347296
0.110277
0.958325
1.80659
-0.31344
1.61057
-1.22422
0.858487
0.154626
-0.2935
-0.264189
-0.308049
1.03677
-1.24108
-0.861966
1.74051
-1.79915
-0.856555
0.838895
1.37404
-0.712289
-0.735668
0.770458
-0.001491
0.259679
1.06171
0.466324
-0.522352
0.776731
-0.154566
-0.878221
-0.144408
0.205812
-2.71031
-0.15795
0.201622
1.79577
0.44245
-0.128533
1.00488
-0.0538243
-0.535126
0.319088
-0.269912
0.252171
0.558797
0.856061
0.199961
0.0932745
1.91848
0.418287
1.18366
-0.805385
-0.724027
1.19643
0.247146
-0.988003
-0.509521
-0.46818
1.15837
-0.73692
0.784909
0.879219
-0.447204
0.976899
1.71805
0.299292
-1.00183
0.794156
-0.207579
0.294821
-0.734196
-0.192801
0.134672
-0.997264
1.64483
-0.25177
0.349708
-0.786655
1.13161
-0.541976
0.422734
1.0165
-0.196885
1.03707
0.812439
0.833583
0.4243
0.202675
-0.306708
0.7771
-2.5781
-1.13629
-1.04976
-1.71988
1.03476
-1.6011
1.14802
-0.470241
0.833899
-1.36071
-1.27625
-0.804131
-1.99521
-1.05113
0.925758
1.00186
-1.26562
0.166084
-0.604667
-2.9985
-0.315568
0.932798
1.09104
0.552143
-0.29376
1.4221
-0.926066
-0.699299
1.49801
-0.351587
-0.573592
-1.39789
-0.439016
0.393641
1.02463
0.565731
-1.45089
-0.00739751
0.853739
-0.231226
-0.294717
-0.385574
0.583131
-0.0195781
-1.65033
-0.816585
-1.94112
0.700724
0.7263
-0.209704
0.324094
0.66171
1.28209
-1.78356
0.106065
0.245003
1.09589
-1.65482
0.737841
-1.06499
-0.104562
-0.289982
-0.396384
0.577241
0.0899587
0.777987
0.239884
0.780942
0.122885
0.668176
0.10286
0.0834156
-1.02116
0.552682
1.29942
-1.49374
1.39981
-0.588647
-0.489104
-1.90693
-1.43295
0.794419
0.0138531
0.597587
0.928609
0.470059
0.0927348
-0.538265
-0.96795
-1.06724
0.0135407
-0.648535
1.6834
-0.636097
-2.06774
1.04875
-1.49079
0.338851
-0.230462
-0.479817
0.571804
1.58123
-0.0652298
0.900735
-1.12942
0.0167594
1.0157
2.00593
0.41922
-0.461955
0.565881
0.930676
-2.13501
-0.233159
-0.867228
1.44195
0.48407
-0.76115
0.733948
-1.49153
0.557743
-1.70299
1.18625
-1.50185
-0.580712
-0.528607
1.29409
-0.78634
2.29758
-0.589487
-0.152541
0.686021
-0.729308
0.785027
0.728395
-0.448508
-1.22314
2.07531
0.444493
-1.00137
0.690291
2.12224
-0.878601
-1.42689
-1.64317
-0.101456
-0.249216
0.310944
-0.00805189
-0.866446
0.141001
-1.12108
-0.465442
0.395067
0.0484004
0.146514
0.234386
-0.72482
2.25002
1.1503
-1.34061
0.945446
0.419685
0.633705
-1.91728
0.351731
-0.0477189
0.133884
0.473044
0.585359
-0.0629471
1.62221
0.428276
0.285188
0.0817066
1.17229
-0.704606
1.05014
-0.135784
0.300492
-0.338771
-1.7197
0.850664
1.07692
0.258322
-0.266747
-0.112835
0.277253
-1.45523
-0.593518
1.09075
1.35435
0.6215
-0.138275
-0.49645
-0.277649
-0.985393
-0.697937
-2.30122
1.62555
0.178397
1.83733
-0.848879
-0.130039
0.136792
-1.21878
1.39444
-1.49223
0.226699
-0.413116
0.751196
0.261823
-0.124601
0.359905
-0.409114
-0.854517
-0.353815
0.538787
-0.133148
-1.3109
0.934884
-0.104113
-0.615232
-1.46292
2.26824
0.662302
1.49193
0.678322
-0.381241
0.701571
1.45507
-1.51078
1.24978
2.50413
-0.28735
1.02072
0.0487598
0.839698
-1.01814
-1.26168
-0.241436
-0.164444
-1.03806
-0.626168
-0.841695
0.379759
-0.237357
-0.584946
-0.191789
-1.09781
-0.887254
0.804834
0.146308
0.513947
1.91207
-1.52096
-0.351634
2.7689
0.284172
-0.826854
0.930749
1.04023
0.437388
2.13263
-0.0290617
0.859002
0.180246
-0.221413
-1.28096
0.242241
0.663736
0.659347
0.56592
0.371454
0.419515
0.00711741
0.868186
0.423914
-0.525011
0.0176571
0.214195
-1.27082
0.66775
1.36508
0.0512487
-0.680511
0.920757
-0.441815
-0.852351
0.207888
-0.542332
-0.938527
-1.93287
-0.714961
1.0766
-0.189097
0.160831
-1.03242
-1.08736
1.26597
-0.23744
0.291978
0.330979
0.3299
1.37042
-0.601822
-0.887338
0.770292
-0.207583
0.519903
2.7015
0.627517
-0.505101
-0.571974
0.667444
1.67787
-0.663379
-0.524941
-0.674334
0.386311
1.1002
0.263187
1.15552
0.607783
1.36984
0.765822
-0.300185
-0.353783
-0.125194
-0.168045
1.21504
-0.739063
-0.520725
1.40447
-0.0186702
0.0898916
-1.32668
-1.84963
2.58236
-1.19185
0.310472
-0.464488
0.330598
-0.40915
-0.290387
0.621973
0.925449
-0.420036
-0.75821
0.0667971
0.627264
-0.174653
-0.786586
-0.300488
-0.856427
0.861364
0.333582
0.815598
0.740895
-0.821084
-1.14411
1.71468
1.48738
0.0586175
-0.906716
0.905547
0.94138
1.22128
-0.505166
-0.603312
0.527037
-1.41479
-0.322952
0.254315
0.286496
0.075669
0.635523
-0.454916
0.80569
0.345461
0.34786
-0.839183
0.405814
-0.521463
-0.919356
-0.0721438
-1.73593
-1.0807
-0.169355
-0.828319
-1.7806
1.21258
0.72661
-0.785432
0.910045
0.360911
-2.18541
0.449613
0.0682261
1.82924
-0.535858
1.12759
1.07574
-0.888424
-0.115748
0.528125
0.782271
0.474676
0.416717
-0.681015
0.0450665
1.56641
-0.611359
0.29622
0.323377
-0.206102
-0.179192
0.507647
0.514877
0.00461796
0.166514
0.953103
-0.0919972
0.620609
-0.475055
2.11124
-0.647872
-0.19399
-0.676148
-1.29561
0.309973
1.24388
0.622381
0.365181
0.0101288
0.920347
1.47909
-1.03192
-2.27543
-2.23249
-0.738349
-0.624931
0.203539
-0.488666
1.36641
-0.215388
0.596846
-0.819659
-0.499764
1.74258
1.56657
1.14772
-1.17462
-0.260781
-1.53763
-1.76554
0.0537506
0.607328
-1.84193
0.792934
0.781619
-0.115492
-0.308591
0.331781
0.0715193
1.16969
-0.166078
1.12198
-0.835319
0.706012
0.549491
0.0607679
1.17461
1.13354
-1.11545
0.0665237
-0.137912
-0.496574
1.49118
0.0672935
0.180006
-0.164277
1.38422
0.638943
0.877381
-0.489525
-0.307233
-0.673598
-0.683278
-0.206728
-0.165293
-0.609064
0.0559336
-0.244369
1.06882
1.33524
1.33383
-1.74103
-0.515215
-1.93347
1.87869
-0.308998
0.147751
1.00003
0.737162
0.279725
1.25693
-0.146681
0.016406
1.07839
0.588579
-0.428988
0.699718
0.0768497
-0.193713
0.78001
-0.0960689
0.535089
1.32457
0.0136647
-0.866395
-0.0125688
0.559974
1.66576
-0.739507
-0.0633976
-0.511674
1.81783
-1.38206
0.234326
0.190457
-1.40286
1.3634
1.27171
2.45869
0.154028
-1.09878
-1.71338
-1.22454
1.4728
-0.812115
-1.21318
0.782035
-0.388747
0.698617
-0.314368
-0.549152
-0.157091
0.0461907
0.464558
1.36379
-0.20823
-1.25039
-0.957677
-1.60691
-0.846131
-1.0992
0.379662
1.05355
-0.703874
-2.28884
1.17347
1.12107
0.0791613
0.105329
-1.10681
-1.2703
-1.60623
0.507018
-0.68617
1.15818
1.11349
0.51389
1.07938
-1.3419
-0.383166
-0.191635
-0.532917
1.18767
1.67354
-0.186082
0.0326485
0.813834
-1.52059
0.787194
-0.597413
-0.123649
1.07424
-1.37775
-0.076606
-0.031845
1.30177
-1.04058
-1.56318
-0.520836
-1.35186
1.49907
-0.756123
-2.26369
-0.709165
-0.170346
0.313705
0.321012
-1.79979
1.01909
0.330345
1.08039
0.587949
0.176179
-1.10085
-0.619583
1.57518
-0.874042
-1.3585
-0.0382907
2.09134
0.123986
1.55018
-0.747263
-0.247378
0.137795
-1.37917
-0.698756
-0.00676501
0.111426
1.47598
-0.0636809
1.10355
1.33375
0.282911
0.951802
-0.469493
-0.465774
-1.83327
-0.990535
-0.285074
-0.00209252
0.285801
0.798464
0.627369
0.156455
2.03306
0.322843
-0.227341
-1.14504
1.20077
-0.774856
-1.07148
1.75637
0.850452
1.24577
-0.617193
0.147026
-0.405968
0.668616
-1.27239
-0.367272
1.6099
1.62992
-0.228073
0.936949
-0.888032
0.769476
0.583304
-0.502569
0.535867
-1.9899
1.24689
0.482121
1.2612
0.381234
0.452473
0.682763
-0.782671
0.0533159
0.372081
0.552638
-1.43302
0.125262
-1.14238
-1.74287
-1.89661
-0.909587
0.158398
0.657611
0.661771
-0.0218669
0.546514
-0.83156
-1.82996
-0.915461
-0.44386
2.51708
0.457119
-0.268458
-0.375676
0.733471
-1.2565
1.00499
1.34985
-0.306826
-0.720106
-0.901624
-0.325973
0.134189
-0.180552
0.926424
-0.00298577
0.0240401
0.540835
2.03364
-1.01325
0.074973
0.0876864
0.903693
-0.176033
1.3792
0.674357
1.02614
-0.255059
0.39844
-0.439221
-0.626508
-0.200297
0.159096
-0.880486
0.01236
-1.76349
-0.271695
-1.33346
2.61105
-0.674207
-0.18582
0.453344
-1.92082
0.6711
0.450997
1.56797
-1.0827
-1.22174
-1.24711
1.29316
-0.987489
-1.56461
-1.22265
0.0464534
-0.167126
1.65197
1.45431
1.05654
0.810043
-0.722866
-0.733411
0.0207588
1.86948
-0.150664
-1.76301
-0.615051
0.850442
-1.36252
0.224995
-1.45681
-0.565322
-2.28078
0.398388
0.361161
-0.307928
1.22569
0.0181242
0.480337
-0.998979
1.72123
0.0204661
-0.352953
1.20637
-2.36233
-0.693449
1.73003
-0.19021
-1.1582
0.504457
0.194092
0.770833
-0.591801
3.01336
1.67148
0.303032
-1.14831
0.34497
0.513294
1.28315
0.729622
-0.232321
-1.80621
0.091484
0.30487
-1.40141
-0.252559
0.878944
-0.529456
0.184772
-0.863173
-0.298757
1.57848
-0.34605
-0.267773
1.46461
0.166467
-2.17301
-0.49068
-0.306557
0.0952435
-0.0224746
-0.410247
1.76138
-0.0479299
-0.0812509
0.591866
0.905754
0.501315
1.2153
0.219165
0.315275
-1.3368
0.356748
0.643242
2.03348
-0.166198
0.634284
1.29677
-0.51452
-1.18334
1.38232
1.54379
1.22282
1.17971
-0.0350159
0.825428
1.93767
-0.494693
-0.692433
-1.33074
-0.624263
-1.25092
0.417884
-0.172533
0.36805
2.06077
-0.977117
0.50492
0.43651
-0.233089
0.710086
0.827408
0.614967
0.740198
-0.50443
-0.312397
-1.159
1.0514
-0.473355
0.384192
0.135972
-2.02534
-0.784425
0.197967
0.544605
-0.410161
-0.271958
0.181973
2.88856
0.00114424
0.408687
1.70758
-0.58988
0.132043
-0.742245
-0.219495
-1.86317
0.668892
-0.855103
-0.763854
-1.89283
-1.53218
1.46192
0.827108
0.755072
-0.961495
-0.799821
-0.561215
1.29913
0.0264906
-0.975429
1.65184
0.522786
-0.104063
-0.561327
0.2305
-1.33801
1.20808
-0.678312
0.349303
-1.60893
-0.216316
-2.26636
0.0129395
0.486013
-0.952656
1.7906
2.57459
0.304235
0.722147
-1.05892
0.0767803
-0.679888
0.118114
1.61703
-0.21581
0.00957957
0.385658
1.97416
0.157519
1.5591
-0.188945
-0.681655
-1.14017
0.784985
0.766007
-1.25336
-0.457284
-1.19325
0.511896
-0.547738
1.01773
-0.171557
0.933134
1.2688
-1.37326
-0.463235
0.654886
0.662722
1.16852
-1.02409
0.257224
-2.41462
1.07144
1.43988
-0.708043
-0.234543
0.195809
-1.10589
-0.182071
-1.36549
0.516346
1.22585
1.61537
0.316873
0.0046593
0.170262
1.02262
-0.145966
0.561379
-0.230809
0.261436
0.148232
0.44054
0.468164
0.120368
0.209281
0.879825
0.253162
-0.770964
0.785314
-0.671568
0.302507
1.14303
-0.573489
1.1379
1.35317
-0.573638
0.345786
-0.620282
0.515605
-0.477939
-0.320104
-0.0443789
-1.13831
0.260854
0.439049
0.212693
0.656789
0.554391
0.957521
-0.850627
-0.432285
-0.794553
-0.0744451
0.224198
-0.244467
-0.554558
-2.30705
1.14187
0.290628
-0.471329
1.66228
0.337115
-0.0759477
-0.243673
-0.214931
-0.89917
0.729115
0.273549
0.450303
0.639372
0.49179
-0.324415
0.177727
0.57627
-0.626594
-0.331763
-1.43201
0.420212
-0.785649
-0.600189
1.25835
0.398089
-0.654955
0.503179
0.962801
-0.316169
0.807046
-0.495301
-0.833251
-0.815231
-0.487678
0.228721
1.16424
-0.560188
0.370441
-0.899675
0.0534855
1.64808
-1.10326
-0.0174607
0.257175
0.798242
1.04382
1.80963
0.369926
1.37955
0.791718
0.212633
-0.00627605
1.36589
-0.453877
-0.24725
0.161093
-1.0597
-0.441329
0.952548
-0.321226
-0.98002
-1.98929
-0.492776
-0.371178
-0.970755
0.64646
0.992169
-0.746743
0.858937
-0.348079
0.136551
-1.08495
-2.0948
-0.569857
-0.8016
0.0959946
0.786078
-0.760086
-0.52252
-1.79014
0.919961
-0.577824
0.636528
-0.200843
1.42305
0.00181593
1.32394
1.40065
0.428498
-0.979068
0.10512
-1.26402
-0.915161
0.531494
0.882505
0.382054
0.629866
0.563802
1.07125
0.609039
-0.427784
-1.09278
-1.17494
0.377474
0.491875
-0.319126
0.491061
-0.769465
0.599465
-1.43011
0.968461
0.159262
-0.162427
-1.11003
0.139979
0.322599
1.55661
-0.74965
1.85162
0.248811
-0.42047
1.47149
1.32216
-0.0232418
-0.373085
0.839254
1.22548
-0.854837
0.253793
-0.203429
-1.30825
2.16729
0.47304
1.69712
-1.5046
1.75477
-1.0037
1.03956
-0.838245
-1.46642
-1.4489
-0.0809472
0.477117
0.504019
0.759978
0.830624
-0.326043
0.915967
0.19878
-1.09458
2.18869
-0.742622
1.44515
1.2288
-0.910219
0.275899
0.244199
2.70667
-0.727896
-0.0115152
0.293616
-1.10773
0.164902
0.0244098
1.18857
-0.287554
-0.221946
-1.65905
-1.97701
-0.0365726
0.629029
0.574981
0.247599
1.5194
-1.04239
-0.337903
-0.582493
-0.895162
0.928766
-0.0710883
-1.19499
1.20989
0.822953
0.548347
-0.362792
0.435049
-0.564313
-0.0354467
0.160395
-0.217032
0.072493
1.45028
1.02646
-1.15816
-0.364887
-1.17598
-1.11801
0.0693791
0.206939
-0.322353
-0.557706
2.24645
-1.1788
2.0266
-1.24917
-0.741741
-0.556857
-0.789587
-0.415449
0.5033
-0.127506
0.678822
-0.604928
-0.29417
0.522881
3.75335
0.390621
-0.513528
0.501096
0.621215
0.270238
1.38331
-0.304322
-1.84037
0.0454583
0.441647
-1.83836
1.97702
1.41784
0.126755
0.606762
-0.596934
-0.697979
0.530223
-0.00859656
0.58733
-0.433464
0.614791
0.325023
0.0156193
-0.0171583
-0.594664
-1.39987
1.19642
0.729673
0.611908
-1.22091
0.585352
-0.108869
-1.48456
-0.026285
-1.09407
0.616391
-1.60375
1.73911
0.24366
0.795983
-0.530032
0.142237
0.0809576
0.0166217
0.0539763
1.40158
0.0788055
0.954767
-0.151102
0.693018
0.282495
0.414151
-0.732243
1.08097
0.404284
