0.0664764
0.411612
0.135259
-0.464918
0.110843
-0.14747
-0.00857993
-0.244504
-0.40069
-0.392191
0.502851
-0.283251
-0.055232
0.376289
-0.560916
-0.0616739
0.116077
0.105252
0.0274629
0.0653082
-0.00175592
-0.165746
0.372294
0.0840827
0.072101
-0.408898
0.0839405
0.0213317
-0.752982
0.445236
0.273833
0.204108
0.355963
0.115142
-0.27411
0.144536
0.280398
-0.443932
0.283003
-0.340995
0.83412
-0.219316
-0.0132808
-0.323464
-0.0246206
0.250327
-0.237017
-0.166687
-0.111199
0.482373
0.396045
0.362613
0.0732885
0.0918417
-0.46594
0.336857
0.32002
-0.0226467
-0.297821
-0.0372392
0.134201
0.321822
0.128056
-0.295764
0.0385608
-0.111754
-0.00549036
-0.213364
-0.0142384
-0.111986
-0.142134
0.251236
0.327838
0.711117
0.0417398
0.13259
0.261378
-0.0827724
0.387525
-0.106553
-0.649879
-0.275395
0.191158
-0.233516
-0.389255
-0.476586
-0.663573
0.151697
-0.0151065
-0.0233306
0.0132233
0.44198
0.17261
0.0525425
-0.394674
0.0914037
0.0939251
0.227359
-0.0166795
0.126291
-0.533521
0.115877
0.66958
0.116565
0.320477
0.435834
-0.0273548
0.30351
0.266589
0.212594
-0.143464
-0.0759486
0.19922
-0.223342
-0.210805
-0.139164
-0.371771
0.402606
0.0193347
-0.189443
-1.01079
0.286556
-0.0559507
-0.455086
0.120449
-0.170645
0.49771
0.210939
0.534265
0.629846
0.629248
0.153089
0.245365
0.0442857
0.268128
0.197925
0.468576
0.0755835
-0.338375
-0.0302573
0.607875
-0.359713
0.216421
-0.0832496
-0.672405
0.293741
0.232829
-0.0676914
0.264646
0.231651
-0.244321
0.32548
0.438804
-0.0769216
0.26807
0.0482109
0.00726521
-0.580012
0.166624
0.0623324
0.0459532
0.497604
-0.315646
0.155455
0.382237
-0.136104
0.530165
-0.330156
-0.346799
-0.630359
0.226151
-0.289262
-0.0733144
-0.827712
-0.5914
0.150774
-0.127579
-0.172839
0.193417
0.0804971
0.0497713
-0.206476
-0.340855
-0.142737
-0.0665098
0.0149466
0.397167
-0.45582
-0.218472
0.105104
0.461903
0.325507
0.250757
-0.0142802
-0.346729
0.164329
0.0960998
-0.286598
-0.802064
0.0330034
-0.016912
-0.455572
-0.345281
0.0901128
0.531971
0.022015
-0.481762
-0.588128
0.192657
0.654434
-0.125054
0.167854
0.0932065
-0.397612
0.260581
0.0946405
0.163244
0.103203
0.136777
0.0771032
-0.0806198
0.534058
0.476823
-0.557577
0.514006
-0.399108
-0.169791
-0.0665312
0.0293856
-0.122655
0.0383868
0.204183
-0.127931
0.816544
-0.388328
-0.0505713
-0.23602
0.170849
-0.0198393
-0.166605
-0.285416
-0.0270421
-0.406523
0.0681378
-0.0952001
-0.027249
-0.449752
0.295213
-0.253936
0.0316909
0.0222385
0.0796689
0.172316
0.0736193
0.173583
-0.339232
-0.444268
-0.564852
0.0924146
-0.316856
-0.29892
-0.0216284
0.0938318
0.267867
0.187244
0.964111
-0.00336571
0.274152
-0.24012
0.315295
-0.432328
-0.0636985
-0.448479
0.480062
-0.145391
-0.170863
-0.32704
-0.00921427
-0.0280093
-0.11954
0.102696
0.512136
-0.0512136
-0.709075
-0.232764
0.425365
-0.32466
0.0148842
-0.182506
-0.165891
-0.278147
-0.425147
-0.360511
-0.407637
-0.168768
-0.274973
0.425801
-0.228278
0.075352
-0.121214
-0.0136575
0.771259
0.602634
-0.0147088
-0.152757
0.722994
0.729336
0.467973
0.225721
-0.206349
-0.0379253
-0.0682147
-0.00656126
0.179272
0.0978026
0.177161
0.300744
-0.536987
0.444483
-0.203639
0.047156
0.132101
0.210526
0.250831
-0.0172391
-0.198404
-0.272201
-0.182069
-0.347845
0.100655
0.202799
0.177416
0.235391
-0.0577153
0.14989
0.0794724
0.132097
-0.118755
0.643072
0.107569
-0.849155
0.0122592
0.073775
-0.591773
0.337356
-0.0606026
-0.276551
0.225014
-0.228149
0.542391
0.625467
0.372187
-0.206372
-0.331944
0.0611666
0.497473
0.162074
0.290802
-0.0757605
-0.109679
0.410863
0.079854
0.613447
0.0902174
-0.107339
0.136679
-0.256256
-0.0942282
0.13946
-0.172874
0.0970351
-0.388623
-0.11811
-0.352713
0.145681
0.376555
-0.00405033
-0.176409
-0.158933
0.0976949
-0.359117
0.479495
-0.0595236
0.222839
0.411994
-0.350043
0.224345
-0.281232
0.0503165
-0.344578
-0.118406
0.349981
-0.332267
-0.296419
0.294784
0.383148
-0.0513558
0.043984
-0.165192
0.247925
-0.0331515
0.23432
0.127126
-0.0258362
0.244
-0.374163
-0.315222
-0.104517
-0.159302
-0.375663
0.10929
-0.435051
0.266764
0.132447
0.0411326
-0.514566
-0.159932
-0.0636299
-0.213954
0.613149
-0.35146
-0.137505
0.237474
-0.162554
0.195637
0.103651
-0.660067
-0.295092
0.099606
0.398387
-0.809419
-0.504009
0.341992
0.307902
0.127719
-0.17671
-0.334101
-0.0118963
-0.42629
-0.138527
-0.217619
0.467313
0.0541651
0.0672554
-0.0619276
-0.465667
0.173158
-0.193279
-0.0308262
0.0509694
0.171038
0.714381
0.0166288
-0.258821
-0.199214
-0.111434
0.12959
-0.0786605
0.258911
0.0681932
0.400509
-0.20181
-0.0317499
0.0106163
0.119154
-0.385134
0.252362
-0.0631046
-0.134239
0.474127
0.078802
0.39295
0.478806
-0.0990094
-0.336348
0.196614
0.185796
-0.0852926
-0.113493
0.247013
-0.0800674
-0.101001
-0.358017
-0.685669
0.292852
0.0646803
-0.35654
-0.219173
-0.253193
-0.0436721
-0.168579
-0.404384
-0.357357
0.377032
-0.110685
0.290739
0.355503
0.463133
0.230699
0.422512
0.316854
0.0442231
0.174746
-0.374919
-0.0520604
0.16487
0.578814
0.402414
-0.0243039
-0.422198
0.568403
0.122319
-0.541015
-0.190147
0.556365
0.703328
0.214158
0.173637
0.149937
0.343012
0.313174
-0.102492
-0.0602831
-0.43911
0.0145318
0.0498298
-0.0940013
-0.411922
-0.232517
-0.184799
0.249281
0.209883
-0.524683
-0.254348
-0.0125758
-0.405397
0.402471
0.0328892
0.0354573
0.567836
0.535631
-0.159654
-0.296085
0.168842
0.138795
-0.0528164
0.359217
-0.254134
0.319376
-0.110977
-0.0355246
-0.227505
-0.197674
-0.114709
-0.174285
-0.0217629
0.508271
-0.444634
0.104682
-0.499745
-0.21012
0.302373
0.140828
0.172596
-0.00548216
-0.275986
-0.0961378
-0.211202
0.310685
-0.44491
0.347227
-0.662006
0.108304
0.377658
-0.185589
-0.570102
-0.320018
0.325197
-0.129606
0.605619
-0.463393
0.118383
-0.0780101
-0.0821926
-0.300477
-0.43724
-0.283728
-0.835845
-0.321415
-0.604022
0.228598
0.102806
-0.420171
0.347339
0.0474664
-0.128856
-0.375007
0.0848062
-0.0840753
0.516104
0.0123724
-0.19096
0.368169
-0.272804
-0.104942
-0.226531
-0.289594
-0.0214188
0.27944
0.0105533
-0.028073
0.142737
-0.339543
-0.015313
-0.220332
-0.088418
-0.407545
-0.0585568
0.43986
0.0491876
-0.249678
0.912997
0.168172
0.191261
0.326564
-0.0851583
-0.455881
0.144931
-0.0281292
-0.483328
-0.0323465
0.11648
-0.0385667
0.0586691
0.16897
0.189761
0.395299
-0.484669
-0.0585298
0.190724
0.300007
0.389425
0.236729
0.294698
-0.123096
0.26703
-0.338506
0.385358
-0.0401169
-0.218152
0.361459
-0.159351
-0.489691
-0.121452
-0.269867
0.0339144
-0.248735
-0.207341
0.0823648
0.85693
0.695827
-0.0268877
0.0993314
-0.341579
-0.0111261
-0.108917
-0.414392
-0.0714144
0.309027
0.24208
-0.194409
0.0643678
0.140782
0.336645
0.264756
-0.0441081
-0.00618385
0.185333
0.19747
-0.320892
-0.00157676
0.228899
0.459477
-0.063819
-0.530093
-0.314378
0.248214
0.0297931
0.0473033
0.176263
0.653684
-0.0517454
0.0146066
-0.00292453
-0.276092
0.203368
0.0090154
-0.0133352
0.618868
0.531778
0.924807
-0.0460109
0.610701
-0.0571894
0.411344
0.240205
-0.0448127
-0.412707
0.327517
0.122161
-0.248416
-0.0128892
0.210372
-0.514463
-0.00433507
-0.724469
0.298379
-0.449063
0.105755
-0.544901
0.396497
0.267989
0.147849
0.0211063
-0.0681289
-0.0782773
0.0455887
-0.566714
0.154991
-0.213324
0.162784
0.162771
-0.129038
0.549819
0.0825983
0.0265814
0.332389
0.298164
-0.192382
0.05552
-0.329278
-0.358962
-0.135728
-0.101272
0.0638705
0.511168
-0.1452
-0.379705
-0.663244
-0.00831704
-0.389506
-0.0177299
0.104012
-0.232546
-0.31214
0.149571
0.188478
-0.357066
0.490059
-0.0880308
0.127569
0.141479
0.434148
-0.473113
0.0985657
-0.102134
-0.252558
0.28497
-0.119349
-0.0805585
-0.0854288
-0.0387981
-0.757205
-0.278667
-0.0504225
-0.126626
-0.187352
-0.117811
-0.271623
-0.0572462
-0.217186
0.651251
0.388702
0.0608713
0.478095
-0.240989
0.0205815
-0.817836
-0.473874
-0.322335
0.0995593
-0.115671
-0.516576
0.383627
-0.339603
-0.466673
-0.18302
0.235851
-0.432097
0.405312
0.620261
0.0865823
-0.193039
0.0693343
-0.198106
-0.404811
0.317999
0.060818
-0.176771
0.397697
-0.145222
0.208914
-0.120681
-0.0200213
-0.289486
0.0873777
-0.341781
0.193226
-0.197106
0.397568
-0.336803
0.359712
0.180047
0.111466
-0.0585467
-0.264821
-0.198072
0.354616
-0.0610716
0.0739204
0.300991
-0.086246
-0.0619698
-0.399442
-0.291025
0.536285
-0.0389242
-0.0229283
0.195042
0.0598551
0.266922
-0.109286
-0.382464
-0.238038
-0.0451205
-0.261798
0.504125
-0.573467
0.219473
-0.210901
0.267545
0.081203
0.0690297
0.0922988
-0.244045
0.405517
0.169004
-0.0113684
0.00655078
-0.413894
0.473917
-0.195422
0.144169
-0.166698
0.22363
-0.0904024
-0.602741
-0.0681254
-0.352319
-0.185765
0.186297
-0.443398
-0.286476
-0.0415247
0.124091
0.251185
0.37764
-0.547947
0.331326
0.248261
0.0579504
0.314955
-0.247958
-0.0340868
0.030377
-0.44821
-0.252666
-0.657896
0.760945
-0.603373
-0.128054
0.216324
-0.459993
0.153934
0.364893
0.188885
-0.275879
-0.262921
0.113011
0.0720149
0.45874
0.613321
0.061881
-0.228203
-0.172999
-0.255606
0.533085
0.230728
0.186284
0.0948478
-0.325649
0.659371
-0.486239
0.36127
0.256327
-0.426979
0.206633
-0.0257092
0.00182395
0.428028
0.236285
-0.0422643
-0.150381
0.240358
-0.196073
-0.506672
-0.144454
0.0738443
0.832777
-0.10031
-0.0789145
0.525897
-0.349957
0.219463
-0.46175
-0.144473
-0.175299
-0.239288
0.345339
-0.149115
-0.104969
0.0587924
-0.099407
0.346146
-0.0464507
-0.29551
0.0063089
0.127277
-0.473783
-0.0243065
-0.313635
-0.0549431
0.141207
0.0585137
-0.164044
-0.120129
-0.0521022
-0.0716268
0.750229
0.333749
0.0829467
0.257363
0.0320853
0.0519476
0.271211
-0.554857
0.24619
-0.308623
-0.444143
0.15225
0.347559
0.0369747
-0.611231
-0.0756413
0.235536
-0.294705
0.383704
0.231427
-0.027081
0.0865753
0.11472
0.324323
-0.547803
-0.23022
0.363509
0.249012
0.257531
0.167755
-0.0573681
-0.116004
-0.252324
0.318326
-0.0688389
0.11449
-0.239443
-0.143586
0.83129
0.0750666
0.394669
0.152187
-0.0475425
0.462619
-0.484026
0.281334
-0.327172
0.256635
0.277728
-0.349741
0.286868
-0.474614
-0.223471
-0.0798946
0.116526
0.11531
-0.263189
-0.538031
-0.172383
0.186805
-0.328253
0.474951
0.355783
0.302276
-0.00169536
0.0660494
-0.100318
0.139079
-0.546662
-0.509108
-0.069737
-0.0712931
-0.167023
-0.391136
-0.271881
0.172625
-0.0301222
0.012892
-0.185606
0.184364
-0.614797
-0.351893
-0.0321067
-0.725776
-0.317599
0.0219364
-0.234866
-0.607074
0.155871
0.191209
0.446997
-0.154494
-0.0834354
-0.415453
-0.352283
0.211433
-0.138817
-0.331834
0.56154
-0.176464
-0.116761
0.575133
-0.0156076
0.480121
0.040524
0.384007
-0.283196
0.241861
0.478581
0.894875
0.227852
-0.0657299
0.0969063
-0.178515
0.0816409
0.305738
-0.0558231
-0.21538
0.229518
0.245295
0.16788
0.0498891
-0.151645
-0.14139
-0.393529
-0.20769
-0.343499
0.0860304
-0.461413
0.283444
0.309654
0.584678
-0.494171
-0.068407
0.0879835
-0.197713
0.956528
0.339763
-0.339173
-0.0540782
-0.330428
-0.406627
-0.31524
-0.0443449
-0.576004
0.208707
0.374795
-0.562105
-0.261708
-0.0949876
-0.475068
-0.528725
0.0465945
-0.169276
0.121081
0.199682
0.237203
0.200913
0.267798
0.545248
0.214401
-0.701834
-0.235879
-0.0107821
0.571794
0.398955
-0.169247
0.510697
0.0332011
-0.0840865
0.13596
0.0829148
0.269548
-0.419212
0.725346
0.0226938
0.219051
0.168027
-0.241613
0.308062
-0.552906
-0.0932331
0.258456
-0.0232673
0.145399
-0.716091
-0.296414
0.309566
0.0486791
-0.241995
0.345335
-0.141632
0.185724
0.186101
0.0568025
0.00249822
0.111371
-0.336186
-0.499545
0.278862
-0.215297
-0.248442
-0.104725
0.370276
0.14399
0.0802296
0.0367742
-0.0494327
0.329652
-0.109894
-0.489887
-0.324135
-0.311972
-0.511445
0.0434148
-0.0583133
0.443669
-0.308182
0.178818
-0.00690224
-0.0939126
0.133619
-0.460115
0.731559
0.0139525
-0.0141165
0.17618
-0.0801176
-0.150808
-0.289749
0.158881
0.247754
-0.171841
-0.172885
0.0987787
-0.0137829
0.242344
-0.111074
-0.173403
0.0235315
0.612484
0.26957
-0.0740689
0.329794
0.116713
-0.154787
-0.0796609
-0.342127
-0.0623746
-0.360992
0.517496
0.240373
-0.128757
0.315684
-0.0495102
-0.14253
0.397516
-0.3196
0.345505
0.211561
-0.0225697
0.0822957
-0.185433
0.536635
0.259003
0.155179
-0.181462
0.03101
-0.0938845
0.0820867
-0.0745988
0.251924
-0.222269
0.00588708
0.104117
0.224984
0.45563
-0.422793
0.638618
0.00121471
0.193842
-0.311057
-0.345155
-0.281414
-0.405349
0.102329
0.211131
0.170825
0.0363338
0.346031
0.265182
-0.324067
-0.038563
-0.116281
-0.441477
-0.485421
0.0213877
-0.295047
-0.0466445
0.282132
0.552555
-0.140109
0.080973
-0.179751
-0.425398
0.258388
0.152379
0.380008
0.00599979
0.420449
-0.482963
-0.688766
-0.18243
-0.129901
-0.0798541
0.187254
-0.111573
0.336197
0.160185
-0.179957
-0.71253
0.185952
0.422884
0.206228
0.116074
-0.0445202
0.100969
0.28564
-0.0803721
0.238228
-0.141627
0.500848
0.135757
-0.0143935
-0.169956
-0.451922
-0.117063
0.0509861
0.102904
-0.0493889
-0.0521789
0.659985
0.813933
0.147347
-0.107166
0.423629
0.220286
-0.165479
0.0295149
0.266136
-0.12665
0.508628
-0.00785602
0.258115
0.385865
-0.0255725
0.0579546
0.392285
-0.188174
0.53386
0.226421
-0.339181
0.449794
0.0208324
-0.073474
-0.58708
0.116757
0.253308
-0.0422417
-0.0412602
-0.0425566
-0.387113
0.37692
0.175553
0.592581
-0.110704
-0.00574779
0.502914
-0.124811
0.0195266
-0.0268651
0.44701
-0.148806
-0.0793027
-0.0129862
0.223511
0.0205674
-0.233796
0.331413
-0.346913
0.427389
-0.139948
-0.176631
0.13054
-0.499359
-0.050967
-0.380536
0.169423
-0.276193
-0.082108
0.0307436
-0.294346
0.254254
0.226092
0.0528663
-0.0844162
0.4985
0.211811
0.144218
0.409094
0.602694
0.205798
-0.253984
0.19145
-0.247188
-0.166879
-0.46483
-0.183705
-0.0284466
0.235842
-0.242958
-0.0755227
-0.500312
-0.381047
0.0162413
-0.0765924
-0.100021
-0.0685645
0.724848
-0.0878067
0.0676075
0.320052
-0.484737
-0.0140113
0.0210103
0.340347
0.253955
0.403784
0.153144
0.461097
-0.281043
-0.307391
0.0969239
0.267257
-0.429752
-0.362679
0.331635
-0.2757
0.173043
-0.265154
-0.62366
-0.660052
0.165935
-0.255542
0.58173
0.309014
-0.143339
-0.212585
0.378912
-0.0119799
-0.0667798
0.639083
-0.0468594
0.370115
-0.375149
0.18107
-0.197054
0.127052
-0.341176
-0.214017
-0.194422
0.323029
-0.050714
-0.128836
-0.299706
0.535881
0.264044
0.417862
0.0981304
-0.290847
0.0289896
-0.539819
0.337773
0.230415
0.335257
0.221678
0.0359352
0.00862195
-0.118947
0.536024
-0.364955
-0.236074
0.134697
0.437428
0.330396
0.0281454
0.238703
-0.161005
-0.120503
-0.182978
-0.333647
-0.427377
-0.0326423
0.377959
0.350362
-0.11244
-0.569805
-0.00677454
-0.394595
0.0321847
-0.0569785
0.346532
0.617942
0.0218823
0.136639
-0.0800016
0.322195
-0.222694
-0.353035
-0.212724
0.0834972
-0.501791
-0.0330246
0.333728
0.642693
-0.271417
-0.349751
0.0694721
-0.0772137
0.221093
0.178896
-0.146729
-0.067844
-0.120885
-0.0599062
-0.142693
-0.290177
0.39741
-0.421566
0.0439508
-0.16003
-0.142622
0.159696
0.47723
-0.397454
0.364908
-0.277341
0.0906211
0.241946
0.0991576
0.238709
0.0891669
-0.542849
-0.312853
0.537818
0.283081
0.228102
-0.0531748
-0.0300368
-0.0221715
0.230634
-0.910762
-0.200871
0.157015
-0.422076
-0.0531899
-0.269429
0.200611
0.298451
-0.544525
-0.0229084
-0.313185
-0.260782
-0.0867971
-0.0658467
0.206238
0.310742
0.361007
-0.141213
-0.507734
0.210899
-0.000382494
-0.0811499
0.148029
0.237645
0.271369
-0.143157
0.0252431
0.348425
-0.187826
-0.0708999
-0.479393
-0.593144
0.287644
0.174872
0.0495461
0.407765
0.404494
0.0383566
-0.131604
-0.299626
-0.0469881
0.468513
-0.925417
-0.362527
0.17456
-0.0112507
-0.271728
-0.324798
0.490575
0.285925
-0.258018
0.403918
-0.0134182
-0.250807
0.279247
-0.109689
0.271577
-0.293967
-0.603174
-0.381956
0.352636
-0.156157
-0.135739
-0.239205
-0.520063
0.344954
-0.112001
0.213275
-0.352975
-0.740153
0.330867
-0.124505
0.380278
-0.126324
-0.111173
0.194967
-0.128122
-0.370471
-0.0869862
0.0123996
0.305672
-0.308712
-0.527597
-0.0352997
-0.207979
0.239996
0.513978
-0.50538
0.288521
0.200073
0.0219971
0.0636314
-0.244238
-0.424783
0.331989
0.0468148
0.370716
0.283547
0.0832683
-0.156196
0.0282686
-0.306871
0.0811651
0.0595147
0.167998
0.0334016
0.1748
-0.255806
0.175391
-0.375846
-0.368668
-0.503351
-0.0938457
-0.624871
-0.201816
0.0465568
-0.0688789
-0.133515
0.136089
0.272232
0.429165
0.656875
0.330867
0.241614
0.226523
0.121943
0.405816
0.388029
-0.573403
-0.156021
-0.235572
-0.152512
0.268438
0.00212601
-0.394804
-0.0602536
-0.482341
-0.265975
0.78741
0.371999
0.712596
0.666532
-0.217106
0.120979
0.206018
0.0349075
0.132766
0.0965938
0.231514
0.503955
0.362872
0.0462847
-0.860473
-0.183155
0.370575
-0.166228
0.367571
-0.308397
0.771623
-0.356189
0.516781
-0.0729117
-0.564539
0.184058
0.253933
0.252296
0.0548241
-0.033157
0.477612
-0.031887
0.00667303
0.237893
-0.225557
0.26817
0.301979
-0.362779
-0.295062
0.0635113
0.0372357
0.207596
0.167472
0.385318
-0.451526
0.177898
-0.352709
-0.315379
-0.248257
0.156854
0.378524
0.178287
-0.119112
-0.0692795
-0.411844
-0.106392
0.0670925
0.277937
0.502572
-0.142122
-0.0427424
0.0940956
0.0440845
0.707245
-0.544637
0.313709
0.315676
-0.212704
-0.0374355
0.249997
0.275384
0.0322201
0.0911882
0.0521581
-0.347712
-0.539678
0.522781
-0.465947
-0.335134
0.108471
0.182154
-0.464023
0.221422
0.550862
-0.0252986
0.20281
-0.296112
-0.0897175
0.225641
0.263639
-0.628478
-0.634454
0.166589
0.0872485
-0.308158
-0.110961
0.423753
-0.226713
0.255997
-0.368157
0.490351
0.101333
0.0399674
0.593249
-0.00169359
-0.183368
0.0174273
0.233776
-0.126363
0.669847
0.279855
-0.117647
0.0967342
0.242075
0.46734
0.652732
-0.460565
0.458212
-0.0289774
0.158765
0.0599611
-0.0268926
-0.0102126
-0.255695
-0.139513
0.183717
-0.195049
-0.453414
0.833651
0.265773
0.392089
-0.11505
-0.412271
-0.0891321
-0.429738
0.11471
-0.0939325
0.00265489
0.683257
0.237456
0.245698
-0.226243
0.151714
-0.0563001
0.14453
-0.137979
0.00800632
0.247567
-0.194565
0.176626
0.503296
0.25314
0.206842
-0.420541
-0.0478976
-0.266805
0.0844188
-0.0174064
-0.00737694
-0.0702911
-0.275606
-0.116234
-0.237097
0.486835
-0.0166148
-0.0293379
-0.53249
0.24419
-0.647597
0.34444
0.333914
0.122544
0.0909432
0.253
-0.255981
-0.14896
0.00574745
-0.278436
0.019271
-0.363892
-0.00335556
0.198068
0.0482258
-0.011528
-0.160665
-0.107238
-0.0412359
0.157472
0.0456455
0.154208
0.530291
-0.53751
-0.450732
-0.323605
-0.20661
-0.574247
-0.14831
0.49405
-0.538369
-0.158377
-0.377067
-0.332442
-0.223321
0.0558761
-0.0553807
0.148131
-0.00769596
-0.0469967
-0.160635
0.41281
-0.0606029
-0.107085
-0.35964
0.0568527
0.0957131
0.101907
-0.320281
0.701808
-0.199314
0.0283097
-0.120764
0.275284
-0.088964
-0.00811623
-0.0326624
-0.00437873
0.387175
0.055383
0.0791502
-0.129544
0.753493
0.0840474
0.313471
0.275874
0.144582
-0.199862
-0.0927585
0.157922
0.00143758
0.21559
0.449723
0.542181
0.103897
0.645799
-0.107721
-0.375662
0.737154
-0.287981
-0.1912
-0.47456
0.183353
0.0767226
-0.247145
0.00946504
-0.830995
-0.0432895
0.101378
-0.112742
-0.176445
0.0893177
-0.24869
-0.492095
-0.0633625
0.15695
0.700585
0.0246738
-0.594424
0.167182
-0.133664
0.254918
-0.0364362
0.619053
0.0753745
0.164324
-0.24039
0.433169
-0.0787309
0.467582
-0.0992235
-0.191776
0.125003
-0.304121
0.140567
0.291218
0.301359
0.110015
-0.502476
0.0938732
-0.135775
-0.0192188
0.291625
-0.66689
0.0803634
0.516018
0.120103
-0.0174349
-0.0840138
-0.460032
0.398816
0.0755044
0.171715
-0.378015
-0.18446
0.435182
0.521553
-0.256727
-0.284338
0.285502
0.0543984
0.0173724
-0.163771
0.352768
-0.268097
0.18856
-0.249313
-0.723307
-0.0107543
0.192094
0.178918
-0.306123
0.043804
-0.146953
-0.00855861
-0.252471
-0.328961
0.334725
0.0287658
-0.106047
-0.249669
0.00873865
-0.163367
-0.0336072
-0.600761
-0.77565
-0.0529789
0.0585408
0.177087
-0.196354
-0.17419
-0.32436
-0.412656
-0.149799
0.263946
0.0611005
-0.0144921
-0.567979
-0.200901
0.0828381
-0.770836
-0.242099
0.023567
0.467902
0.211723
0.186036
-0.0890308
0.0391975
0.303407
-0.362065
-0.283253
-0.44355
-0.0815151
0.265016
0.0138631
0.149106
0.231613
-0.449657
0.217612
0.0892538
-0.347183
-0.0334101
0.370541
0.0463065
-0.25461
-0.361616
0.678673
0.169956
0.0754953
-0.491404
0.533819
0.723634
-0.162993
-0.0525438
-0.0585493
-0.126079
0.0938154
0.0370588
0.246287
-0.341972
0.464089
-0.104824
-0.0247196
0.185049
0.240241
0.188799
-0.123948
0.372655
-0.0879017
0.192726
0.358285
-0.0667838
-0.372536
-0.0239921
0.382103
0.00273471
0.520826
-0.576613
-0.0818124
-0.139892
0.578425
0.46769
-0.389697
0.204744
0.0425659
0.0119704
0.197437
0.0160869
0.077546
-0.298217
-0.301371
0.207622
-0.342915
0.217219
-0.207669
-0.175703
-0.0800824
0.327379
0.271175
-0.0104027
0.6498
0.150792
-0.564245
0.308631
-0.539968
0.0254617
0.0803988
-0.660941
0.118803
0.05791
-0.0726925
0.146454
-0.00584761
-0.0420227
-0.168721
0.410527
0.114263
-0.081091
0.0114465
-0.616432
-0.105932
0.211883
0.455209
0.355164
-0.0916378
0.148396
0.16526
0.38094
-0.161067
-0.151514
-0.740856
-0.0415618
-0.0363137
0.482541
0.208102
0.165322
-0.0689474
-0.575262
0.0469015
0.0331529
0.14377
0.510646
0.0790821
0.00918408
-0.202738
-0.263524
-0.152882
0.0123034
-0.117765
0.25777
-0.0650187
-0.628381
0.652133
-0.158868
0.53076
-0.0784705
0.331237
0.23147
-0.418554
0.174508
-0.0547931
-0.311264
-0.287734
-0.0400955
-0.338461
0.173827
-0.113612
0.389489
-0.40499
0.198801
0.198953
0.178684
0.101389
0.138858
0.395258
-0.0652161
-0.209348
-0.0371591
0.398448
-0.37097
0.373799
-0.294505
0.560016
0.1815
-0.345989
0.0347807
0.351106
-0.499651
-0.478947
-0.0363892
0.299918
0.60602
-0.420673
0.0485249
-0.496543
0.31109
-0.750653
-0.314604
-0.216339
-0.352039
-0.166557
0.398897
-0.304587
-0.12308
-0.38914
-0.78315
-0.0462676
-0.0573388
0.256314
0.481428
-0.072482
0.359841
0.385715
0.419211
0.609357
-0.169776
0.198584
-0.0306651
-0.395924
-0.0768172
-0.40855
0.0413741
-0.25491
-0.0668625
-0.197512
-0.365816
0.344232
0.0927661
0.0860045
-0.273712
0.0679893
0.409146
-0.260441
-0.6398
0.197838
0.242806
-0.248499
-0.0671736
0.0756244
-0.0729504
0.0341406
0.140658
0.246864
0.00364616
-0.722721
0.233985
0.223742
-0.38761
-0.0125087
-0.0801638
-0.132115
0.22739
0.165993
1.04373
0.122729
0.150034
-0.371401
-0.523398
0.0318198
-0.0144692
0.0900679
0.242052
-0.414072
0.109315
-0.0363229
0.118294
0.231938
0.381804
0.0557116
-0.0132173
-0.378758
0.259434
0.0757971
0.153184
-0.222379
-0.219037
0.0793006
-0.186536
0.60237
-0.0147465
0.257209
-0.380228
0.486141
-0.290612
-0.0598926
0.150868
0.0308045
0.511534
-0.470413
-0.0762631
0.282377
-0.0914572
0.142016
0.48356
0.161431
0.0510818
0.27076
0.218638
-0.337045
0.0207057
0.0336007
-0.109043
0.0974197
-0.0945196
0.0301071
-0.314826
-0.587061
-0.347948
-0.125763
-0.282992
-0.0703229
0.0389867
0.133939
-0.402519
0.243654
0.26593
-0.117607
0.451017
-0.176932
0.204571
-0.891309
0.202536
0.205784
-0.487326
-0.0321895
0.310358
-0.224355
-0.619394
-0.381902
-0.395353
0.0650805
-0.100529
0.155958
0.452072
0.490611
-0.0328109
0.227543
-0.18044
0.0149819
0.0435208
-0.168996
0.540241
0.301222
-0.292416
-0.594752
0.166491
0.0599667
-0.383209
0.0427463
0.439881
0.0454556
-0.403923
0.0667281
0.046557
0.139431
-0.140179
-0.0959718
-0.313925
0.0754654
0.203334
0.317102
0.551503
0.277583
-0.438405
0.326776
0.0172065
0.33707
0.100324
0.698123
-0.142752
0.748672
0.481528
0.0810196
0.126874
0.254221
0.465557
0.108527
-0.107583
-0.157013
-0.25498
-0.240206
-0.0812445
0.167298
0.0827598
0.256398
-0.25057
0.0782165
0.814212
0.114638
-0.103227
0.654797
-0.233863
-0.153693
0.111046
-0.777843
0.235046
-0.504285
-0.191769
-0.183067
-0.248358
0.762472
0.0443382
-0.117048
-0.345732
0.12766
-0.057664
0.0873971
0.0305008
-0.408987
-0.128306
0.176038
0.185238
-0.332641
0.242017
0.394856
0.113128
0.231245
0.492429
-0.278966
0.207221
-0.132189
-0.361502
-0.00508032
-0.0730788
0.189045
-0.2755
-0.366318
-0.0858425
-0.348607
0.299746
-0.109369
-0.346851
-0.740201
-0.0332193
0.0925958
-0.0703306
-0.777616
-0.369465
0.503471
-0.136795
0.611697
-0.0427149
-0.0301058
0.154112
-0.453336
0.239779
-0.413342
-0.390326
-0.423935
0.289875
0.0210417
-0.0455352
-0.216981
-0.137543
-0.287751
-0.352553
-0.0695013
0.271647
0.164202
-0.214726
0.313661
-0.503993
-0.127771
-0.256068
-0.169244
-0.0199427
0.0224603
0.0402052
-0.452606
0.0191285
0.232059
-0.152643
-0.241299
0.424228
-0.380622
-0.0356182
0.325804
0.180136
0.0284129
0.305551
0.150188
0.786256
-0.263865
0.0605562
0.560293
-0.356389
-0.348447
0.303075
-0.128631
-0.272313
-0.694173
0.0999546
0.618575
-0.349685
-0.0065543
0.0143163
-0.177932
-0.522164
0.208899
-0.571435
0.333442
0.0471226
0.0218051
-0.657917
-0.252765
0.381402
0.537454
0.262494
0.013718
-0.335757
0.278268
-0.0696415
-0.196227
0.0107301
-0.0112089
0.741542
-0.123546
0.141379
-0.301546
0.171691
-0.0434889
-0.398467
0.0515546
-0.400546
-0.328296
-0.0577947
-0.201229
-0.136505
0.064154
-0.338128
-0.289228
-0.370395
0.0144281
0.202917
0.183117
-0.105629
0.349208
0.000597701
0.0265447
0.0643843
0.407054
-0.037543
0.0241132
-0.0223994
0.461046
0.479157
0.0296052
-0.0130079
0.0330226
-0.0963786
-0.312784
-0.274452
-0.148829
0.300092
0.225996
0.162589
0.720256
0.670624
-0.17696
0.198242
0.276968
-0.118089
0.542945
-0.197191
0.167049
0.00664472
-0.404407
0.241995
-0.106216
0.229888
-0.0882948
-0.0241196
-0.0968189
0.297574
0.229258
0.474594
-0.242197
0.665681
0.553335
-0.286007
0.465372
-0.462955
0.181682
-0.156219
0.810718
-0.434954
-0.736586
0.324776
-0.456629
0.0256126
-0.365196
-0.166755
-0.311428
-0.408448
-0.360058
0.239986
-0.212811
0.367942
-0.212035
-0.223026
-0.288031
0.184708
0.250469
0.00521656
0.308756
0.129241
0.666495
0.0701972
0.101888
-0.258661
-0.159249
0.0817419
0.0224323
-0.27624
-0.698706
0.384445
0.255012
-0.0927214
-0.0860988
0.195251
0.230254
0.560807
0.199324
-0.156224
0.653557
0.137849
0.0426722
0.184789
0.0641369
-0.525037
-0.191932
0.615005
-0.100495
-0.0875261
0.609143
-0.0616925
-0.580396
0.450287
0.269032
-0.139767
0.131083
0.4461
0.284766
0.0639466
-0.0993721
0.23949
-0.254856
-0.0740754
0.395725
0.159001
0.347644
0.341528
-0.568968
0.0402461
0.725127
-0.360973
0.243114
0.0465503
-0.56314
-0.218367
-0.328926
-0.611495
0.410062
0.0660712
-0.00921074
-0.387094
-0.660691
0.228061
0.120514
-0.0893208
-0.592346
-0.105721
-0.372249
0.0995263
-0.0824434
0.274467
0.171668
0.0676779
0.0762835
0.258096
0.332166
0.157967
0.332934
0.375104
0.178153
0.127289
0.201573
-0.423746
0.227468
0.178901
-0.286422
-0.0573509
-0.243581
0.519683
0.427278
0.11798
-0.0687026
0.00749252
-0.159151
0.336915
0.412475
-0.144478
-0.202858
0.163848
0.285681
-0.130196
-0.263641
-0.206933
0.364884
-0.315368
-0.120495
0.0744626
-0.567582
0.112087
-0.205558
0.72431
0.179505
-0.377934
-0.36847
0.225029
-0.0666511
0.0859795
-0.316309
-0.965574
-0.381356
0.0223116
0.678879
0.0557148
-0.00937992
-0.64911
0.285343
0.221402
0.506846
0.0816618
0.0957154
0.161708
-0.0715219
0.17826
0.195364
0.100019
0.0088209
0.130552
0.0881654
-0.0222774
-0.603386
0.129543
0.409174
0.0460811
-0.531242
0.162819
-0.54047
0.0694008
-0.221882
-0.0212579
-0.558175
0.41898
0.378413
0.266821
0.536678
0.327876
0.058016
0.459835
-0.200056
-0.518445
-0.036227
-0.111204
0.430221
0.135596
-0.154198
0.237813
-0.322866
-0.271681
0.767699
0.273045
-0.0904918
-0.379223
0.0973373
-0.196546
0.0943766
0.563821
0.27591
0.15413
-0.241888
-0.332338
0.0933305
0.303911
-0.0313215
-0.606331
0.326198
-0.0554609
-0.300392
0.0779877
0.00786701
-0.0346716
-0.246343
0.214989
-0.308515
-0.357819
-0.08349
0.016605
0.156613
-0.0129509
-0.275211
0.789357
0.0717191
0.277729
-0.354405
-0.0624351
-0.19899
0.44127
0.0331116
0.0694896
0.159126
0.349872
0.514041
-0.529546
0.324037
0.125358
0.0162326
0.396481
-0.450416
0.233137
0.1866
0.350666
0.373268
0.528305
-0.068252
0.0449989
-0.108748
0.092736
0.40362
0.392065
-0.788814
-0.424365
-0.128324
0.439157
0.0344563
-0.171167
0.139798
-0.335556
-0.216735
0.0140811
0.172768
-0.212163
0.0962997
-0.373228
0.270339
0.119557
-0.653813
0.603779
-0.27366
-0.00155893
0.222866
-0.0634024
-0.0721916
-0.140683
0.55206
-0.0589188
0.433056
-0.0978747
-0.38654
0.290451
0.0376308
-0.332288
0.241641
0.729197
0.326183
-0.1575
-0.0111061
0.00805091
-0.281464
0.146687
0.555175
0.437751
-0.0676598
0.333097
0.141967
-0.508999
-0.146577
0.0125985
-0.106168
-0.179998
0.191188
-0.119985
0.499009
-0.262377
-0.050036
-0.0427051
-0.250846
0.38697
0.275119
0.0206665
-0.593264
-0.0146316
-0.153855
0.352975
-0.325189
0.141313
-0.0161854
0.264117
-0.398176
0.137763
-0.608492
-0.115434
0.0532903
-0.5287
0.429244
0.251964
-0.208222
0.155409
-0.222064
0.370043
0.815351
-0.487948
0.0921972
-0.512619
0.259895
-0.114778
0.121905
-0.0352536
-0.224844
0.316325
0.51281
-0.0462321
-0.369751
-0.532281
0.104347
-0.456697
0.150601
0.631159
-0.0548813
-0.359379
-0.336331
-0.1461
-0.0607062
-0.253987
-0.468886
-0.113314
-0.0593789
-0.221637
0.714528
0.175247
-0.602507
-0.151947
0.0653769
0.0163496
0.476519
0.472784
0.137008
0.341322
0.0955616
0.0481391
-0.0140825
0.314673
0.156627
0.640802
0.215279
0.230331
0.248395
0.0510965
0.133605
0.14645
0.131279
0.225627
0.338338
-0.173373
-0.136195
0.0667169
-0.125263
0.349131
-0.017755
-0.0398255
0.0713185
-0.324139
0.582654
0.0662002
-0.0348626
-0.246978
0.275028
-0.310348
-0.421991
0.241051
-0.124105
0.500604
-0.0501073
0.245964
0.345013
-0.253536
0.505266
-0.337501
0.0668251
0.232798
0.466822
-0.409153
0.22423
0.503098
0.324438
0.165377
0.0426911
0.20815
0.0156978
0.112906
-0.251394
0.205221
0.544292
-0.0142777
0.175154
-0.0636058
-0.0371391
0.0949634
0.00926177
-0.345825
0.354504
0.0849465
0.316309
0.577655
0.112423
0.120375
-0.36627
0.599411
-0.331811
-0.131111
0.191309
0.0293388
-0.158358
-0.27864
0.357986
-0.225632
0.589271
-0.205392
0.972815
0.00643715
0.275044
0.208415
0.723633
-0.193699
-0.437515
-0.0721407
-0.322684
0.374501
0.20818
0.0163445
0.0324997
0.0106793
0.623293
-0.134071
0.0928039
-0.681796
-0.351146
-0.19664
-0.78847
0.654349
-0.222207
0.43407
0.412275
0.0768034
-0.553072
0.023558
0.321681
0.27454
0.134905
0.14352
0.13538
0.0420336
0.197161
0.0564198
0.0398844
-0.119314
0.300287
0.00477608
-0.0796104
-0.053809
0.368489
0.26391
0.567868
-0.138534
0.104145
-0.31461
-0.218102
-0.0821096
0.129928
-0.0785027
-0.156792
0.115729
-0.161606
-0.123408
-0.239202
-0.490727
0.452701
-0.456336
0.449231
0.621065
-0.602906
-0.420591
0.495265
0.103227
-0.35397
0.167995
-0.00200596
-0.246939
0.434436
-0.220703
0.254686
0.112202
-0.0830147
0.111646
0.145007
0.0707043
-0.15743
-0.292754
0.0394128
0.401064
-0.21022
0.290509
-0.112377
-0.0530994
-0.116544
-1.02751
0.0296816
0.631809
-0.517034
0.246098
0.0273378
-0.251686
0.141747
-0.208048
0.236335
0.389336
0.0504536
-0.112651
0.138059
0.023713
-0.0686816
-0.612488
0.383212
-0.332082
0.0886235
0.0828765
-0.232901
0.199731
0.150107
-0.0792694
0.37429
0.426644
0.110595
0.13173
0.0398235
0.610935
-0.0155594
-0.534451
0.344872
-0.14994
0.296235
0.748448
0.121995
0.161663
-0.0758578
-0.401123
-0.103494
0.23633
-0.0141691
0.2151
0.203068
-0.0371321
0.334762
-0.0633771
-0.050623
0.182591
0.70274
0.0779853
0.237819
0.0354571
0.223597
0.167744
-0.283965
-0.173183
-0.214576
-0.141048
-0.478418
-0.0576706
-0.301665
-0.566079
-0.61428
-0.234283
-0.316267
-0.231304
-0.0223954
-0.426909
-0.1384
-0.046029
-0.0381937
0.140505
-0.248377
-0.0237636
0.328827
-0.276038
-0.508623
0.0912707
0.270794
-0.0966379
0.231249
-0.332821
0.343972
0.240101
0.0513674
-0.335274
0.00112444
0.117584
0.194326
0.225622
0.124382
0.468991
0.142018
0.216334
0.131842
0.0331514
0.185962
0.13582
0.399823
0.505001
0.362408
-0.429583
-0.0800749
0.0527476
-0.0101003
0.0724714
0.0601177
-0.24279
-0.357809
0.469965
0.176936
0.0218631
0.126277
-0.0813114
-0.0313842
0.263287
0.109731
-0.0436685
-0.00476399
-0.133194
-0.224447
-0.126207
0.410458
-0.0863203
0.357604
0.510303
0.435096
-0.346524
0.167359
0.326321
-0.494033
-0.0972098
-0.291889
0.333519
-0.184822
0.447066
-0.128281
0.0819454
0.381408
0.350763
0.0273485
0.0229999
-0.404439
-0.399381
0.390081
-0.572101
0.230366
0.176265
0.0190015
-0.173405
0.230069
-0.136369
-0.0776166
0.294356
-0.19438
0.0355619
0.132299
0.00490562
-0.269742
0.618813
-0.0571164
0.326368
-0.0145037
0.0591777
0.296424
-0.207146
-0.325095
-0.215983
-0.007855
-0.284206
0.0494941
0.15489
0.0994041
-0.0428705
-0.133728
0.118579
-0.127188
-0.4613
-0.187299
0.603959
-0.110299
-0.0409112
-0.32059
-0.564675
-0.157958
0.868449
-0.38424
-0.215784
-0.702411
-0.116554
-0.156216
-0.779361
-0.0205267
-0.0840003
-0.160467
-0.0455265
0.473212
-0.720928
0.265229
-0.188859
-0.0170709
-0.221734
-0.655076
-0.132861
0.0814881
0.299704
-0.556128
0.471951
0.108379
-0.114195
-0.252995
-0.0431652
0.0969029
-0.417212
-0.479608
-0.655979
0.491512
0.0818185
0.434731
0.913371
-0.0471318
-0.0285819
-0.0325571
0.76129
0.0831289
-0.302825
-0.359051
-0.295434
-0.0900763
0.250389
-0.307698
-0.202617
0.310217
0.133122
-0.309894
0.375656
-0.0376448
0.331314
0.553769
0.0649631
-0.54705
0.143776
-0.244444
-0.382714
-0.150627
-0.389679
-0.0361506
-0.182561
-0.23446
0.0512925
-0.201184
-0.649045
-0.35681
-0.24026
-0.347835
-0.299062
0.242227
0.294707
-0.0971127
-0.119578
0.365501
-0.292488
-0.226268
-0.0451596
0.0297927
-0.208218
-0.00549051
0.112292
0.253305
-0.0827863
-0.467914
-0.431133
-0.4927
0.625954
0.229014
0.641502
0.0745095
0.565064
0.177486
0.343749
0.199413
-0.396374
0.151863
-0.13798
0.338282
-0.212317
0.299214
-0.0438674
-0.0418924
0.0182164
-0.01368
0.0290118
-0.0525445
0.0238373
0.511822
-0.646819
-0.475342
0.0209784
0.198879
-0.197852
-0.0792143
0.0780848
-0.242219
0.624987
0.321573
-0.0347782
0.093161
-0.032622
-0.354501
-0.40244
-0.294693
-0.0886756
-0.00129504
0.254732
0.379647
0.113082
0.0603973
0.468121
0.537765
0.206775
0.18298
-0.0676619
-0.205524
-0.816077
-0.590789
0.130907
0.172921
0.0384843
-0.253863
0.133351
0.0899599
0.28067
0.10901
-0.295327
0.0619647
-0.124668
-0.214279
-0.344023
0.0138169
0.117913
-0.151967
-0.274375
0.159134
-0.70719
-0.121189
-0.325768
-0.271237
-0.0578918
-0.156973
0.0934855
0.299597
-0.00613734
-0.546982
0.162141
-0.342675
-0.688104
-0.0704207
0.552499
0.18375
-0.282593
-0.193932
0.492094
0.302411
0.194223
0.540201
0.484335
0.220076
0.155578
-0.133784
0.0737395
0.0336196
0.18361
-0.830079
0.253269
-0.74948
-0.393778
-0.179919
-0.224822
0.285945
-0.376414
0.312083
0.503151
0.317256
0.234897
0.243676
0.0795893
0.23812
0.217476
-0.121606
0.343073
0.110832
0.17004
-0.831782
0.166977
0.147935
0.202279
-0.0615812
0.487071
-0.266543
0.532393
0.345529
-0.481843
-0.32558
0.560433
-0.153269
-0.082427
-0.335381
0.112771
0.105362
-0.0919672
0.49768
0.257617
0.0678456
0.292227
0.397359
0.120095
0.104529
-0.165569
-0.0198767
-0.137208
0.165414
-0.121517
0.137485
0.344911
0.286489
-0.146912
0.245467
0.444345
0.00605344
-0.560612
0.209037
0.712903
0.203153
-0.219468
0.466175
0.194748
-0.419489
0.25815
0.392253
-0.256536
0.00317729
-0.294772
-0.286981
0.483408
-0.182538
0.0779175
0.242408
-0.0332095
0.480315
-0.193459
-0.219032
0.0948191
0.0383063
0.0144259
-0.264953
0.225305
0.0980937
0.738726
0.322558
0.199923
-0.452821
0.209452
-0.314005
-0.172765
-0.312821
0.331314
-0.257707
-0.173903
-0.688323
0.0486559
0.0884031
-0.40265
0.0143007
0.165285
0.315023
-0.363558
-0.0327613
0.481411
-0.127541
-0.252529
0.164396
-0.157029
-0.11329
0.173347
-0.163813
-0.469159
-0.287881
-0.859731
0.594803
0.452335
-0.09138
-0.243987
0.184603
0.419674
0.414506
0.0454902
-0.056208
-0.160385
0.19131
-0.358337
-0.389421
-0.384341
0.0761156
0.636239
-0.0783385
-0.178836
-0.107058
-0.254249
0.850575
-0.122311
-0.127371
0.292129
0.204905
0.238203
-0.105648
0.554634
0.276976
0.0311299
0.180276
0.437488
0.609319
-0.906375
-0.218809
-0.348558
0.460703
-0.345838
-0.216136
0.423296
-0.361161
0.191935
0.0479919
0.340729
-0.0445981
0.150043
-0.520173
0.0319128
0.563187
-0.0185786
0.362279
0.0135463
-0.123033
-0.0255442
-0.0179961
0.306447
-0.203847
0.181146
0.605704
0.126409
0.738755
0.290297
-0.242953
0.0629118
-0.4233
-0.342687
-0.0072608
-0.344988
-0.0157505
-0.135458
-0.568452
-0.544105
-0.336949
-0.106241
0.459406
0.0491487
0.241447
0.0664226
-0.505248
-0.31446
0.0765904
0.189559
0.0450699
0.391555
-0.625159
0.323106
0.0323015
0.153361
-0.141038
0.370154
0.151643
-0.127481
-0.191296
0.195059
0.131092
0.647499
0.202568
0.0438499
0.146933
-0.379336
-0.224434
0.143175
0.118038
0.0268176
-0.399386
0.131172
0.611496
-0.145834
-0.205759
0.407799
-0.510568
0.138896
0.478208
-0.282424
-0.0941971
-0.331032
0.203008
-0.00356895
-0.385704
0.318533
-0.0333922
0.349076
0.110699
-0.243266
-0.312615
0.0400057
0.0886186
-0.306495
0.593774
-0.250305
-0.150477
0.303071
0.493452
0.39076
-0.266794
-0.385407
0.540074
-0.0478518
-0.309511
0.465983
-0.410011
0.208885
0.146977
0.535566
-0.112547
0.37543
0.0240281
0.0661219
-0.302083
-0.0159112
-0.124187
0.108274
0.0132476
-0.344776
-0.160181
0.475057
0.128122
-0.070477
-0.0875647
-0.106261
0.352287
0.0285473
0.358834
0.0880956
-0.110335
0.0706281
-0.167106
-0.0938624
-0.0134849
0.407874
0.374795
0.335412
-0.125247
-0.142862
0.109787
0.106029
-0.737463
0.542308
0.339431
0.138703
-0.194391
0.0952189
-0.252608
0.282356
0.27152
-0.710495
0.386927
-0.0351953
-0.302654
-0.12563
0.146034
0.305783
-0.147872
0.0537376
-0.134774
0.0134321
-0.252351
-0.230463
0.246678
-0.323256
0.102587
-0.330246
-0.606196
0.0582875
-0.0410734
0.0554798
-0.336253
-0.253077
0.226621
0.0682224
-0.259026
-0.0973303
-0.129304
0.173995
-0.678967
-0.127331
-0.609678
-0.257457
-0.262474
-0.256694
-0.391958
0.0186352
0.611594
0.141186
-0.120148
-0.153088
-0.459416
0.0663885
-0.343993
-0.28248
0.0490751
0.207586
0.25415
0.0462628
0.175722
0.161831
-0.038438
-0.143403
-0.455475
0.266339
0.265025
-0.087181
-0.159914
0.4932
0.0740124
0.40509
0.022251
0.190137
0.324791
0.281411
0.110509
0.0579403
0.402062
-0.0202313
0.766562
0.0601734
0.017133
-0.187156
-0.92372
-0.0847109
0.661865
-0.163802
-0.410748
-0.43195
-0.579438
0.476329
-0.0456008
0.44344
-0.203484
-0.336425
-0.00652523
-0.0953602
0.135399
0.47204
-0.405295
-0.296264
0.18937
0.27674
0.0743984
0.295708
0.0894701
-0.231546
-0.365734
-0.534677
0.0303991
0.120784
-0.0225667
0.300003
-0.76048
-0.0889001
-0.0247481
0.0536631
0.168737
0.37927
-0.0148274
-0.00729287
0.274646
0.137508
-0.0846002
-0.3455
0.349711
0.0885939
-0.0877607
0.146076
0.311353
-0.295571
-0.00155078
-0.0915343
-0.504615
-0.38236
-0.200644
-0.565886
-0.356136
-0.191582
0.663167
-0.126491
0.180491
-0.692031
0.121313
-0.657087
0.169962
-0.201468
0.27652
0.00821256
0.352875
-0.237092
-0.177185
-0.00536882
-0.251965
-0.0487947
0.162209
0.303577
0.114423
0.165953
-0.182395
0.0557233
0.22502
-0.133732
0.35905
-0.333589
0.320214
0.22403
0.261113
-0.0973612
-0.132297
0.0905272
-0.114078
-0.0907391
0.295946
0.218313
0.126695
0.0532315
0.0112813
0.230983
-0.147483
-0.271307
-0.231389
0.242283
-0.771292
0.819972
-0.263271
0.0216797
0.0627967
0.0734916
0.467333
0.00558306
-0.401994
0.326008
-0.179043
-0.104874
-0.0987677
-0.03172
-0.181696
-0.241888
0.247535
-0.0631321
-0.231342
-0.192701
0.217281
-0.0314998
-1.11105
0.056752
0.304961
-0.0220309
-0.124821
-0.385557
0.114505
0.331979
-0.201884
0.46441
0.390169
-0.268603
-0.482524
-0.694253
0.142468
0.512724
-0.0995854
-0.440956
0.00869364
0.1533
0.365392
0.00429586
0.0086118
0.178236
-0.220928
-0.236503
0.306577
0.386105
-0.0271223
0.396924
-0.613698
0.238461
0.0982769
0.275004
-0.490759
-0.138542
0.365539
0.680031
0.0285548
-0.503303
0.0141196
0.611577
0.442593
0.502085
-0.35722
0.148593
0.13072
0.127667
0.319274
-0.0905305
-0.629868
0.470292
0.53175
-0.0199285
-0.738729
0.383516
-0.0678022
0.272637
0.187197
-0.325752
0.291597
0.156042
0.331415
0.399283
0.26283
-0.22038
-0.0471279
0.424142
0.665667
-0.0839124
0.0863559
0.119753
-0.0872859
0.309807
0.25987
0.15951
-0.0868724
-0.242573
-0.0335581
0.0727872
-0.251561
0.019474
-0.201718
-0.483303
0.654518
-0.0293879
-0.218875
0.167097
-0.435424
0.187044
0.125605
-0.184493
-0.0320515
-0.0955967
-0.445636
-0.00953624
-0.161615
-0.173024
0.253567
-0.376711
0.160273
-0.305033
0.0129549
0.241454
0.129765
0.00246674
-0.349986
-0.0956582
0.0152306
0.387938
-0.0114818
0.0700459
-0.125927
0.162214
-0.501451
0.0206884
-0.307417
0.381492
-0.17949
-0.41009
-0.172332
-0.561308
0.0723165
-0.239986
-0.219288
-0.561665
-0.305318
-0.0334271
-0.207281
0.121951
-0.12681
0.027541
-0.016776
-0.617822
0.268487
-0.0731067
0.436452
-0.400423
-0.640223
-0.299093
-0.00758266
0.373571
0.374932
-0.128165
-0.307795
0.451796
0.342221
-0.281531
0.301435
-0.754756
0.330175
0.259774
0.293079
-0.0864432
-0.562262
0.238933
-0.054889
0.451291
-0.28833
0.343659
0.401436
-0.22447
0.143948
0.119454
-0.0638907
0.211274
-0.251577
-0.0428489
-0.0261035
0.352908
-0.094985
-0.470841
0.33986
-0.0485983
-0.147303
-0.539563
-0.0635707
-0.245896
-0.170506
-0.0511009
-0.365429
0.0396518
0.0333784
-0.211512
-0.235328
0.0735622
-0.161733
-0.299277
-0.491385
-0.220295
0.270209
-0.515753
0.235761
0.0504237
-0.28688
-0.146377
0.0898062
0.35054
0.0931409
0.289328
0.182185
0.0268077
0.132941
0.0118859
0.178878
0.397928
0.579456
-0.445436
0.0806136
0.440372
-0.268632
0.0219631
-0.178822
0.40378
-0.28079
0.0944034
-0.100466
-0.0970316
-0.0813555
-0.139095
0.193048
0.200851
-0.152728
-0.127684
-0.229504
0.0332033
-0.0871992
-0.313885
0.133364
-0.197552
-0.273558
0.47924
0.419542
0.782363
0.165497
-0.210275
-0.0964238
0.426069
0.414081
-0.143222
0.403127
-0.131259
0.506827
0.539697
-0.559594
0.041994
-0.0334325
0.329358
-0.106579
-0.65376
-0.224494
-0.297801
0.252547
-0.0979735
0.107153
0.0346893
0.255936
-0.0957221
0.0745985
-0.400158
0.407996
-0.245535
0.0478335
0.442301
-0.224701
0.133801
-0.490889
-0.45726
-0.374345
0.502261
-0.380118
-0.702113
0.1084
0.114081
-0.445716
0.433189
0.55081
0.229934
0.134678
0.64779
-0.155323
-0.307777
-0.406322
0.0790594
0.343447
0.15931
0.419824
0.262786
0.292573
-0.302509
-0.0477474
0.127954
0.247385
0.368061
0.259324
0.205033
-0.0627067
-0.173354
-0.223165
-0.227265
-0.235709
0.0389885
0.0205855
0.129046
-0.2281
-0.240459
-0.0661626
-0.156043
0.691698
-0.574068
-0.435815
-0.148127
-0.666419
0.0444487
0.253499
-0.0986816
-0.482247
-0.492484
-0.236946
0.137713
-0.25643
0.362342
-1.03901
-0.160023
-0.359397
0.197937
0.0353502
0.0577065
0.330158
-0.441563
0.142338
-0.195212
-0.0653933
0.476865
-0.716865
0.233051
0.036727
-0.0308175
-0.209093
0.32501
-0.382824
-0.178589
0.0648498
-0.857706
-0.262762
-0.303522
-0.0649481
-0.677633
0.00217666
-0.735553
0.192166
0.267301
0.0954792
0.224175
-0.941859
0.152055
-0.454319
0.309421
0.0685434
-0.51914
-0.0423944
0.262165
0.330781
0.0925886
0.29975
0.544361
-0.384782
0.23514
0.035216
0.276388
-0.399945
0.0414315
0.371055
0.183292
0.229079
0.0252074
-0.199924
0.475518
-0.193667
0.179551
-0.290306
-0.245044
-0.165857
-0.314382
0.364647
-0.125583
0.28411
0.031235
-0.107131
0.724998
-0.0309391
0.394222
0.34305
-0.150835
0.0513962
-0.0480639
0.136183
0.252365
-0.397531
0.254571
-0.362237
0.166545
-0.596975
-0.46951
-0.354948
-0.0578045
0.269929
-0.340112
0.0809099
-0.0894156
-0.0667252
0.241884
0.18714
0.200635
0.486931
0.161195
-0.522289
0.458357
0.319571
-0.183789
0.548614
-0.463614
-0.417226
0.284185
-0.156157
-0.753862
0.937912
-0.144342
0.320471
0.0548562
-0.410255
0.402638
0.15225
0.443643
-0.301037
-0.0432603
0.312007
-0.152829
-0.198875
0.158226
0.329071
-0.237139
0.143435
0.230645
0.20388
0.16584
-0.452259
0.677187
0.195528
0.116269
0.0397744
-0.176615
-0.211453
-0.468685
0.166862
0.0614276
0.265998
0.2812
-0.152175
-0.221154
-0.405181
-0.294328
0.0974582
0.162785
0.280201
0.183511
-0.456833
0.237321
-0.493148
0.115842
0.0558553
-0.258219
-0.0920696
0.145171
-0.187282
-0.542363
0.55101
0.0109023
0.0379929
-0.223782
0.217374
0.132963
-0.092266
-0.376743
0.426178
-0.351446
-0.0965361
-0.296221
0.0206504
0.182009
-0.102501
0.16924
0.35133
-0.359811
0.321286
0.000269606
0.42414
-0.0182774
0.312564
-0.00407034
-0.959473
0.150843
0.282022
-0.159223
-0.0351831
0.0789757
-0.0244898
-0.0284407
-0.023403
0.168527
0.494048
0.110079
0.12468
0.0137179
0.426948
-0.252968
-0.205593
-0.254749
-0.04931
-0.181619
0.161494
0.488472
-0.221081
-0.485535
0.0347906
-0.141032
-0.311626
-0.507072
-0.506931
0.225933
-0.829715
-0.0330515
-0.299259
0.492718
0.0126379
-0.431761
-0.137333
-0.66006
0.539506
-0.414942
-0.0338764
0.247798
0.170857
-0.298698
0.1719
0.183871
0.17301
0.109602
-0.417104
0.349547
-0.311755
0.566691
-0.177733
-0.492901
-0.357711
0.601925
0.288405
-0.343656
0.432604
0.23027
-0.562642
0.0577667
0.356649
0.119021
0.183749
-0.19282
0.214131
-0.192354
-0.0554023
0.132853
-0.291222
0.346003
0.355282
-0.0684014
-0.0463497
0.705057
0.278875
-0.0781198
-0.0457147
0.0797669
-0.150075
0.0584334
0.206466
-0.357402
-0.054038
-0.349642
0.0300627
-0.219922
-0.0490138
0.322849
-0.132826
-0.256314
0.022518
-0.633394
-0.146891
0.239718
-0.172383
0.103422
0.0595944
0.413221
-0.0424118
0.111817
-0.000100171
0.0403326
-0.0959787
-0.379019
0.199677
-0.159107
-0.263092
0.286108
-0.0822167
0.323205
0.286887
0.137552
-0.649121
0.349903
0.133058
0.389634
0.0204869
0.726053
0.168059
-0.223567
0.390685
0.182411
-0.19398
0.319273
-0.430121
0.0836224
0.147473
-0.117724
-0.227257
0.0570973
0.335663
-0.32886
-0.0768266
-0.750517
0.126338
-0.188789
-0.0316768
-0.0255986
0.748441
-0.340271
0.611408
-0.476941
0.425327
-0.135683
0.0147253
-0.214931
0.197426
0.315439
-0.195628
-0.481615
0.034612
-0.244274
0.509037
0.0964132
0.398912
0.211912
0.290899
0.277909
-0.662366
0.0784363
0.0266056
0.330687
0.0472962
-0.448904
-0.57001
0.266421
0.363015
-0.706128
-0.22372
0.0196839
0.454848
0.329653
0.359193
-0.029127
0.298703
0.0800395
-0.487778
-0.555701
-0.465282
-0.0471457
0.136635
0.243808
0.157093
-0.135136
-0.0425286
0.00428747
-0.400986
-0.50806
-0.112268
-0.109143
0.31617
0.487583
-0.0103101
0.0506744
-0.292721
-0.125556
0.13837
0.0227821
0.352012
0.228593
0.00196926
-0.0728855
-0.138149
0.113318
-0.351202
0.397601
0.0838273
-0.228677
-0.317397
0.196386
-0.0304053
-0.0917941
0.110906
-0.0696475
0.0820666
0.152834
-0.113121
0.614145
0.0502677
0.224527
-0.359892
-0.00718814
-0.534204
-0.52862
-0.178116
-0.308368
-0.87608
-0.183392
0.207587
-0.143241
-0.317466
0.280609
-0.00315273
0.417516
-0.116056
0.254059
0.640911
-0.283547
-0.46307
-0.0160302
0.44819
-0.0308627
0.303798
0.013975
-0.0125074
-0.46767
-0.424309
0.0124176
0.439432
0.367347
0.056161
-0.0490215
-0.411988
0.122123
-0.307672
0.152353
-0.411019
-0.346372
-0.00503341
-0.143003
0.328542
0.0742494
0.0470004
-0.0881662
-0.375453
0.13239
0.151948
0.188513
-0.55208
-0.100324
-0.0689513
0.177034
0.546094
0.437223
0.178307
-0.205725
-0.492221
-0.0537767
-0.113792
0.630796
-0.0692804
0.315079
0.232803
-0.257466
-0.503503
0.453725
-0.255304
-0.354635
0.294935
0.448715
0.681288
0.0429467
0.429059
-0.21395
0.00700156
0.0424723
-0.109982
0.00968198
0.722585
0.154077
0.613062
-0.395464
-0.049471
-0.272668
0.280972
-1.02333
-0.139233
0.141003
0.0899326
0.684811
-0.125143
0.0241091
0.13763
-0.0349498
0.0273131
0.646151
-0.072433
0.272583
-0.172972
0.208823
-0.573853
-0.288959
0.425768
0.140519
-0.211402
0.244102
0.15779
0.181315
-0.223429
-0.32546
0.309421
0.541752
-0.275687
0.222274
0.226614
-0.234188
-0.384467
-0.0629667
0.734464
-0.357847
-0.412869
0.199455
0.694359
0.920469
-0.781402
0.0159551
-0.0238092
-0.352351
0.223507
-0.133786
0.139641
-0.000935247
-0.404365
-0.480147
-0.411963
0.248766
0.360627
-0.313137
0.126437
-0.333153
0.0149449
0.669956
-0.228222
-0.0032336
-0.736709
0.110308
0.017808
-0.0124384
0.167512
-0.0933311
-0.197745
0.0408971
-0.618379
-0.213194
-0.0764411
-0.0430504
-0.24801
0.245465
0.118245
-0.296552
-0.329195
0.0678708
0.103161
0.227104
-0.114314
-0.104651
0.18964
0.247334
0.0307752
-0.0476861
0.0989568
0.116603
0.0977263
0.428111
-0.183142
0.250192
-0.531723
-0.281352
-0.361777
-0.00460275
-0.404798
0.181261
0.259324
0.302782
-0.124738
0.345054
0.0746078
-0.457754
0.00849027
-0.368379
-0.321427
0.243215
0.670748
-0.280361
-0.358554
0.358888
0.469093
0.066126
-0.357666
-0.0275223
-0.330771
-0.065022
-0.1517
-0.309324
0.297739
0.377446
-0.28903
-0.167932
0.571914
-0.568493
0.140742
0.134092
-0.153904
-0.239936
0.137311
0.261507
0.087195
-0.350756
-0.823267
-0.386977
-0.13231
-0.194441
0.316476
0.0329908
0.0113392
0.473241
0.0537732
-0.195904
0.302816
-0.745757
0.0557969
-0.0163449
-0.131964
0.0195449
0.358124
-0.171114
0.0181426
0.167199
-0.512585
-0.304131
-0.48099
0.0369451
0.139324
-0.193342
0.339059
0.759822
-0.351757
-0.464582
0.359261
0.0690211
0.0616857
-0.0738778
-0.0619199
-0.0506612
-0.586581
0.356287
-0.17799
0.216371
0.0863148
-0.233204
-0.240453
0.545947
-0.149197
0.421608
0.252767
-0.360732
-0.0394996
-0.0966876
-0.233741
-0.261881
0.430401
-1.12487
0.242751
0.468179
-0.130516
-0.169157
-0.23712
0.597696
0.415801
0.280404
0.383881
0.370314
0.500043
0.550252
0.24522
0.238566
0.270534
0.0446201
0.197146
0.432761
0.0540229
-0.04318
-0.140725
-0.250045
-0.514381
0.422851
0.0796183
-0.0112928
-0.61932
-0.274497
0.18255
0.528073
-0.156849
-0.284709
-0.11741
-0.058353
-0.334472
0.110606
-0.680249
0.459109
0.532978
-0.00212187
-0.11556
0.389204
-0.553397
-0.876048
0.26162
-0.325091
0.128479
0.0892089
-0.371049
-0.123158
-0.535043
-0.40118
-0.155187
-0.493605
0.191928
0.00292796
-0.0356079
0.296112
0.0456939
0.374643
-0.506659
-0.542791
-0.187044
-0.111259
-0.217608
0.161748
0.579388
-0.10826
-0.252275
-0.155387
0.303555
0.278276
0.112876
-0.184647
-0.102921
0.495425
0.720359
0.101995
0.320268
-0.405288
-0.388892
0.219191
-0.447353
-0.0244896
-0.800731
0.151168
-0.17847
0.132257
-0.380156
-0.507783
0.142682
-0.0205844
-0.362062
0.318353
-0.388907
0.365267
-0.115633
-0.691175
-0.396893
-0.0656925
-0.164937
0.909473
-0.205119
-0.0844911
0.198979
0.346247
-0.0344869
0.0283023
-0.12842
-0.011926
0.191295
-0.510117
-0.528366
-0.15716
0.0979774
0.297877
-0.388316
-0.112092
0.155847
-0.0977449
0.288256
-0.166068
-0.467259
-0.406584
0.516428
-0.468904
0.409779
-0.236136
0.234681
0.206901
-0.468826
0.0578119
0.0847885
0.302413
0.297302
-0.311937
0.114036
-0.0710829
0.23183
-0.760092
0.0931724
-0.415906
0.222371
-0.312623
-0.291001
-0.0756004
-0.350584
-0.0359927
0.422023
-0.00657643
-0.101187
0.254957
0.279731
0.235965
0.292719
-0.474794
0.176678
-0.355631
0.0824566
-0.125897
0.397405
-0.200609
-0.320473
-0.0363004
0.359473
-0.142019
-0.12919
-0.0586093
-0.283712
-0.09487
-0.254354
-0.362824
-0.349031
0.103368
-0.270469
-0.312484
0.659887
-0.0243244
0.351533
-0.115103
0.0737096
0.329706
-0.0816667
-0.105137
-0.091694
-0.0355704
-0.037407
0.707947
-0.65912
0.180155
0.142259
0.326146
-0.198655
0.0923508
0.152892
0.158436
-0.434112
0.305337
0.662962
0.492129
0.562901
-0.318797
0.341202
0.227387
-0.261405
-0.179223
-0.113124
-0.0186681
-0.426658
-0.011181
0.0842017
-0.461519
0.56825
0.64789
-0.00530615
-0.0558815
0.34902
-0.604687
0.351324
0.378598
-0.676811
-0.324679
0.186608
0.464892
0.77328
-0.481029
-0.161458
-0.1932
-0.202934
1.10274
-0.13831
-0.17135
-0.0581784
-0.393548
0.34485
0.11951
-0.135535
0.407079
-0.12025
-0.0266435
-0.0837128
0.157698
-0.18434
-0.387422
-0.184482
-0.120911
0.13243
0.186905
0.267618
-0.0589543
0.452643
0.265179
-0.510374
0.204538
-0.0188941
0.411822
-0.530046
-0.0671107
0.0107429
0.602638
0.119647
0.433723
-0.0507143
0.0907603
0.217336
-0.351292
0.114318
-0.140117
0.068097
0.256259
0.0256355
-0.0837859
-0.35399
0.15028
0.327055
0.112575
-0.163564
0.400754
0.639725
0.677134
0.481193
0.0307006
-0.197238
-0.00243175
0.257398
1.27809e-05
-0.177646
-0.197174
-0.342116
0.316025
-0.265946
-0.325116
-0.162217
-0.172434
0.248855
-0.160092
-0.098449
0.0679913
-0.0725405
0.308648
0.0448342
-0.0505728
-0.200308
0.0333061
0.403147
-0.129563
0.0915792
-0.11393
-0.222937
-0.303824
-0.455118
-0.161113
-0.270081
0.213231
-0.0396025
0.574167
0.356985
0.206944
-0.175306
0.0422121
0.309112
0.130639
0.218935
-0.050438
0.502397
-0.0134177
-0.32679
-0.218364
0.312293
0.353096
-0.122844
-0.204535
-0.541257
0.308732
0.246582
-0.224203
0.114777
-0.210605
-0.334793
-0.157698
-0.00412523
0.635527
0.35958
0.645885
0.172508
0.158792
-0.239167
0.477797
0.58763
0.0495979
-0.212467
0.160553
0.302886
0.176088
0.091218
0.212747
0.0916297
-0.203331
0.0870922
-0.0528503
-0.212441
-0.123891
0.451718
0.108037
0.180792
0.095916
-0.0117798
-0.143098
-0.0493974
-0.370865
-0.125852
-0.110962
0.570247
-0.22363
-0.291448
0.0383834
0.044824
-0.136897
-0.540909
0.144788
0.132545
0.261991
-0.329774
0.118216
-0.761414
0.0232382
-1.13349
-0.0998483
-0.335953
0.881614
0.179538
0.1901
-0.221615
-0.119814
0.0887265
0.276912
0.0390175
0.413625
-0.294157
-0.00391579
-0.300229
-0.255023
-0.278691
0.182183
-0.370139
-0.373563
0.238317
0.0812493
-0.66241
0.417301
0.314761
0.125002
-0.146355
0.514945
0.226833
-0.207999
-0.0438873
0.289747
-0.119271
-0.218298
0.026551
-0.163939
0.352703
-0.0582063
0.0537375
-1.01328
-0.304492
-0.495066
-0.142462
-0.13236
-0.100193
0.334741
0.122361
0.143018
0.156018
-0.153671
-0.333376
0.233202
-0.18897
-0.440189
0.0394605
0.265738
0.0125982
-0.0115219
-0.0311374
-0.703164
0.365625
0.388753
-0.0456826
-0.0660652
-0.148518
-0.285596
-0.160285
-0.0535052
0.317692
-0.127636
-0.211023
-0.150697
-0.149523
0.186531
0.285946
-0.0181967
0.109046
0.1501
0.281728
0.287876
-0.458894
0.205707
0.000448994
0.671442
-0.268845
0.170429
0.30893
-0.1447
0.173207
0.2545
0.586197
0.432086
0.274996
-0.00931799
0.548861
0.0322478
-0.193389
0.442462
0.19561
0.440316
0.409829
-0.520706
-0.311767
-0.283982
-0.392277
-0.176701
0.574111
0.00685831
1.08609
-0.39649
-0.101511
0.0522917
-0.630059
-0.129545
-0.25961
-0.0140666
-0.257561
0.0909268
0.0150705
0.256599
-0.0204262
0.240861
-0.152911
0.0465332
0.112203
-0.418302
-0.214087
0.328468
0.106844
-0.0940433
0.359584
-0.274239
0.470934
-0.167721
-0.143865
-0.539755
0.179021
-0.046933
0.374309
0.063358
-0.266891
0.3371
0.390984
-0.0753619
0.219251
0.20907
0.0341174
0.512506
-0.137769
0.0289994
0.620291
0.865886
-0.286275
-0.676656
-0.28245
-0.467764
0.219004
-0.102471
0.299639
0.0448107
0.336507
-0.359908
-0.237152
-0.0972814
0.30233
-0.533472
0.0442664
-0.0209026
0.654199
0.0169318
0.186315
-0.108575
-0.389874
-0.313187
0.436146
-0.0181375
-0.0979773
-0.0557745
0.474395
-0.103688
0.0174427
-0.214498
0.500039
0.269214
0.32003
0.0457007
-0.00125264
0.343718
-0.493798
0.0396851
0.500626
0.00166996
-0.0843035
0.456359
-0.0775655
0.41755
0.498391
0.518229
0.0122391
-0.0607788
-0.322177
-0.100924
0.327607
-0.276817
0.0298037
-0.504048
0.179997
0.0305857
-0.2398
0.108193
-0.200257
0.133249
-0.929545
0.201089
-0.0289753
-0.211439
0.490877
-0.0576192
0.261666
0.136961
-0.462273
-0.518638
-0.176295
-0.361219
0.568481
-0.368183
-0.239678
-0.216418
0.42578
-0.191069
0.10155
0.336063
0.55191
-0.0854236
0.564615
-0.0609061
0.210646
-0.296967
0.3758
0.181984
-0.102102
0.245492
0.707019
-0.112815
-0.266953
-0.230647
-0.323672
-0.179229
0.0259769
-0.520218
0.523029
0.1924
0.17908
-0.675491
0.16007
-0.028944
0.220878
-0.331862
0.212632
-0.375093
-0.112622
-0.356467
-0.0998148
0.204636
0.195593
-0.173194
-0.0509974
-0.141005
0.376228
-0.533201
-0.38499
0.171066
-0.228672
-0.188703
0.450854
0.245402
0.274968
-0.264738
-1.0525
0.121044
-0.402878
-0.213746
0.156183
-0.10423
-0.244227
-0.432568
0.438453
0.453659
0.077571
-0.0286655
0.0943392
-0.153403
-0.244082
-0.309318
-0.20544
0.10563
-0.680348
-0.521082
-0.037321
0.0042226
0.490475
0.0565684
-0.0133899
-0.150823
-0.391835
-0.399171
-0.319627
0.401147
0.39556
0.293716
-0.628291
0.451124
0.340694
-0.28347
0.25963
-0.00881879
-0.248749
-0.11069
0.0280713
-0.528235
0.157224
0.252258
0.0633547
-0.488144
-0.247403
0.413159
0.169604
0.379201
0.0349315
-0.136747
0.171003
-0.179064
0.24406
-0.0417599
0.299865
-0.218631
0.128644
-0.190686
0.149275
-0.18359
0.111719
-0.504687
0.271511
0.263029
-0.195559
-0.40122
0.146878
0.0678846
-0.215234
0.124053
0.50971
-0.307209
0.216506
-0.181096
0.275697
-0.36918
-0.27115
-0.343425
-0.367367
-0.174044
0.275144
0.0211997
-0.111301
-0.358792
0.0821041
0.425591
-0.37763
-0.497584
-0.166248
-0.3094
-0.380773
0.0206401
-0.179978
-0.265562
-0.0797469
-0.349697
-0.0455517
-0.0808829
-0.380529
0.291837
0.168336
0.0323148
-0.195193
-0.711374
-0.572727
0.569118
-0.0382886
0.245389
-0.194467
-0.125178
0.489229
0.0356652
-0.157574
-0.474341
0.120297
0.639078
-0.0522959
0.100577
0.0233447
0.0817998
-0.285624
-0.372965
0.37504
-0.45283
0.136027
-0.405628
-0.217442
0.485096
0.406842
0.0700923
0.23786
0.183535
0.0201831
-0.0795507
-0.297833
-0.450058
-0.139291
0.00792311
-0.433535
0.247906
0.269262
-0.114255
0.0269852
-0.243469
-0.0125609
0.585993
0.0891633
-0.0831518
-0.214787
-0.242009
0.214524
0.048452
0.0904008
-0.0257513
0.115039
-0.439363
0.0698845
0.236267
-0.203165
-0.346728
0.481418
-0.017362
-0.531981
0.674393
-0.164726
-0.0527203
0.204814
-0.389152
-0.208938
0.0139975
-0.532663
0.257899
0.131989
-0.159093
0.00679961
-0.388529
-0.15911
-0.027502
0.181137
-0.193376
0.0219544
0.195396
-0.366741
-0.219363
-0.168682
-0.136358
-0.348105
-0.319093
-0.195638
0.221917
0.0589193
-0.0595988
-0.444812
0.0827231
-0.00639982
0.0883937
-0.224306
-0.0621406
-0.130111
0.138656
-0.261922
0.248067
-0.13625
0.0670312
-0.860743
-0.809818
0.532765
-0.126029
-0.211528
-0.256424
-0.138917
0.368433
0.43439
-0.453034
-0.277392
0.0403594
0.50686
-0.17574
-0.161057
-0.053201
-0.0965018
0.133169
-0.230832
-0.0626007
-0.431285
-0.26129
-0.209951
0.534445
-0.044742
-0.0688223
0.442844
-0.530774
0.0989567
0.124954
0.205649
-0.0738874
-0.227341
0.0129993
-0.696633
0.213609
-0.0308611
0.00968046
-0.015689
0.243656
-0.525998
0.484372
-0.311862
-0.0688627
-0.226384
-0.151668
-0.0410119
0.178249
-0.250007
-0.306344
-0.222142
-0.0249605
0.473206
-0.337631
-0.245319
0.0424101
0.303265
0.536056
0.481941
-0.436515
0.0491462
0.0578625
-0.283345
-0.597988
0.141786
0.182126
0.0604038
-0.0948389
-0.0965896
0.0337597
-0.458972
-0.139284
-0.523451
0.0892847
-0.0295828
0.483785
-0.553498
-0.0440016
0.253664
0.62303
1.18662
-0.122524
0.458783
0.584787
-0.275199
0.0734616
-0.31005
0.156188
-0.202724
-0.728587
0.259255
-0.380705
-0.0132833
-0.109604
0.304895
-0.595832
-0.0282703
-0.271477
0.202207
0.391495
0.481944
-0.447896
-0.166319
0.280147
-0.237469
0.296892
0.581651
0.129415
-0.0198302
-0.62134
0.244678
0.13192
0.177033
-0.00561287
-0.196131
-0.289354
-0.384249
-0.0746892
0.140692
-0.250304
0.0331044
0.0876238
-0.0461571
-0.0289195
0.208755
0.0997672
-0.0625624
0.279234
0.295617
0.166728
0.191581
-0.105804
-0.206558
0.269925
-0.523965
-0.112013
0.169058
-0.430628
-0.741012
-0.168281
0.424712
-0.326307
0.179318
0.100925
0.471942
0.386989
0.210076
0.125576
-0.117378
-0.0879525
-0.0672573
0.166124
-0.352471
0.137316
-0.0947142
0.170176
-0.238183
-0.755312
0.293559
-0.113574
-0.0565114
-0.308376
0.230785
-0.189733
0.307397
0.0456597
0.0403577
-0.152032
-0.324886
-0.268073
-0.0623783
-0.157258
-0.175871
-0.470194
-0.468662
-0.391924
-0.0235728
-0.115743
-0.447623
0.661905
0.414306
-0.306804
-0.193227
-0.301939
1.03059
-0.649514
-0.406685
0.535366
-0.00135802
-0.0670862
-0.0764566
-0.245532
0.125584
-0.00325938
0.27333
0.035709
-0.390992
-0.357365
-0.0482578
0.402072
0.248487
-0.0136393
0.321336
0.390453
0.163745
-0.0403026
-0.087892
0.4794
-0.430181
-0.224463
0.508069
-0.555637
0.671545
0.04669
-0.160196
0.100114
0.072171
-0.105862
0.0945155
0.10515
0.0290028
-0.346602
-0.12435
0.187747
-0.515794
0.526536
0.174576
-0.56578
0.197915
0.700837
-0.45354
0.0934699
-0.176774
0.341114
0.208903
-0.0282305
-0.0846623
0.321323
0.0852651
0.10118
0.0305178
0.148277
-0.144621
-0.404365
-0.367677
0.290981
0.553463
0.0410104
0.208452
-0.107867
-0.01567
0.193878
-0.434987
0.12767
-0.272832
-0.514042
-0.247292
-0.566069
0.684327
-0.343127
-0.146051
-0.406489
-0.309882
0.0288777
-0.0640237
0.0530548
-0.000138948
-0.131799
0.379301
-0.118994
0.259793
0.275536
-0.0324184
-0.513224
0.203318
0.274722
0.395055
-0.0373475
-0.051152
0.240395
-0.157465
0.317659
-0.166747
-0.36465
0.326284
-0.0869572
-0.0309984
-0.193707
-0.556373
-0.80316
-0.249844
0.384705
-0.415986
0.418723
-0.0365177
-0.076289
0.0314317
-0.362279
0.149158
0.111857
-0.123849
-0.110248
0.807844
0.616344
0.226792
0.209147
0.33682
-0.109013
-0.180693
0.838437
-0.438667
0.146976
0.275371
0.573045
-0.316793
-0.630277
0.0931676
0.161756
0.322796
0.350341
0.133971
0.181593
-0.213868
0.111544
0.520435
-0.635075
-0.267702
0.0567901
0.0662708
0.530713
-0.278931
0.0135108
0.208574
-0.267924
0.0450923
0.13647
-0.120964
-0.126211
-0.687785
0.0307683
0.013825
-0.582156
0.0811364
-0.282819
0.0628518
0.115901
0.19984
-0.490651
-0.189594
-0.345034
0.39768
-0.0204066
0.187475
-0.465813
-0.501913
0.186233
0.334785
0.294298
0.130084
-0.263304
-0.106158
0.0914512
-0.133167
0.282787
0.103626
-0.242208
0.122324
0.378698
-0.454322
0.245217
0.011158
0.22434
0.728003
0.193565
-0.0360706
-0.152748
0.248692
-0.145831
-0.307776
-0.0565752
-0.026003
-0.490497
-0.945595
0.0586053
0.172175
0.32849
-0.115469
-0.0975508
0.310995
0.100951
-0.0667811
-0.0845992
-0.524789
0.0525709
0.298044
0.00449354
-0.120512
-0.300133
0.140503
0.184832
0.703078
0.138202
-0.157764
0.327473
-0.415603
-0.0601697
0.071897
0.409435
0.332512
-0.187649
0.481042
-0.522577
0.155278
0.39767
0.127013
-0.316253
-0.343323
0.0456727
-0.116088
-0.106264
-0.13137
-0.595701
-0.916591
-0.082363
-0.302318
-0.251505
-0.0827979
-0.464159
0.530678
-0.177924
0.181987
0.442415
0.368228
0.314304
0.621917
-0.0532988
0.420276
0.292315
-0.105793
-0.187939
-0.118923
0.0889158
0.157113
0.498806
0.403997
0.552466
0.0483975
0.60069
-0.212693
0.322813
-0.140493
-0.118166
0.45931
-0.32086
-0.273689
0.262679
-0.331263
0.112508
0.154075
0.0545636
-0.549371
-0.504886
0.0317553
0.216878
-0.0409973
0.0860893
-0.386246
0.268496
-0.413283
-0.373175
0.643103
-0.356642
0.342237
-0.157896
0.225988
0.207806
0.297397
-0.300669
0.173141
0.016191
0.310434
0.0394532
-0.419049
-0.550399
-0.201977
0.187578
0.832413
-0.669052
-0.242149
0.578265
-0.343654
-0.173349
-0.179196
-0.339244
0.315258
-0.218087
-0.0231642
0.120937
0.346932
-0.269689
-0.325554
0.0319314
-0.0647467
-0.593658
-0.270774
-0.199572
0.153108
0.196662
-0.10322
-0.558105
-0.235363
-0.124914
-0.0305007
0.515494
-0.484849
-0.159874
0.376667
0.0181859
-0.342624
-0.195991
-0.0920315
0.225782
0.350044
-0.406433
-0.228399
0.259316
-0.27037
0.430789
0.13338
-0.269977
-0.12315
0.282614
0.20324
0.292527
0.27178
0.196898
0.152707
-0.0152037
0.289566
0.128751
-0.0366611
0.0498799
0.0407229
-0.106003
0.731502
-0.384089
-0.655359
-0.539341
0.097097
-0.243737
-0.101367
0.288316
-0.205158
-0.406929
-0.165099
-0.100369
-0.706993
-0.0139474
-0.113376
0.248932
0.183091
0.263709
0.28905
0.0874671
-0.456964
0.0433237
0.303641
-0.205675
-0.233944
-0.289716
0.317856
-0.269483
0.170169
-0.0719056
0.406821
0.429148
0.826193
0.589703
0.701417
-0.0994866
-0.156789
0.193353
0.104742
0.0163594
0.382351
0.0895445
-0.326846
0.131498
-0.320071
0.448008
0.103278
0.114156
-0.0730577
-0.100801
-0.260486
0.0972244
0.271036
0.0440857
0.431014
-0.0273153
-0.225171
0.582049
0.324706
0.00108233
0.00334024
0.0520069
0.12924
-0.483817
0.629075
-0.28788
0.175604
-0.0602405
-0.296448
-0.0411849
0.145792
-0.219342
-0.110913
0.0329308
0.20813
-0.220683
-0.465991
-0.131658
0.781438
0.229602
0.233731
-0.298088
-0.390338
-0.538877
-0.165573
-0.154922
-0.48093
-0.61925
-0.175107
-0.226526
-0.37992
0.26488
0.189538
0.672273
-0.393248
-0.279756
-0.0133481
-0.174608
0.233411
0.281607
-0.634097
-0.264229
0.122802
-0.211955
0.0704342
-0.10974
-0.184768
0.0616713
0.291854
-0.0283386
0.175533
0.0571195
0.525379
0.487948
-0.215578
-0.250618
-0.134134
0.207266
-0.271458
-0.0261505
-0.275204
-0.185318
-0.34932
-0.329817
-0.331363
-0.413054
0.399729
0.337953
-0.0323474
-0.0439448
-0.257158
0.333067
0.0755906
0.524933
0.105803
0.28105
-0.28818
0.155459
0.254976
-0.290167
-0.152456
-0.0366209
0.292586
-0.365854
-0.266283
-0.525685
-0.264341
-0.0102514
-0.283315
0.129357
0.154567
-0.172892
-0.463025
-0.0323014
0.150124
-0.127621
0.0541797
0.51414
-0.0951003
0.222549
-0.47984
0.50039
0.251087
-0.216991
-0.0518393
-0.12153
-0.366561
0.04606
0.134591
0.0450986
0.000222934
-0.163156
0.087063
0.170367
0.0109062
0.260116
-0.399767
0.490222
0.0837631
-0.105368
0.188128
0.15687
0.0731235
-0.719758
-1.12087
-0.505634
0.437673
-0.014913
-0.229298
-0.458053
0.328813
0.0193041
0.37122
-0.272041
0.184964
-0.431525
0.410823
-0.701914
0.141559
-0.195474
0.286217
0.327505
-0.225575
-0.667647
0.0265455
0.562658
-0.174385
-0.0137291
-0.328826
-0.12074
-0.146752
0.0260022
0.0802768
-0.195018
-0.0616454
0.332363
0.476103
-0.0443864
0.426926
-0.299231
0.362807
-0.0572581
0.203798
0.0798509
-0.441894
-0.277649
-0.424959
0.329181
-0.0166277
-0.187688
-0.610644
-0.0577218
0.147112
0.271036
-0.0959117
-0.155081
-0.200621
0.0417293
0.318735
0.22823
-0.342178
0.339295
-0.509618
0.0133713
0.169735
0.327078
0.237513
0.611917
0.0265881
0.560333
0.0251588
-0.531151
0.136527
0.316662
-0.460943
-0.169203
-0.45413
0.102193
-0.0315987
0.302863
0.485499
-0.219824
0.130843
-0.134225
-0.0122598
0.094476
0.376237
0.0824099
0.461653
-0.0671636
0.314266
0.263182
-0.557116
0.296868
0.105322
-0.00689117
-0.012918
0.368594
-0.287443
0.287052
-0.384632
-0.0592705
0.255219
-0.182271
-0.0568591
0.28506
-0.261033
-0.046047
0.167888
0.0968741
-0.21343
0.28494
-0.663785
0.194981
-0.150996
0.0680154
0.05775
-0.0788427
-0.00334632
0.39501
0.577678
-0.247999
-0.0799594
0.0599341
-0.0145893
-0.0821777
-0.332155
-0.512033
-0.648731
0.620414
0.0904289
0.589657
0.359454
-0.304454
0.479162
0.151247
-0.580959
-0.628132
-0.462677
-0.1186
-0.247823
-0.146545
-0.315034
-0.275262
-0.223232
-0.358221
0.0505812
0.0125938
0.248923
0.680619
0.38593
-0.0349206
-0.089079
-0.100693
0.491843
0.0716821
-0.0352343
-0.225569
-0.0375239
-0.350279
0.0769547
-0.0572235
-0.0335184
0.305789
0.0989902
0.683036
0.45598
-0.0453085
-0.296149
0.175856
-0.199152
0.164164
-0.260977
0.194998
0.251622
0.231984
0.166165
0.468656
-0.335965
-0.182199
-0.162299
-0.19697
-0.109056
-0.415656
-0.276857
0.00847861
-0.815142
0.585155
-0.253718
-0.333169
-0.524944
-0.0328758
0.123593
-0.0716139
-0.0974891
0.615577
-0.141694
0.569446
0.492417
0.365579
0.0884129
0.139431
-0.444459
-1.01629
-0.176646
-0.0930057
0.1939
-0.234617
0.0765311
-0.498561
0.1875
0.627353
-0.590171
0.198485
-0.329146
-0.573257
-0.0492206
-0.216066
-0.0435979
-0.848714
0.670601
-0.608108
0.458687
-0.20446
-0.152116
-0.072496
-0.41732
-0.36992
-0.320566
-0.0320812
-0.30138
0.716653
0.522713
0.372745
-0.257523
-0.0511473
-0.0246559
0.0594798
-0.206446
0.150995
-0.415393
0.0373262
0.0395098
0.865018
0.0605555
0.427123
0.433875
-0.280983
0.0720875
0.239141
-0.066421
0.298494
-0.221487
0.239974
0.506245
-0.395368
-0.151279
0.0678088
0.189988
0.0723041
-0.233476
0.123811
-0.000607958
0.211555
-0.00331545
-0.0547685
-0.0905196
-0.230134
-0.0900758
0.274212
-0.28523
0.307955
-0.336056
-0.0988596
-0.229561
-0.341657
-0.282978
0.225977
-0.398195
0.241936
0.230618
-0.389175
-0.137541
-0.0669533
-0.269621
0.327587
-0.0486692
-0.330439
-0.0494419
-0.470288
0.17376
0.236705
0.247065
0.609474
0.0529341
0.22182
0.327389
-0.17597
-0.109554
0.145534
-0.153411
-0.0511616
0.0402824
-0.23007
0.271705
-0.0121837
-0.0860667
0.347483
-0.458109
-0.188218
-0.0974992
-0.269815
0.243652
-0.251109
-0.474846
0.184993
-0.324594
0.434757
0.403026
0.00447978
-0.0715741
-0.0549884
0.351167
-0.307422
0.255899
-0.306378
-0.101907
-0.365192
-0.692543
-0.014984
0.220518
0.177201
0.116518
0.134617
0.580716
0.472402
0.172939
-0.171443
0.276146
-0.515549
-0.49653
-0.246757
-0.426305
0.0843739
0.51343
0.104326
-0.0388065
-0.250331
0.449273
-0.475006
0.131097
-0.541695
-0.0866265
0.437053
-0.271854
0.280919
0.0742378
0.759856
0.832318
-0.0525165
-0.15936
0.116956
-0.0383052
-0.190241
0.543785
0.136955
-0.202565
0.131986
-0.54809
0.363574
0.288826
-0.125987
-0.369915
0.206282
-0.737939
-0.221206
-0.0159014
0.4435
-0.12909
0.246941
-0.153656
-0.210645
-0.0563725
-0.287873
-0.569073
-0.193228
-0.413407
0.920648
-0.729125
-0.0792806
-0.109916
-0.452333
-0.404313
-0.0605174
-0.0512082
-0.0948973
0.129163
0.330917
-0.330609
0.0276116
0.11021
0.222319
0.516011
-0.352483
0.0989412
-0.572391
-0.0685942
-0.243091
-0.308063
0.132499
0.13371
0.53201
0.180889
0.301924
0.369701
0.197527
0.365482
-0.343793
0.165225
0.026993
0.410638
0.386022
-0.394103
-0.348784
0.130285
-0.98116
0.163681
0.0689039
-0.283417
-0.190762
-0.0273168
0.598953
-0.250195
-0.210449
0.122017
-0.174957
-0.174674
0.212331
0.94975
0.214666
0.142332
0.364293
0.194659
0.340226
0.314323
-0.392319
0.0631367
-0.277284
-0.0928446
-0.080916
0.301487
-0.292651
-0.0316782
0.273202
-0.366235
0.162211
-0.182265
-0.154814
0.443426
-0.65932
-0.361687
0.387088
0.163712
0.733052
0.162988
0.110711
0.156504
-0.445959
0.334326
-0.124098
0.188838
0.42344
0.179178
-0.350774
0.127978
-0.141548
-0.635485
-0.306723
0.0974339
0.258516
-0.14299
-0.00881362
-0.454751
0.377016
-0.00615412
-0.477007
-0.217518
0.196007
-0.120792
0.764973
-0.0308896
0.395531
-0.96858
-0.284307
-0.273938
-0.206009
0.690171
-0.213868
-0.493409
0.039293
-0.413392
0.0535773
-0.220344
-0.188169
-0.109467
-0.238466
0.0621736
0.0554824
0.0132806
0.105026
0.160835
0.424746
0.400916
0.0411709
-0.168228
-0.110997
0.200883
0.154172
-0.069574
-0.0874769
0.362876
-0.112137
0.104954
-0.126048
0.0366375
-0.222778
0.0275333
0.119802
0.263419
0.147645
-0.128062
0.0520071
0.031556
-0.264926
-0.151468
-0.492114
0.226171
0.149863
-0.296471
0.197995
-0.489497
0.757955
-0.0360577
0.0521735
-0.459356
-0.00381401
0.287367
-0.636277
-0.166492
0.0647907
-0.322952
0.548587
-0.0461084
0.105456
-0.0115382
-0.398498
-0.610882
0.237592
0.106685
0.283724
0.444192
-0.0874103
0.0170775
0.584431
-0.266298
0.396462
0.207908
0.359402
-0.180037
0.455301
0.0205846
0.00260542
0.0317101
-0.268173
-0.0879368
-0.0430825
0.484707
-0.00973545
0.384725
-0.513415
0.161809
-0.527542
0.0615959
-0.132041
0.19901
0.0478992
0.140074
-0.11767
0.127497
-0.406323
-0.06087
-0.0854646
0.0360628
0.0490274
-0.232293
-0.056146
0.305274
0.167431
-0.548099
-0.509619
0.0387285
-0.0970933
-0.0237938
-0.730203
0.550748
0.283076
0.343355
0.364641
-0.000967414
-0.414917
0.058992
0.0760278
0.0808238
0.32134
0.338952
0.311025
-0.526453
-0.210045
0.0218953
-0.0169494
-0.235652
-0.0717536
0.201736
0.04579
0.246617
-0.135667
0.0958837
0.511587
-0.251546
-0.240481
0.512831
-0.607103
0.091491
0.386344
-0.0710965
0.325029
-0.566384
-0.203304
0.328691
0.119539
0.566881
-0.038822
-0.46573
-0.676464
-0.303457
-0.153814
0.000534286
-0.0144738
0.458571
0.454011
0.0413581
-0.0257849
-0.0194778
0.29486
0.513651
0.108154
0.479178
0.0935745
0.0777838
-0.311174
-0.0138785
0.398243
0.00171135
0.336723
-0.185632
-0.513282
-0.278016
-0.192526
0.128022
-0.063825
-0.783385
-0.29512
-0.68588
0.417575
0.130813
0.465492
-0.33347
0.14203
0.0423271
0.0368145
-0.282394
-0.341648
0.507938
0.0737517
-0.589592
0.604602
0.351746
-0.113382
-0.287109
0.289347
0.278594
0.326894
-0.281826
0.0322043
-0.0359403
-0.558323
0.0863675
-0.39569
0.00196694
0.338476
-0.386245
0.0034599
0.0422683
0.253514
0.0747766
-0.400005
0.432168
0.536941
0.0224338
0.0990375
0.220789
0.453149
0.0901778
-0.183321
0.31884
0.315294
0.00620956
0.469433
-0.0705438
0.304537
0.0458147
-0.0647501
0.583866
0.855317
-0.180321
0.269719
0.391014
-0.04155
0.564744
0.0584306
0.331345
0.0463085
-0.314618
0.0184188
0.148588
-0.188974
0.268959
-0.104998
-0.134749
0.282079
-0.203405
-0.0594721
-0.0592549
-0.343094
0.0108345
0.172915
-0.342513
0.293869
0.0510521
0.388971
0.18122
0.317713
-0.337124
0.176735
-0.0295531
0.381145
-0.40972
-0.0598763
0.300112
-0.329991
-0.22755
-0.0332713
-0.261355
-0.130042
0.141622
-0.381633
-0.1207
0.251696
-0.0874391
-0.510501
-0.593442
0.0686528
0.651071
0.36758
0.00716693
0.305523
0.520827
-0.0339802
0.123733
0.116158
-0.0966706
0.132807
-0.182118
-0.352668
-0.121844
0.0968051
-0.324993
-0.439081
0.263895
0.343203
0.22551
0.0814352
0.248057
-0.419787
-0.0296235
0.195781
0.140361
0.318576
0.0934388
0.36212
0.355112
-0.2826
-0.0365859
0.177428
0.108019
0.254286
-0.323858
-0.765021
0.489069
0.410553
-0.612614
0.521545
0.25958
-0.0784898
0.45882
0.491236
-0.0785432
0.031882
-0.236544
0.0232767
-0.134512
-0.0568425
0.589317
-0.00355703
0.425585
-0.0475251
-0.0258693
-0.143669
0.0050192
0.260867
0.0251977
-0.249947
0.255491
0.153439
0.250824
0.0538373
0.154421
-0.76518
0.239575
0.478315
0.125079
-0.146052
0.266705
-0.260523
-0.152183
-0.373333
0.0811751
-0.0748815
-0.0914243
-0.237403
-0.178892
-0.553285
-0.107598
-0.118131
0.543981
0.00738259
0.364976
0.31985
0.390958
-0.0108935
0.125167
-0.202244
-0.356901
0.196259
0.198317
-0.223984
-0.0530962
-0.00732579
0.605389
0.493154
-0.0874203
0.120231
0.225827
-0.209415
0.809923
0.0876694
0.0316165
0.24012
-0.713916
0.353515
0.438049
-0.544603
-0.114212
-0.0831323
0.193383
-0.0807545
0.109029
0.087945
0.224927
-0.173731
-0.370326
-0.0837868
0.00924278
0.14014
-0.412602
0.355659
-0.118164
0.579923
-0.475782
-0.587019
0.00873131
-0.120113
-0.243083
0.24008
-0.0392133
0.149734
0.152808
-0.744658
-0.155877
-0.00590839
-0.229279
0.345894
0.221756
0.0816036
-0.105956
-0.332358
0.213285
0.0795097
0.0189364
-0.0936571
0.809111
-0.349474
-0.0936081
0.135617
0.504057
-0.0681994
0.248535
0.0999327
-0.487526
0.165808
-0.124568
-0.0481724
-0.145839
-0.201182
0.00618105
0.316605
-0.297907
0.20082
0.0404906
-0.0720505
0.3005
0.290866
-0.000972964
0.158053
-0.377933
-0.0136614
0.706018
-0.14728
-0.0132019
-0.583644
0.144871
-0.36673
0.0932198
0.212209
-0.177558
-0.624106
-0.924397
0.154274
-0.12056
0.106842
0.381822
-0.0411519
-0.0767511
-0.495835
0.35721
0.584996
0.377488
-0.0114708
0.0599346
-0.121507
0.211412
-0.472074
0.167707
-0.132373
0.683123
-0.397041
-0.2307
-0.141025
-0.337639
0.180772
0.105093
0.523963
0.0979001
0.426677
-0.262318
0.229713
0.0324401
-0.328471
-0.0177607
0.21067
-0.326671
-0.00313835
-0.0360027
0.419112
0.587274
-0.309971
-0.192977
-0.113061
0.416243
0.041619
0.156738
0.00240436
0.642587
-0.175726
-0.142426
0.170648
-0.0382961
0.0903351
0.212628
0.396703
-0.204252
0.0219343
-0.150229
-0.140186
-0.16573
-0.360348
0.0669603
-0.0490137
-0.357093
-0.0211047
0.0251285
-0.0141689
0.345653
-0.16545
0.369674
-0.0908199
-0.00508028
-0.629155
-0.323561
0.509633
-0.367227
-0.646492
0.0951042
0.0613465
0.209733
0.285247
0.188303
-0.30069
-0.330658
0.266196
-0.42697
-0.075949
0.171605
-0.399252
0.486683
0.533207
0.217262
0.189969
0.632262
0.133718
0.2236
-0.0375314
-0.479504
-0.274633
0.223383
-0.242083
0.00325773
-0.400689
-0.242864
-0.48849
-0.300282
-0.0542005
0.333655
0.218401
0.129819
-0.24679
-0.721236
0.0633739
0.0747759
0.040868
-0.0307118
-0.289855
0.400434
0.0484638
-0.349002
0.119103
0.253999
-0.300098
0.397895
-0.429822
0.0931554
0.220948
-0.171227
0.0976475
0.00954203
0.344428
0.201986
-0.102132
-0.308552
-0.462261
-0.171975
0.329714
-0.374661
0.0625991
-0.390271
-0.0366492
0.213476
-0.273499
-0.171992
0.51385
-0.106595
-0.113242
0.158793
0.592327
-0.193663
-0.150362
-0.0224125
-0.0556905
0.0783678
-0.270921
-0.221103
0.629582
0.124354
0.0856389
0.414471
-0.219561
0.54083
0.0625364
-0.449405
-0.33567
-0.106286
-0.109381
0.260205
-0.0365772
0.460718
-0.473525
-0.161978
0.0745377
-0.615037
-0.217775
-0.381071
-0.357501
-0.423308
-0.053976
-0.450686
0.267804
-0.277896
0.175477
-0.094969
0.38271
-0.404777
-0.129044
0.196884
-0.354085
0.0906611
0.0284888
0.554019
-0.327078
0.030961
0.257916
0.0548347
0.0857867
0.585994
-0.234699
-0.223378
0.0287812
0.0530675
-0.0305461
-0.00248433
0.183782
0.312812
0.184072
-0.0120263
-0.408003
0.355717
0.512226
0.240827
0.318965
-0.0400991
0.0615112
0.069657
0.0333705
-0.0768908
0.369801
-0.301135
0.0975466
-0.134151
0.300954
0.320968
-0.0172837
-0.465914
0.285082
-0.393621
-0.217261
-0.061552
-0.0157234
-0.377329
0.123928
0.294099
0.0362006
0.294727
0.0692544
-0.353045
0.53305
-0.0651705
-0.0863069
-0.0429976
-0.156838
0.462932
-0.159597
-0.222629
0.214926
0.951169
-0.370067
0.139707
0.482442
-0.333891
0.124504
0.186177
0.245598
-0.236435
0.0724865
-0.306743
-0.103515
-0.603148
-0.189367
-0.137363
-0.40915
0.410868
-0.550962
0.0136469
0.0630427
-0.255003
-0.0237262
0.106551
-0.0434927
0.0479052
0.20943
-0.622851
-0.154116
-0.138329
-0.128741
-0.202337
-0.133289
-0.0371379
-0.0364374
-0.189811
-0.0372175
-0.202287
-0.831145
-0.300564
0.0619071
-0.881197
0.0192822
-0.0601465
-0.153117
-0.34828
0.0731967
-0.332694
0.052596
0.36738
-0.946062
0.0773822
0.54862
-0.100471
0.173848
0.051632
0.0817201
0.0278825
0.334077
0.365624
0.00433494
0.0881436
-0.422931
0.415163
-0.639459
-0.132002
0.0458093
-0.0777788
0.355484
0.145918
-0.168724
0.600625
0.394536
0.189466
-0.240175
0.406301
-0.142553
-0.226411
-0.240158
-0.126288
-0.220404
-0.0717514
0.409255
0.186976
0.172256
0.34063
0.72505
-0.218282
0.00795395
-0.0673013
0.494017
-0.320912
-0.08623
0.224602
-0.265096
-0.337762
-0.0269581
0.202065
-0.0906193
-0.225261
0.0705052
-0.283078
-0.142753
-0.41086
0.740216
-0.00769068
0.167605
0.259473
-0.0625647
0.069536
-0.386271
0.172707
-0.111204
0.28522
0.360799
0.481236
0.00618453
-0.0848506
0.28171
0.523745
0.332345
-0.0801447
0.468001
0.107507
0.470104
-0.174162
-0.138352
-0.308192
-0.20725
0.0125606
-0.062066
-0.112401
0.49874
-0.747541
-0.376487
-0.170369
0.107796
0.200232
-0.105139
0.148157
-0.213572
0.182541
-0.113604
0.0458475
-0.24995
-0.158547
-0.190112
-0.0555229
-0.505398
-0.378376
0.0271265
0.452816
-0.0217985
-0.577739
0.513399
-0.32382
-0.375913
-0.146737
-0.578415
0.184475
-0.104295
0.0557876
-0.341347
-0.236407
-0.40828
-0.00594358
-0.00524304
-0.330551
-0.27754
0.37556
-0.00150991
0.0417432
-0.439217
0.0939296
0.234495
-0.408925
-0.606525
0.154329
-0.311997
0.107908
0.128489
-0.268282
-0.780404
0.105622
-0.287029
0.212931
0.00143178
0.226965
0.0704608
-0.503716
-0.233199
0.097922
-0.659739
-0.199978
0.483178
-0.130282
0.0152529
0.41063
0.0982565
-0.124991
-0.305146
0.619681
0.1311
-0.0684303
-0.0961528
-0.133919
-0.221943
-0.217091
-0.528065
-0.525406
0.60995
0.519884
-0.155927
0.147322
0.0917171
-0.405067
0.2496
0.120899
0.292958
-0.246447
-0.306941
0.183435
0.0845945
-0.214331
0.0682453
-0.238839
0.0382216
-0.38392
0.0246509
0.0365189
-0.511871
0.519639
0.325451
-0.215877
0.404348
-0.220288
0.277485
-0.442142
0.387077
-0.0700311
0.109692
0.205302
0.256706
-0.215666
0.300027
0.421237
0.0814048
-0.303315
0.100311
-0.186659
0.410847
0.0243248
-0.00736904
-0.258542
-0.368426
-0.202246
-0.0188788
0.0879111
0.0611764
-0.077627
-0.320839
-0.693576
-0.537599
-0.0728334
0.130975
-0.495891
0.649332
-0.195601
-0.416649
-0.285849
-0.311472
0.174572
0.0717613
-0.415627
0.0351541
-0.279923
-0.0339852
0.105798
0.332357
0.707826
-0.212027
-0.695542
-0.0731296
0.115565
0.0214528
0.163433
0.140871
0.629353
0.0704148
0.208645
-0.844343
0.068804
0.386735
-0.110536
0.133742
0.303518
0.585199
-0.251012
0.0692938
-0.256322
0.489027
0.159044
-0.460546
0.239017
0.695028
-0.0111363
-0.174342
0.325317
-0.159042
0.197093
-0.286235
0.168957
0.22715
-0.66975
0.4905
0.0150581
-0.361606
0.401468
-0.463078
0.41489
0.165266
-0.0449274
-0.112051
0.843229
0.396848
-0.399212
-0.125442
0.408017
-0.169609
0.132266
0.182711
0.0675396
0.167036
-0.131909
-0.0415492
0.471023
-0.0417045
-0.159041
-0.0305044
0.264399
0.025269
0.238907
-0.159352
0.480252
-0.201569
-0.0142544
-0.478662
0.149862
0.226179
-0.0825825
0.0227273
0.271831
-0.0140106
0.113891
0.439243
-0.3533
-0.274478
-0.290356
0.43257
0.126886
-0.15546
0.0871081
0.319937
-0.316441
0.0735485
0.00658746
-0.0404475
-0.161408
0.178486
-0.0253743
0.107298
0.106722
-0.00832351
0.0521273
0.43256
0.271449
0.0952899
-0.259992
0.352506
0.0499244
-0.041777
0.149365
-0.359434
-0.0424682
0.376375
0.184116
-0.437995
0.428996
-0.63684
0.560843
0.0325117
-0.0389924
-0.235264
-0.0995832
0.0314033
0.192397
-0.19471
0.373088
-0.031488
-0.0865491
0.424641
-0.316243
0.176158
0.399607
0.241626
-0.31605
-0.372288
0.238099
0.165442
-0.208189
0.565626
-0.0996045
-0.034121
0.124399
-0.333973
-0.0169868
-0.411511
0.162976
0.0223415
0.206103
-0.173623
0.0449376
0.211301
-0.237682
-0.440059
0.359341
-0.0574523
-0.42168
-0.210679
-0.149058
-0.352193
-0.549788
0.216075
0.446253
-0.361195
0.483769
-0.144358
-0.655653
-0.0559836
0.119393
0.00825034
0.881912
0.314437
0.220904
0.37364
0.375178
0.114829
0.234958
-0.176922
0.201782
0.156592
0.472279
0.17363
-0.0856249
0.102641
0.233917
0.150777
-0.378035
0.71308
-0.132704
-0.107604
-0.457048
-0.522412
0.350344
0.0577225
-0.141534
-0.259264
0.152257
0.119789
-0.105649
-0.35492
0.392336
-0.000985735
0.0955096
0.238155
-0.175292
-0.0872055
-0.103252
0.13633
-0.628579
-0.203973
0.25944
-0.314962
-0.0705239
-0.42193
-0.0538514
0.514236
-0.642065
-0.334906
-0.411482
0.311559
-0.0418396
-0.0819797
-0.520652
-0.143701
0.209495
0.0639594
-0.236046
0.130386
-0.169604
0.28253
-0.0496888
0.183693
0.162607
-0.527674
-0.284563
-0.287038
-0.423723
-0.428354
-0.0356005
0.316226
0.144633
-0.220726
0.234916
0.238806
-0.275853
-0.257101
0.405324
0.24825
-0.0633815
0.178589
-0.541551
0.367542
0.091864
0.389467
0.0480636
-0.460741
0.299888
0.183526
0.4313
-0.175294
0.215621
0.0377998
-0.247172
-0.198451
-0.298719
0.129596
-0.240297
-1.06357
0.222173
0.210212
0.08176
0.0914349
0.110367
-0.366745
-0.59914
0.263625
-0.0107833
0.484445
0.438886
0.295731
-0.543866
-0.157357
-0.344283
-0.0284395
0.252078
0.0613011
-0.553049
0.436044
0.00824284
0.0290334
0.311846
0.353027
0.0352201
-0.197759
-0.150883
0.420427
-0.308994
0.00653449
0.00767182
-0.0749866
0.216152
0.233815
0.0294698
0.230109
0.390046
-0.26893
0.581099
0.0615561
-0.219834
0.0913769
-0.1088
0.311084
-0.339021
0.0137851
0.284272
-0.138509
-0.343066
0.0453825
0.167249
0.197846
-0.406919
-0.0546538
0.194999
0.317137
-0.175515
-0.0174145
-0.207411
-0.348973
0.0844087
0.162211
0.243439
-0.0849841
-0.311623
-0.508787
0.162547
0.257677
0.639412
-0.0859085
0.165935
0.550246
0.0677733
-0.118683
0.500135
0.0811364
0.369817
0.0221544
0.0988915
-0.447385
-0.00770703
0.257325
-0.0671458
0.278582
0.0753003
-0.204977
-0.343027
0.35453
-0.168389
0.416417
-0.12507
0.313943
0.40063
-0.288181
0.785975
-0.0853579
0.028639
-0.0431464
0.0099119
0.0484099
0.0144244
0.236754
0.32027
-0.232524
-0.536011
-0.0398876
-0.189358
0.136754
-0.29591
0.281107
-0.522941
0.537757
0.263132
-0.176316
-0.0754895
-0.122642
-0.49661
-0.0505556
-0.0507765
0.0885161
0.049042
-0.161902
0.277902
-0.151434
-0.267709
-0.138865
0.378835
-0.459117
0.101073
-0.203785
-0.0625571
-0.135438
0.0491194
-0.127485
0.770469
0.0652075
0.20887
-0.0791256
-0.241756
0.0274359
-0.14356
-0.100199
-0.168778
0.0186861
-0.362015
0.0181084
0.265809
0.0418035
-0.083419
0.121097
-0.366912
0.033492
-0.206568
-0.114427
0.0309968
-0.266005
0.521308
-0.0196513
0.0406123
-0.353274
-0.454663
-0.213348
-0.00315477
-0.384702
-0.00900428
0.269988
0.424279
-0.38281
-0.0701604
-0.171064
-0.180767
-0.325814
0.416748
0.0563128
-0.0986651
0.145484
-0.504011
-0.660911
-0.220077
-0.223947
-0.136317
0.287068
0.277374
-0.068022
-0.415572
-0.825701
0.372401
-0.799058
-0.171722
0.856641
0.252788
-0.38647
0.0994395
0.327866
-0.0299213
-0.392476
0.121437
0.126656
-0.645232
0.222892
-0.031297
-0.0819429
-0.175565
-0.299488
0.207387
0.0312533
0.138916
0.389675
-0.365962
0.259126
-0.184354
-0.529742
-0.596033
-0.167866
-0.12888
0.213429
0.0057723
-0.165732
0.38292
0.00648986
0.156984
0.440972
-0.100965
-0.468309
0.392036
0.0571882
0.447087
-0.70715
0.120837
0.311285
0.345046
0.0315014
-0.0938058
0.42695
0.480062
0.363507
-0.20687
-0.00220849
-0.392594
-0.289322
-0.118373
-0.26743
0.402739
0.356381
-0.0445879
0.0289615
0.285104
-0.191392
0.260064
-0.0920169
0.576369
0.0307095
-0.357245
-0.621425
-0.0915492
-0.209878
0.3105
-0.0652888
-0.0177974
0.256184
-0.324357
-0.43981
-0.52831
-0.353375
0.351803
0.120607
-0.284663
0.352807
-0.0469327
-0.24167
0.331491
-0.163424
0.0246574
-0.68424
0.158513
0.566212
0.0636834
-0.197984
0.257139
0.503265
0.549106
0.0447534
0.0425889
-0.159481
-0.140628
-0.062136
-0.148162
-0.400998
-0.384856
0.132287
-0.336341
0.35961
0.268429
0.150171
-0.535509
-0.272332
-0.783897
-0.620338
0.166408
0.0535511
0.119429
-0.163589
0.294321
-0.305539
0.231047
-0.378495
0.0200152
0.113757
0.0483773
-0.48479
-0.240377
0.486186
-0.0271379
-0.212341
0.134835
-0.987041
-0.198673
-0.0235258
0.202667
-0.385842
0.100559
0.0879389
-0.504416
0.322102
0.234724
-0.232189
-0.246192
-0.556624
0.0528776
-0.0558507
-0.283033
0.0143284
-0.538804
0.448948
0.0625841
0.343629
0.647672
-0.529254
0.134258
-0.163815
0.182196
0.0843172
0.267188
-0.438653
-9.34103e-05
0.0364038
0.0731963
-0.137103
0.0205949
0.364227
-0.436697
-0.0987035
-0.250393
-0.123709
0.309489
0.314252
0.255426
0.0989964
-0.713005
-0.0884117
-0.349991
0.243899
-0.332616
-0.19136
-0.465821
-0.107551
0.328117
-0.192585
-0.178175
-0.215763
0.121268
-0.497307
-0.4881
0.174012
0.0348386
0.503064
0.293508
0.119501
-0.108601
0.129357
0.502226
0.074397
0.0562528
-0.112732
0.129345
0.129141
-0.0317384
-0.307947
-0.428755
0.277915
-0.34461
-0.25327
-0.0207143
0.338094
-0.227472
-0.514854
0.178143
0.0751312
-0.0644787
0.291283
-0.608092
0.439471
-0.0819425
0.266038
-0.0740721
0.168307
0.275901
-0.520021
0.199303
-0.431832
0.207969
-0.781075
0.015452
-0.05381
0.0916339
-0.566237
0.325296
-0.480153
0.0926326
0.194315
-0.384547
0.325604
0.0599135
0.513654
0.0348776
0.271055
-0.0604782
0.367272
-0.496543
0.401419
-0.147701
-0.617108
0.379803
0.229222
0.00538993
0.278257
-0.0991182
0.205127
-0.46394
0.546723
-0.0269064
-0.559004
-0.464628
0.0592283
0.0636674
-0.530041
0.223641
0.012929
-0.064668
-0.0662536
-0.0610964
0.311818
-0.285012
-0.104252
-0.211043
0.247487
-0.13756
0.323088
-0.118755
0.118082
-0.113099
0.0676678
-0.403578
-0.176219
0.526766
-0.142626
0.674017
-0.01078
-0.567441
-0.992926
0.00798416
0.158947
0.0806972
0.0495099
0.0307621
0.0110865
0.135037
-0.0541808
-0.13963
0.436007
0.00781245
0.108526
0.434318
-0.334058
0.22224
0.138025
0.0648491
0.0454593
0.0720606
-0.082575
-0.461208
-0.393353
-0.475491
0.0320264
0.463695
-0.331379
0.178416
0.42384
-0.36984
-0.0929468
-0.13828
0.630225
-0.380952
-0.177543
0.000617414
-0.0311331
-0.531289
-0.200049
-0.418971
-0.100207
0.205833
-0.381244
-0.119781
0.36612
0.270795
-0.354641
0.438676
0.156743
0.173388
0.235341
0.149508
0.310416
0.411692
-0.044815
0.200973
0.0992814
-0.0868117
0.287937
0.301339
0.248725
0.137717
0.0107286
-0.19367
-0.101034
-0.01236
-0.103015
-0.597779
0.174399
-0.130334
-0.477997
0.106208
-0.147565
-0.233452
0.2222
-0.0394029
0.531133
0.252888
-0.155458
0.276728
-0.2477
-0.00814655
0.243785
0.185681
-0.5663
-0.149483
-0.501408
0.451274
-0.17877
-0.0983753
0.0668496
0.655362
-0.759646
-0.024376
0.262058
-0.00979669
0.152918
0.0939331
0.148171
-0.130401
-0.276729
0.0790805
-0.272062
0.872401
-0.00386376
0.0553015
-0.78258
0.311149
0.0796466
-0.335615
0.28102
0.319967
-0.652001
0.0442095
-0.502284
-0.108108
0.0230509
-0.120214
0.0900536
0.33619
-0.0558916
-0.135067
0.635038
0.164762
-0.105568
-0.226678
-0.0965617
-0.0153054
-0.336903
0.336076
0.336344
0.132579
-0.34815
-0.168225
0.0182732
0.183852
0.43728
0.112399
0.805471
0.429096
-0.265853
0.418537
0.0722136
-0.0181377
-0.118937
-0.413134
0.000191293
0.227865
0.287202
-0.419921
0.241848
-0.217228
-0.248158
-0.211898
-0.414184
-0.418934
0.0647837
0.171892
-0.531733
0.181502
0.254443
-0.0653598
-0.052783
0.123979
-0.161587
0.063208
0.606392
0.543434
-0.0508461
0.438505
0.721815
0.303634
-0.129223
0.471391
-0.198696
0.0217027
-0.232933
0.344725
-0.100877
-0.0527733
0.457352
-0.0773643
-0.30729
-0.0712706
0.194645
0.323573
-0.601125
-0.047064
-0.226062
0.348283
0.134165
0.424283
-0.184723
-0.342387
-0.422222
0.265145
0.173113
0.500372
0.119231
0.245197
0.0419971
-0.226455
0.573491
0.0905514
-0.260105
0.423201
-0.0771592
-0.242055
-0.572327
-0.48833
-0.234525
0.119834
0.322133
0.153834
0.205051
0.0862288
0.704124
-0.00339605
-0.30416
0.00247002
-0.39461
-0.130141
-0.148651
-0.00381487
0.573894
0.369609
-0.165933
0.0930901
0.623339
-0.707782
-0.397532
0.465769
0.227649
-0.10903
-0.205449
-0.826126
-0.0151826
-0.450559
0.237782
0.175415
-0.251481
-0.252045
0.234491
0.112009
0.235417
0.491526
0.434025
0.429138
-0.453257
-0.0240269
0.0146327
-0.313857
-0.0763563
-0.202584
-0.210803
0.0858132
0.275485
-0.0739198
0.19308
0.0187793
0.0121308
-0.0624161
0.284387
-0.237891
-0.152095
0.102782
0.160419
0.383507
0.414523
0.0523767
0.0995128
0.139697
0.0697399
0.254369
-0.0875132
-0.488113
-0.114622
0.03975
-0.388705
0.255026
-0.527672
-0.412121
0.366704
-0.415621
-0.325395
0.153033
0.278504
-0.02843
-0.239794
0.291762
0.0565522
-0.232308
0.378815
0.197471
0.145633
-0.181472
0.198184
-0.27588
-0.717187
-0.0482392
-0.0517204
-0.105069
0.0207196
-0.62331
0.0696872
-0.0537323
0.518644
0.359517
-0.223539
-0.525028
0.499097
-0.0289071
-0.167395
-0.0467602
0.0442848
0.212487
-0.384084
0.0367189
-0.139639
-0.415709
0.38546
-0.0479775
0.406654
0.35548
-0.525413
0.125047
0.471893
-0.293903
0.0701026
0.323002
-0.385392
-0.67
-0.355815
0.0566419
0.654434
-0.34459
-0.499636
0.241622
0.22307
-0.201689
0.4704
-0.515181
0.227233
-0.169584
0.0538122
-0.0326978
0.316095
0.0149212
0.171207
-0.0198766
-0.456091
-0.106875
-0.0259937
-0.431274
0.0083092
0.0547601
-0.142772
0.137006
-0.322489
-0.311648
-0.406803
0.0983845
-0.142551
0.0974347
0.369791
0.583021
0.135104
0.0537448
0.471749
0.323554
-0.339003
0.0218455
0.130668
-0.170024
0.169138
0.364178
-0.112307
0.411682
0.56996
-0.407765
0.207656
0.727957
-0.46563
0.417395
-0.0846297
-0.0322192
-0.0113968
0.125251
0.546654
-0.294505
0.199555
-0.0236459
0.0822392
-0.262113
-0.165758
0.180161
0.512975
-0.0455327
-0.0642026
-0.264986
-0.17526
0.189084
0.00970722
-0.576245
0.239051
-0.112995
0.326935
-0.216014
-0.287961
0.190417
0.0656188
0.0129745
-0.0303794
0.331416
-0.0655781
-0.291447
-0.263588
-0.175078
0.107838
-0.165322
-0.161889
0.0576734
0.556534
-0.4138
0.426448
-0.124357
0.147508
0.276904
-0.142065
-0.268931
0.356802
-0.342277
-0.0504955
0.290616
-0.101708
-0.129487
-0.173145
0.0759369
-0.211537
0.0487267
0.111695
0.259374
0.233942
0.209513
0.168257
0.0446557
-0.113825
-0.0992279
-0.338382
0.056358
0.527821
0.283107
-0.119934
0.343912
0.258596
-0.349378
0.136701
-0.157999
0.342197
-0.134017
0.56715
-0.608046
-0.356503
-0.533294
-0.272139
0.288754
-0.0432527
0.375748
0.589459
0.466731
-0.029105
-0.115136
0.827419
0.611146
0.522485
0.509964
-0.269483
0.0366802
-0.467138
0.0357186
0.29954
-0.372656
0.116269
0.269835
-0.188799
0.21773
-0.302734
-0.911836
0.564019
-0.58247
-0.4933
-0.030621
-0.234992
-0.0230874
-0.0988745
0.103368
0.00181017
-0.519842
-0.2751
-0.345381
0.591368
0.176488
0.0738049
0.335271
0.329096
0.119326
0.236819
-0.284702
-0.219026
0.0432239
-0.471506
-0.545701
-0.283585
-0.311804
-0.314388
-0.177655
0.077491
0.392088
-0.64014
0.2812
0.283388
-0.169907
-0.169117
-0.235525
0.0135653
0.733977
-0.333625
0.22869
0.190636
0.317511
-0.357475
-0.611102
0.0924426
-0.296339
-0.274122
-0.242133
0.290817
-0.0947032
0.170336
-0.0568671
-0.0330037
0.472927
0.295732
0.523673
0.0465639
0.53901
0.111662
0.144345
0.666496
-0.461838
0.12606
-0.100563
-0.0616794
0.138592
-0.29725
0.146585
-0.0981719
-0.870665
-0.207758
0.229257
0.0668253
-0.155831
-0.507166
0.384934
0.127261
-0.0134407
0.0119594
-0.236306
-0.220308
0.249127
-0.230953
0.110029
-0.151076
-0.429083
0.0223701
-0.717675
0.183517
0.243789
0.153617
0.251868
-0.394824
0.273738
-0.0804745
0.0116787
-0.151346
0.205738
0.704769
0.474654
-0.0305657
0.353457
-0.566687
0.101642
-0.496777
0.481717
-0.0363304
-0.550386
-0.0932095
-0.0387865
0.200356
-0.223371
-0.626991
0.0163751
0.362654
-0.271884
-0.0523465
-0.012038
0.146017
0.690413
0.102466
-0.1886
0.119784
0.311831
-0.197481
0.339854
-0.0909333
-0.170897
-0.071007
-0.233429
-0.0944905
-0.608661
-0.102576
-0.0202235
-0.632813
0.0999955
0.0563651
-0.159817
-0.155575
-0.401917
0.366721
-0.399248
0.293868
-0.735318
0.125634
0.155666
-0.0670411
-0.460602
0.394961
-0.302298
0.571404
-0.241742
-0.380861
0.0384015
-0.759467
-0.00850384
-0.0573905
-0.247149
0.170935
-0.202444
0.150258
-0.275915
-0.364044
0.118491
0.0133315
-0.271579
0.144007
-0.100635
0.137315
0.14012
-0.609613
-0.0157225
-0.160321
0.0288036
-0.329842
0.0205053
-0.292017
0.0748268
-0.0684161
0.417217
0.0477237
0.185609
-0.337287
0.00846503
-0.292424
0.0274947
0.22458
0.0459059
0.0519915
-0.0443287
0.434719
-0.0475335
-0.0713079
-0.17779
-0.232321
-0.0441856
0.275048
0.0730157
-0.869098
-0.144472
-0.27814
0.151733
0.246268
-0.199872
-0.0353564
0.00744865
-0.49254
-0.38981
0.231815
-0.0444663
0.102383
0.212279
0.134115
-0.103398
0.470026
-0.173185
-0.0420542
0.407154
-0.428559
-0.123306
-0.347177
-0.321064
0.244071
0.178247
0.368818
-0.0684601
-0.0538332
-0.567497
0.619056
0.221054
-0.291723
0.0157705
0.430549
-0.362664
-0.111731
0.0188192
0.742715
0.32972
-0.308778
-0.196602
-0.224364
-0.37803
0.231582
1.28942
-0.06402
-0.745997
0.324397
-0.518523
0.011058
0.0628432
0.103517
0.309935
0.299258
-0.0381565
-0.129341
-0.153418
-0.202767
-0.105678
0.458262
-0.652381
0.233222
0.116243
0.083982
-0.239592
-0.092412
0.235108
0.430591
-0.0527178
0.15878
-0.145227
0.172592
-0.164005
0.031896
-0.820505
0.160469
0.0944135
0.178176
0.163388
0.133828
-0.206669
0.0155411
0.116989
0.4221
-0.237227
0.232232
0.112657
0.241
-0.322548
-0.0766897
-0.434645
0.660056
-0.208476
-0.433469
0.113374
0.0387902
0.148262
0.318686
-0.13208
-0.0285479
0.432862
0.350131
-0.540499
0.152195
0.0355617
-0.0219512
0.019045
0.357751
-0.00299804
-0.0593615
0.199397
0.22106
0.0949076
-0.245214
-0.708549
-0.103448
0.256768
-0.180686
0.0958061
-0.146879
0.522857
0.0096683
-0.182411
-0.0561885
0.114119
0.379767
0.00776603
-0.554752
-0.339309
-0.0356543
0.0613754
-0.187616
0.520922
-0.51301
-0.257938
0.0147124
-0.441503
-0.117363
0.378752
0.751396
0.110985
0.263842
-0.500538
-0.475426
-0.231102
-0.274134
-0.179533
-0.170577
-0.193341
0.492969
-0.314361
0.0149768
-0.407427
0.0820122
-0.554627
0.631748
-0.265713
0.254544
-0.208453
0.35659
-0.098795
-0.382832
0.0201067
-0.384753
-0.103507
-0.225763
0.0381566
0.644851
-0.58781
-0.396885
0.41021
0.253075
-0.143973
-0.595325
0.00514849
-0.500472
0.0424257
-0.11628
-0.470096
-0.141796
0.455673
-0.26338
0.281846
0.0281196
0.423314
-0.556896
0.165322
0.14523
-0.357664
0.253893
-0.155634
0.323985
0.236513
-0.43183
-0.00377447
0.523052
-0.26408
-0.0301833
-0.317768
-0.0886715
-0.53429
0.170321
-0.299667
0.0292468
0.154039
0.140468
-0.208246
0.0599035
-0.342357
-0.0739016
-0.0379151
-0.216954
0.429199
-0.172554
-0.205223
-0.457683
0.40687
0.433377
-0.731735
-0.154
-0.00824569
0.806885
-0.33256
0.366261
-0.150314
-0.688624
0.26009
-0.031619
-0.147377
-0.00678756
0.754557
-0.247975
0.0626647
-0.232509
-0.595625
-0.38309
0.417204
-0.169857
-0.0554282
0.0312593
0.226362
0.153657
0.528569
0.587844
0.148731
-0.784605
0.192757
0.460123
-0.901072
0.446531
0.263089
0.483016
0.345898
-0.275093
-0.165831
-0.161433
0.436806
-0.243291
-0.606566
0.750689
-0.144123
0.228155
-0.300803
0.156765
0.49052
-0.34956
-0.609599
0.197981
0.113407
-0.0783912
0.135177
0.437917
-0.000457751
0.182787
-0.209706
0.0689473
-0.268147
0.000627914
-0.0913716
-0.153081
-0.183451
-0.133133
-0.104279
-0.0289823
0.727289
0.178114
-0.547819
0.0160447
0.415624
-0.263179
-0.116865
0.183401
-0.291474
-0.184459
0.185006
-0.159568
-0.353917
0.414283
-0.0641172
0.324636
0.716148
-0.263552
0.116286
-0.375722
0.014131
-0.161854
-0.12212
0.283327
-0.449257
-0.226355
-0.375219
0.175706
-0.445589
0.0792641
-0.190859
-0.0903871
0.629035
-0.089427
0.512801
-0.10174
0.306497
0.217498
-0.280909
-0.485087
-0.117496
-0.440295
0.0521693
-0.278434
-0.697632
0.0790514
-0.743043
-0.444878
-0.594425
-0.032039
-0.0755149
0.260011
-0.0524414
0.108678
-0.438455
-0.353295
-0.291761
0.327991
-0.125378
-0.255391
1.00503
0.183465
0.263153
0.023028
-0.337713
-0.566669
0.616207
-0.571714
0.161258
0.0194394
0.388312
-0.0259978
-0.335431
0.511861
-0.0380249
-0.121178
-0.0854664
0.261859
0.183063
-0.0446599
-0.158292
-0.0654647
0.171076
0.537074
-0.0402443
-0.217378
0.475833
-0.181653
-0.193575
-0.145391
0.157427
0.213672
0.198085
0.524786
0.0872012
0.167419
0.485442
0.0261495
-0.092185
-0.54765
-0.15849
-0.0837505
0.170453
-0.540486
-0.040177
-0.102744
-0.269039
-0.0487316
0.400513
-0.603978
0.120355
-0.238319
0.0990249
0.510144
0.207561
-0.0224973
0.161911
0.252449
0.175623
0.115931
0.00498543
0.323993
-0.00901699
0.260938
0.12263
0.130354
0.0319653
-0.393856
0.355464
0.0136542
0.147712
-0.462571
0.199099
0.329856
-0.323316
-0.0190034
-0.228147
0.0617558
0.230741
0.12973
0.441631
0.283633
0.0769103
-0.0786767
-0.267667
-0.285766
0.301374
0.245955
0.0620523
0.344756
0.0675686
-0.100554
-0.202026
-0.406171
0.431175
-0.272933
0.210027
-0.818234
0.430329
0.0280025
0.689262
-0.358164
0.134223
0.505864
0.152947
-0.508265
-0.310245
0.454512
0.0589953
0.140192
-0.433884
0.0951913
0.143666
-0.143454
-0.0840759
-0.247989
0.030376
0.93682
0.37044
-0.219787
0.222689
0.0832988
-0.133282
-0.11423
0.0427365
0.360561
0.0539467
-0.00848918
0.34106
0.101424
-0.339431
-0.318019
0.284765
-0.885823
0.179796
-0.28932
0.483523
-0.198494
0.0434147
0.104852
0.223082
-0.14948
0.177008
-0.0296521
-0.445583
-0.171027
0.247796
-0.087191
0.125865
0.126935
-0.273801
0.0758281
-0.385726
0.0788531
0.129236
0.136342
0.154569
-0.515792
-0.160642
0.137251
-0.025187
0.220076
-0.588486
0.0894809
0.296124
0.211979
0.421383
0.150812
0.197494
-0.690978
0.0140501
-0.0484661
0.201505
0.210089
0.370992
-0.0889298
0.262941
-0.0209052
-0.272801
0.294599
0.0549981
1.33394
-0.00759929
0.0316342
0.0107936
-0.0933012
0.0302084
-0.0388596
-0.481916
-0.490983
-0.246752
-0.0260677
-0.0594479
-0.523636
0.516741
0.239254
0.041901
-0.272382
0.209779
