0.81962
1.84793
1.43467
0.252357
0.292921
0.381096
0.57226
0.049843
1.37043
0.699094
0.077151
0.0709106
1.62281
0.187523
2.19703
0.100192
0.640961
0.211509
0.406028
0.508035
0.67702
1.25169
3.82537
0.38118
0.128083
0.977351
0.655757
2.052
1.7359
0.0852965
1.17223
1.2573
0.162575
0.177568
0.175567
2.8982
0.259511
0.105003
0.246752
0.33389
0.0440476
4.4539
0.452404
0.208594
0.345628
3.8099
2.6898
0.854692
1.09427
0.423409
0.0689073
1.74163
1.54101
0.567124
0.19963
6.07714
0.153739
0.651314
0.0467838
1.94101
2.38723
1.94301
1.22439
0.527174
1.1895
0.453551
1.61724
1.06261
1.167
1.85755
0.0993507
0.790801
0.0834881
1.33921
0.962747
1.87439
1.89752
0.0136012
1.26095
0.321103
0.334899
0.317608
0.199209
1.30301
0.88622
0.989834
2.1132
0.688497
3.16646
0.0475518
2.11976
0.292732
1.21622
0.0158914
0.796498
1.91337
1.09527
1.06878
3.14497
2.65755
0.375247
0.263994
2.59372
0.0693414
0.737897
0.660015
3.53949
1.02843
2.93461
1.56907
0.476244
0.025967
5.62361
1.30532
1.29334
0.881618
0.334486
0.907628
1.80457
0.219736
1.44863
2.022
1.35664
0.0489795
3.4727
0.596489
0.766685
0.142936
0.439692
0.12683
1.03641
1.69861
0.00863955
1.31275
0.342112
0.255789
0.0306738
0.640511
0.513853
0.579882
0.105108
2.84937
1.80316
1.85388
1.91831
0.99035
0.308958
0.581885
2.16519
2.09916
1.20206
0.385681
0.241497
0.00309706
0.637134
3.0957
0.981608
0.225471
0.10264
0.0757523
0.228163
1.13848
0.291232
4.0396
0.0521029
0.148708
1.68015
0.451021
0.196747
1.74534
0.914411
1.18764
0.31043
1.90625
1.41726
2.13731
0.972436
1.22211
0.350658
1.84646
0.666919
2.66085
2.85254
0.625742
3.20408
3.03993
0.30734
0.527023
0.105406
0.125492
4.66316
1.48818
0.475579
0.248358
4.88074
0.205655
0.126266
0.145607
3.21078
1.53558
2.21311
1.4347
2.41304
1.9084
0.49398
0.0649537
0.30196
0.403418
2.1568
1.68182
4.99161
0.916061
0.141356
0.378262
1.39769
1.80527
0.262535
3.06068
0.796951
0.131529
0.383933
1.36583
1.2369
0.958745
1.02157
1.69153
0.223546
0.0774603
0.262786
1.89866
0.326713
3.27676
0.513638
1.28732
0.472743
1.65962
0.0889624
0.568938
0.355369
0.305113
2.41989
1.97008
0.366349
0.456415
0.0732109
0.48477
2.24464
0.17581
0.573951
1.09946
0.568176
0.235164
0.424467
0.68107
0.126145
1.19677
0.649018
0.117146
0.62704
0.351056
0.869007
0.552715
0.130297
2.64837
1.36278
0.46867
1.92931
0.620843
0.661375
0.0515617
1.49979
0.532217
0.369069
0.458211
0.47841
0.0347892
0.541034
0.653799
0.735775
0.382086
1.52697
0.27895
1.37075
2.14937
1.11772
0.0613798
0.339557
1.27171
0.727697
1.71883
0.914053
2.70127
0.308452
0.898685
1.68791
2.05725
1.40901
0.649541
0.253793
0.362502
0.248069
2.29781
0.456229
2.53349
0.580076
1.1112
0.37514
3.09782
0.235326
1.02282
3.19101
1.02036
2.51144
1.4718
1.08615
1.30433
0.170426
0.10048
0.790643
0.384987
0.228486
0.469234
0.56933
0.296395
2.52629
0.309539
0.342895
2.49341
0.946366
1.10484
1.14116
0.114226
0.833438
0.358558
0.0401089
0.00706481
0.966669
1.38406
0.294185
3.86301
1.95441
1.67958
0.586488
2.67023
0.933656
0.112203
2.46958
0.768142
0.926883
0.162741
1.3519
1.88009
1.42886
1.14987
0.630189
1.62019
0.280567
0.133897
0.202494
0.119388
2.13129
0.103616
0.122083
1.125
1.2661
0.100762
0.368489
0.910353
0.082936
1.16711
1.83265
0.379548
0.00562682
0.86427
1.72452
0.18403
0.533729
0.0978295
0.896767
1.24711
0.00751683
1.9508
1.23811
0.886144
0.529906
0.0470262
0.406045
1.44242
0.566384
0.249861
0.491781
0.926803
0.110454
3.38949
0.864345
1.06133
0.264035
0.891928
0.196852
2.23589
1.2443
1.49559
3.05718
0.23994
1.48941
0.471361
0.237393
2.31678
0.554891
0.170706
0.729394
0.300875
0.554913
0.493761
3.32859
0.556833
2.21116
0.20535
0.122876
1.23385
0.684521
0.874381
0.0787219
0.0100745
2.26854
2.7188
1.80025
0.557311
0.919468
0.303831
1.6763
2.1578
0.872936
0.259225
1.79224
0.613677
0.543884
0.2789
0.981637
0.428984
4.60184
0.336101
0.254056
0.3904
0.728187
0.17596
0.872643
3.38798
0.24178
0.54475
0.676169
0.954565
0.673635
1.79974
0.18449
4.3276
0.849286
0.549251
5.22979
0.0763014
4.53405
0.251065
2.3444
1.67696
0.24653
0.810016
0.724925
1.20022
0.470477
0.064637
0.808121
0.207187
0.642394
0.499099
0.704184
0.373986
1.26343
1.60357
0.378162
0.0827034
1.3272
3.31457
1.26373
0.254833
1.01612
1.70914
0.331963
5.02165
0.351333
1.56827
0.276296
0.503772
0.114263
0.56752
1.4333
0.859817
1.11265
0.800588
0.927268
0.872463
1.21635
0.372233
0.715297
0.0382784
0.0552329
0.0678727
0.815667
0.88893
0.070331
0.449295
2.31329
2.48202
0.611085
0.451959
0.591441
1.28373
0.429294
0.259747
0.134055
0.286775
1.4063
0.513737
1.01748
0.022274
0.280913
1.16433
0.112926
0.0839818
0.43
2.56254
0.488275
1.26827
2.80114
0.388663
0.765889
1.04095
0.738786
1.17362
1.22724
1.31021
1.18104
1.74713
0.901459
0.434075
1.02664
0.0701754
0.482724
1.3155
0.151326
0.283476
0.442774
2.1924
0.435469
0.821572
0.0249165
0.856445
0.5775
0.42202
0.870406
0.761547
0.988688
0.79948
0.325439
0.621972
0.405346
0.0570591
1.07836
1.44324
0.130928
3.44624
1.27894
0.440887
2.575
1.71349
2.29526
2.12048
1.11139
0.134494
1.48189
0.990009
0.606935
0.214971
2.45291
0.367752
2.70114
0.428961
5.2026
2.45928
1.62556
1.70585
3.31329
1.16519
0.260541
0.474399
0.936958
0.725323
0.685187
0.46479
0.413708
1.24074
0.517969
1.63292
1.24325
0.76212
0.0745626
0.980894
0.74033
3.0296
0.214667
0.0236681
1.31144
0.202012
0.474244
0.200041
1.5393
1.24608
0.0176403
0.407127
3.37119
0.589075
9.2103
1.80426
0.104664
0.0323629
0.47707
2.79774
1.34486
0.424031
0.575808
1.6988
1.79521
1.05254
0.107829
0.895284
0.946705
1.35579
1.90138
0.559973
0.75894
1.43246
0.777137
1.0456
0.513144
0.722201
0.288522
1.5086
0.306393
1.92932
0.860431
0.178194
0.401897
0.695092
1.95814
0.577036
0.777684
2.46142
1.32836
0.727415
0.736821
0.565815
0.00794522
2.4689
0.831093
0.79923
0.0417815
1.99817
0.294122
0.549129
0.590563
1.81525
1.28293
0.645635
0.539595
0.496654
3.20655
0.460746
0.206872
1.14141
1.03716
3.49769
0.383557
0.0374782
1.19487
1.58606
0.160325
1.4065
2.26863
0.992077
0.090882
2.69957
0.0867608
0.398843
1.31978
3.42492
0.539313
1.80653
0.0623037
0.425261
0.0252294
0.0863711
0.267128
1.03804
0.229411
2.40187
2.00367
0.472889
0.584362
1.27122
0.657738
0.488868
0.505251
2.35328
0.692082
0.0743258
0.23564
2.86395
0.676014
0.736804
2.26506
0.567078
1.79573
3.55477
3.22453
0.791083
0.053163
0.44525
0.0158069
1.37746
3.39254
0.467726
0.108294
4.06221
0.162822
2.02415
0.213129
1.03729
0.694178
1.76556
0.547704
1.14291
2.5843
2.19186
1.51311
0.591308
0.306582
0.779239
3.30531
0.0541669
0.569501
0.453691
0.174636
0.725939
0.265689
0.574302
0.81649
0.29656
3.03194
0.473273
3.10546
0.492247
0.700555
1.21624
0.345677
0.488391
1.20727
0.0203935
0.00462401
0.919419
0.0237539
0.843219
0.709401
1.39572
0.0050464
0.45041
2.82972
1.829
0.700693
0.00104349
0.687328
0.493646
1.07544
1.85278
1.15615
2.4808
0.547578
1.84688
3.00785
1.68557
0.00041568
0.755001
4.84379
0.628517
0.435733
1.2287
0.573318
0.484049
0.997508
1.10012
0.336443
0.0397757
0.00303061
1.04821
1.18555
0.467047
0.0231898
2.07758
0.612366
0.70305
0.275544
0.35115
0.475839
0.114058
0.426559
0.279196
0.0391111
0.471695
0.237497
1.31555
0.0161166
0.111203
1.50229
0.481236
0.222243
1.32334
0.165051
2.85362
0.537966
0.334673
0.267741
0.251745
0.552887
0.023512
2.72093
0.117143
0.762699
1.63138
0.0970114
0.0916231
0.429413
3.01425
0.766382
0.601157
2.0506
0.0553472
1.17934
0.147411
0.304285
0.159671
1.07815
1.00896
2.37621
1.22438
1.21858
2.20712
0.0835183
0.129173
0.771824
0.117253
1.33716
0.869783
0.380103
0.00888225
0.215756
0.38868
0.841346
2.15252
0.165165
0.396439
0.0478393
3.87985
0.784661
2.1154
2.47054
0.592597
1.16716
1.02197
0.818693
1.17892
0.67873
1.35548
0.529921
1.07213
1.95694
2.06178
0.319285
0.288693
1.03359
0.8395
0.241924
0.507303
1.21536
0.658095
1.60267
0.854795
0.906363
1.40348
0.73438
1.70228
0.10631
1.44332
0.274683
0.842917
1.67535
0.670637
0.403157
2.04606
1.80026
1.55387
0.343351
1.37585
0.335373
0.980725
1.68255
1.19567
0.400976
0.421817
1.11907
0.294763
0.586828
0.79109
0.0469702
0.218511
0.188958
0.0174161
4.05502
0.314378
2.53284
4.01128
0.151106
1.83599
0.0403518
0.380806
0.287353
1.05531
0.175348
3.52009
1.00608
0.616833
0.754242
2.89822
1.10193
1.01551
1.05746
1.93044
1.65483
0.35906
0.663671
3.42547
1.69282
0.16374
0.846761
0.331679
0.180834
0.235604
2.31362
1.23823
0.601107
0.0814854
0.0145132
1.37779
1.11237
0.294472
0.300975
1.30851
0.642659
0.767305
1.13659
0.227077
0.852221
0.742542
0.251244
0.17771
0.0126877
1.53346
1.70025
1.10957
0.89719
0.164281
0.00422897
0.155818
1.42055
0.0120432
0.958571
1.1056
0.125151
2.86279
0.647559
1.73555
0.986441
1.23475
1.42978
0.818882
1.10899
0.182027
0.0436019
1.46693
0.998656
1.58363
1.95852
1.02112
0.392019
0.281653
1.16316
0.299746
0.584701
0.0374701
1.10374
0.0195353
0.0545145
0.20048
0.272156
0.101448
0.746623
0.958312
0.886602
2.12186
0.0172716
0.845144
1.77525
0.192541
3.51092
2.89607
1.46764
1.68591
1.22653
0.0433626
1.9066
0.0254892
0.170391
0.024331
0.456933
0.496649
0.763346
2.0449
0.237118
0.0386419
0.319323
1.50313
2.72085
0.0369432
4.00596
0.40368
1.18162
3.0486
0.404611
1.78944
1.56553
1.12342
1.32188
0.214405
0.417577
0.735595
1.79768
0.284555
0.328785
0.478032
0.408089
0.522606
0.449691
0.0323826
0.68182
0.927345
0.328078
0.704893
2.23365
1.50787
1.95594
0.884935
0.839222
1.51844
0.0667443
0.621013
0.0557383
2.70194
1.91962
1.06277
0.223164
0.72039
1.10953
0.508758
0.103733
0.638978
0.739159
0.716889
3.3459
0.978845
0.319135
0.929004
0.413444
1.09741
0.398898
1.24119
0.347458
0.644275
1.52327
0.582858
0.260944
0.570238
1.78034
1.03185
1.81538
1.78178
1.7353
0.0139143
0.886209
1.27841
0.414919
1.15365
3.65385
2.25203
0.944541
1.14395
0.149378
1.05274
0.350791
0.248063
1.04001
1.37504
1.58066
1.55735
0.28545
0.0696819
0.335705
0.142622
0.690736
2.44503
0.389799
1.33911
0.137738
0.255616
2.39471
0.0289509
2.17696
0.106184
0.90128
1.17539
0.0745304
0.679833
0.517809
0.94809
1.35513
0.709173
1.21365
1.76034
0.39871
3.12039
1.90822
0.26535
0.69582
0.407849
0.669574
0.0954537
0.144523
1.56133
0.0846567
0.915343
0.415784
0.390672
0.267185
2.10634
0.074174
0.197274
3.69424
0.167841
1.67244
0.327451
0.496415
0.0404023
0.636787
0.48551
1.43025
0.623039
1.03845
0.902973
0.621136
2.37087
2.04242
0.480427
0.0985125
0.390697
2.69682
1.55874
0.422999
2.13984
1.11608
0.18889
0.297736
0.0482866
0.250732
0.032194
1.67132
0.433275
0.107487
0.831633
1.0043
0.921106
0.156768
0.634457
0.893379
0.429223
0.360084
1.5549
1.38994
2.36859
0.10048
0.0328748
0.734659
0.757112
4.97779
1.9594
1.11383
1.1464
0.247264
0.0968499
1.06692
0.796862
0.654682
0.0675648
0.293313
1.46456
0.710591
0.0948092
1.92024
2.37265
0.0142695
0.475563
2.36626
1.45143
0.155633
1.80712
0.451565
1.62647
0.664956
2.35229
1.87316
0.301668
0.477227
1.45561
0.306884
0.413321
0.329358
1.64435
0.910143
1.30172
0.29693
3.13307
0.199552
1.33747
1.31809
0.395667
0.608972
0.613739
0.238541
0.0937311
1.08191
0.00356018
0.0668482
1.23779
0.0182226
0.850781
0.2707
0.00918399
1.73799
0.852171
3.42124
2.51482
0.667773
0.393871
1.12316
1.3948
0.594433
0.178647
0.0181123
0.0659253
0.597562
0.660434
2.99542
0.272645
0.747441
0.0440546
0.0442567
0.582175
0.0767006
0.855911
0.853462
3.69695
0.700549
0.613496
0.232113
4.85158
0.314885
0.314273
0.943404
0.293356
2.21128
1.93427
0.124958
1.71273
0.295409
0.0309212
0.606697
0.510017
1.42105
2.36347
0.830075
0.230361
0.17775
0.741066
0.286152
0.936261
1.32825
0.161048
0.989437
0.325114
1.97428
0.025209
0.794295
2.10287
0.776099
0.33734
1.90587
0.144193
5.45469
0.327962
2.95723
0.49707
1.90989
1.92758
2.31167
1.85328
0.489817
2.32018
0.351301
0.760883
0.421174
0.099427
1.37289
0.280692
0.513686
0.679094
1.82029
0.638834
0.0893311
0.519496
1.32652
3.7447
1.10187
0.183407
0.200081
2.9281
0.225178
1.33217
0.156468
0.770506
0.926465
0.141212
0.379415
0.650939
1.05226
1.2523
1.72126
0.811695
0.955003
0.436372
0.0867631
1.91189
0.361041
0.159684
0.330722
1.24091
0.742013
0.217235
0.638163
0.177311
0.109137
1.95191
0.428133
3.58732
1.76278
0.150868
2.23433
0.21242
0.0410012
0.741218
1.50919
4.84286
1.23572
0.614013
0.221446
0.282808
2.07047
0.495513
1.01629
0.832514
0.43636
1.59741
0.943803
2.36924
0.147969
0.394007
0.241568
0.124638
0.134727
0.28862
3.17395
0.471797
1.53134
1.27218
0.189604
0.160202
0.490836
0.696228
1.05495
0.407662
0.0317099
0.298035
0.381366
0.618782
0.424929
0.0688986
1.14968
0.354229
0.605616
0.640728
1.95756
2.0075
0.242031
0.8499
0.886144
0.847916
0.175926
0.482442
0.48941
1.64582
0.195567
0.393794
1.57023
2.08703
0.0237471
0.338974
2.1353
0.129004
0.176253
0.22179
0.0539324
1.10659
0.418826
0.0664467
0.0487987
1.35809
0.315081
0.0750684
1.55896
0.0643817
0.0892837
2.94934
0.00235788
1.70689
1.99412
1.18843
0.035851
0.0397782
2.07123
2.41727
2.58881
0.204746
1.34515
2.6755
0.571962
0.595521
0.308366
0.364206
1.03837
1.08997
1.00137
1.912
0.342224
2.57575
0.821027
0.515041
0.445384
0.0165205
0.424269
0.12173
3.02919
0.700338
0.423351
2.39418
1.01457
1.43389
0.231778
0.564308
0.0903577
0.370117
0.347938
0.479004
1.39248
0.400002
0.313485
1.57887
0.285481
0.128768
0.435296
1.47975
2.68687
0.296039
1.15311
0.447165
0.0319574
0.148386
0.477974
0.0821616
1.02464
0.319801
0.0182
1.00224
1.03748
0.900598
0.757131
0.241512
0.215444
0.292892
2.50364
1.15652
0.202496
0.218799
0.290867
2.09571
0.131751
4.54583
0.71622
1.58171
0.0669935
0.999035
0.906666
0.218718
0.856929
1.47599
0.185243
1.76247
0.210066
0.782663
1.40749
0.607513
1.21618
0.996219
2.06132
0.245588
0.183629
0.773177
0.231104
0.0919383
0.792034
3.04815
0.358624
0.240648
1.11577
1.81865
1.04745
0.756195
0.210266
3.26739
3.71791
0.651259
0.546247
0.181084
0.0492011
0.34627
0.137593
0.347761
0.375109
1.67083
0.891464
0.601261
0.708812
1.91723
1.29729
0.739874
0.329071
0.0312902
0.819465
1.44046
0.611865
1.08588
0.472991
0.130701
0.666827
1.06533
1.60041
1.24575
1.10315
1.03153
0.85459
1.93428
6.51954
0.147997
0.560009
0.415901
4.86884
0.135994
0.650701
0.0724316
3.11071
2.17191
0.779096
0.171367
0.510342
0.164252
1.30208
1.52745
0.136431
0.350719
1.14287
1.06602
1.98424
0.643789
0.354565
1.5097
3.34709
0.483492
0.101232
0.183395
3.09617
0.717246
4.15133
0.265935
0.497966
0.613388
0.357041
0.605516
1.02741
1.22592
1.35211
0.898947
0.987891
0.758142
0.357108
1.81017
1.09666
0.874572
0.812664
0.922065
1.00244
1.96228
0.571918
0.0693574
0.184651
2.31103
1.4618
0.621619
0.609369
0.196342
0.202834
0.604196
1.40143
2.85063
1.80915
0.152919
1.13891
1.37008
0.73018
4.78583
0.050251
0.0125507
0.561828
1.71126
0.621793
0.418734
0.576842
0.621119
0.00793186
1.28026
0.52401
0.469058
0.288941
1.72956
0.148438
0.845625
1.15113
0.773855
1.43255
1.04654
0.124233
1.27332
2.95483
0.306861
0.0082685
0.623431
2.43398
0.0188017
2.47124
1.24873
1.06947
0.486072
0.253691
0.6573
2.22885
0.729461
2.92873
0.805152
0.109419
1.30442
0.0484043
1.11063
2.01168
0.546864
1.07629
0.27717
0.0361966
0.651684
0.47261
0.767639
0.254396
1.54247
0.0818219
2.31691
0.1457
1.55165
0.54398
0.270674
0.0362064
4.39592
0.0956988
1.85737
1.89915
0.0358003
0.632404
2.67793
0.0274765
1.39553
0.690736
2.19033
0.203255
3.63495
0.277022
0.57704
0.626803
0.923091
1.79403
2.32527
3.70919
0.95849
1.16763
1.98021
0.358891
3.59938
0.396715
3.23302
0.411888
0.307796
0.631368
1.06593
1.46969
0.763032
0.138436
0.392475
2.40475
0.892124
2.49052
2.64259
0.313724
0.686824
2.26596
1.3061
0.456537
0.127855
0.304109
0.730534
1.50449
1.65435
0.235063
0.17148
0.24976
1.9254
0.0594059
0.749196
0.402057
0.302864
2.48258
0.571217
0.468765
0.0529939
0.502715
1.03512
0.155755
0.823987
0.617088
0.790807
0.0925897
0.655942
0.342112
0.938253
1.90748
0.483949
0.749672
0.925815
0.102301
0.962374
1.75866
1.07162
0.0221287
0.407051
2.60918
1.86455
0.537883
0.506474
0.161796
1.37087
0.967311
0.914908
0.722719
2.74974
0.0812011
0.217139
0.156821
1.06654
0.507891
1.80699
0.209294
0.196693
0.68536
1.25693
1.94515
2.70377
0.412573
0.877011
0.663723
5.32964
0.57551
0.506547
0.00586273
1.73557
0.220709
0.147561
0.176631
0.310455
1.19826
1.8001
1.6315
0.0468336
4.45197
0.51273
0.345225
1.3526
0.644685
0.721226
0.314665
0.436798
1.40141
1.65009
1.84312
1.66229
0.175373
2.65757
0.954349
0.508053
0.565413
1.72349
0.680959
0.636414
1.7172
1.75835
3.5307
0.456528
1.36588
3.82301
0.796645
0.279644
3.24266
2.87124
1.17911
0.386262
0.0936019
1.39479
0.151905
0.237425
0.455181
0.205521
1.57499
0.00302255
0.233203
1.71711
1.22389
0.180647
1.3478
1.19976
1.11084
0.207104
0.0574845
0.73225
1.12349
0.142238
1.21796
1.15665
0.252652
0.469418
1.27091
0.588524
1.14341
0.27313
0.304435
0.291078
1.13782
1.77652
0.695436
0.284497
0.265281
0.0227423
0.358589
1.86916
0.0354007
0.787843
0.432219
1.19687
1.38738
2.15937
2.12065
0.10747
1.83278
1.44791
1.22751
0.08102
0.156753
0.488506
0.133763
0.139664
0.317698
0.258477
0.696207
1.95063
1.20881
0.799912
0.486232
0.453618
2.35157
0.161087
0.899477
0.621795
2.42641
0.252739
3.291
0.210152
0.510006
0.470517
0.230413
1.27109
0.143127
2.12822
0.251667
0.798005
0.606639
2.56731
0.0877579
0.340795
0.604259
0.0334172
0.161333
1.16489
1.49532
0.42201
0.0210593
0.0611967
3.86777
0.861001
0.779919
0.0351004
0.842831
0.0488403
0.181333
0.0590742
2.54
0.116019
2.72625
0.0901476
0.130466
1.66865
0.0979073
3.66268
0.353449
0.304849
0.0637878
2.01179
0.481566
0.310151
4.493
2.10795
1.91627
1.13093
0.247742
0.276505
0.156748
0.132249
0.708829
0.0893787
2.05436
0.164426
0.262205
0.00587302
0.572748
0.41152
1.98736
0.712381
3.55242
2.5223
2.10961
0.220786
3.80012
0.301527
0.731783
0.104989
1.04963
1.76522
1.04665
0.992787
0.293266
0.158028
0.694837
0.206069
0.522855
0.618126
0.522177
0.0307041
0.934258
0.0897783
1.45989
1.2749
0.851949
2.90844
0.275269
0.932498
0.0388822
1.03614
0.44386
0.668166
1.0173
0.43305
0.113289
0.11521
2.96492
0.0808836
0.0880801
0.51391
1.75067
0.143005
0.155899
1.47113
2.39177
0.0382688
0.553908
3.66792
2.74463
0.119595
0.807086
1.06828
1.30986
0.226258
3.85083
2.72619
0.0489011
2.89134
1.61739
0.105537
0.922055
0.152989
0.379869
1.89406
0.919935
2.28011
0.802267
3.1884
1.94089
0.133565
0.546602
0.446723
0.787682
0.128332
0.248175
0.560411
0.0411833
0.45404
0.0146842
0.465857
1.57227
0.384864
0.386934
0.10543
0.525945
0.558103
0.0126273
0.227536
0.0497223
5.11091
2.171
1.59729
1.13873
0.239363
0.130626
0.328975
0.242019
0.00347255
0.143381
0.888498
3.06083
0.020717
0.161445
0.721599
0.0449036
0.401714
0.367551
0.071566
0.0668713
1.46931
3.30252
3.03402
0.656697
0.542853
0.137636
1.35192
0.373731
0.54691
0.327422
1.24673
0.255154
0.534574
1.07155
2.57445
0.672736
0.0780112
0.500877
0.814346
0.540382
0.0436237
0.755939
0.212177
0.63882
0.0897857
1.94823
1.31414
0.109542
1.12881
0.691622
1.89309
0.210875
1.74699
1.12777
2.75498
0.115016
0.529961
9.24688
0.494753
1.54918
0.63121
0.0999037
0.582863
0.37782
1.15866
0.0715499
0.280618
3.61461
0.413313
0.29675
0.598672
3.72849
0.122964
0.418978
0.633684
0.152699
4.46231
0.115923
1.97846
1.0747
1.55
0.0965558
0.293273
1.21485
0.219184
1.66629
0.782634
1.10587
0.345618
0.356571
0.394071
0.267125
0.89844
0.853592
0.144542
0.542505
0.233928
0.936518
0.598354
0.815967
0.72178
0.510999
0.298095
0.0685303
1.09895
1.06654
0.362783
1.07579
0.0817794
0.635679
1.47597
4.71058
2.64106
1.53321
3.93497
0.623722
0.279742
0.0971347
0.608607
0.186609
1.21972
0.469123
0.415798
2.64853
2.04061
0.0438392
0.162466
0.458702
0.132432
0.211986
0.351769
1.00633
0.62672
2.33901
3.46622
0.209724
2.5514
0.00704211
2.64932
0.133683
0.547964
0.819906
1.43147
0.720847
0.663451
0.730294
0.0872437
0.947605
0.0773831
0.51412
0.572218
0.895013
2.44147
0.0908922
1.58087
0.382637
2.65239
3.85283
0.218174
0.187364
0.243068
0.231471
0.702516
1.35945
1.65097
1.81642
0.0666477
0.550203
0.159792
1.35652
0.949157
0.580906
0.750504
0.133171
0.456078
0.14725
0.0202091
3.62617
0.478618
0.663484
0.0380315
0.149467
0.0595602
1.13589
0.100468
0.292526
1.13142
1.45543
1.06903
0.638144
2.94724
0.798198
2.08093
1.22595
0.541519
0.637819
0.288686
1.01124
2.97148
0.0121516
1.30421
1.50814
1.89048
1.08532
1.48145
0.152028
0.779629
0.251284
2.33395
1.22296
0.117026
1.36288
1.09238
1.94239
0.882197
0.860577
3.19714
3.80982
1.13327
1.4883
0.0928136
0.234982
0.789025
0.825955
0.149903
1.36715
0.54106
0.0651231
2.16699
0.283058
0.0128489
0.341883
0.0696005
1.42885
0.0564817
0.386709
0.729656
2.70049
0.25622
0.129361
0.706313
2.76211
1.92993
1.26017
0.058987
0.188512
3.85551
0.350668
1.11541
2.13498
0.300789
1.03552
0.704335
4.25877
3.96915
0.367377
1.60072
2.02463
0.0997045
1.33515
0.546231
0.0483107
0.403479
2.79822
0.360457
0.959458
1.50351
1.20237
2.58319
0.38381
0.34765
0.359465
3.64797
4.819
1.24776
2.86754
1.26202
2.92116
0.0273608
0.0130848
0.127762
0.270807
1.37402
0.975531
1.2625
1.32226
0.444774
1.27624
0.854024
1.37716
0.199668
1.26767
0.448193
0.784523
5.65651
0.891271
1.89799
0.727389
0.523484
0.077091
0.619427
1.51706
2.15465
0.0603874
0.81753
0.485649
1.33363
2.83513
1.72765
1.35718
0.983221
0.240869
0.650804
5.29948
0.539425
0.66818
0.785496
0.0817598
0.0491755
0.602675
0.461143
3.49469
0.270656
3.97272
0.140394
1.80635
0.0764006
1.38199
1.4312
0.250631
0.510719
2.44151
0.119068
1.06655
0.125481
1.66094
0.758066
0.803058
0.97496
0.192756
3.02851
0.809296
0.197687
1.09804
0.116133
1.24525
0.918708
0.935855
0.685741
0.544771
1.24087
1.78819
0.878482
3.34692
0.10492
1.19841
0.156154
1.95459
0.227382
0.0713696
2.32863
1.81714
0.00457559
0.0389391
0.316587
0.43468
0.216277
4.03409
1.08247
0.269848
1.09074
0.274878
0.28751
1.65874
0.147103
0.262447
1.5012
0.474875
1.5717
0.619145
1.03341
0.759743
0.247122
2.55485
0.710574
0.0964182
0.0879701
0.522614
1.72264
0.504539
1.75795
3.03326
3.19
3.35481
0.698856
1.38104
0.419364
0.889673
2.05491
0.649601
0.304814
0.728565
3.11394
0.29551
0.0425225
1.03091
1.08753
0.708366
0.199807
0.149569
1.43719
0.946329
1.16275
1.1718
0.595503
1.05142
1.5044
2.02217
2.95649
2.13962
0.790344
2.05207
0.0517904
0.671589
0.288938
0.28583
3.05568
2.33373
0.0281028
1.06966
0.401173
1.30964
1.6965
0.673934
1.97828
0.635947
2.19859
0.600273
0.581111
0.385105
1.68514
2.53359
1.15486
0.157494
0.244979
0.384555
3.25564
0.0385398
2.35996
0.423572
0.938967
1.28142
0.856188
2.35953
0.142702
1.33516
0.475501
0.389749
0.584241
3.32471
0.375647
1.22116
0.5425
0.423536
0.173921
0.903823
1.34368
0.0813686
0.100035
1.24223
0.932837
0.0317629
0.150275
2.99448
0.311125
0.85451
0.19339
0.183313
0.834012
0.701734
2.13965
1.02746
0.976973
1.03516
2.17321
1.05891
0.966968
0.397413
1.14096
0.172293
1.89391
0.00344422
0.163123
0.0528372
0.331508
0.3981
0.280007
0.895995
2.50623
0.279528
1.05787
0.0826295
1.70818
1.21248
0.0871124
0.191548
2.21614
0.215867
0.71163
0.00198622
1.43776
0.30787
1.87078
0.953511
0.548004
0.68105
3.71757
2.42247
0.103973
0.543268
0.729187
1.63861
0.117428
1.10442
1.79112
0.722082
0.4701
2.26826
0.634033
0.206414
2.86893
0.418862
1.01664
1.42835
0.613886
0.0832656
1.93841
0.867738
1.41777
2.37397
0.016705
1.76175
0.0764762
1.66356
1.73028
1.14874
0.358074
3.18029
0.917184
0.000399259
0.900739
3.68923
0.468383
0.772716
6.27731
0.115618
0.0706862
1.46474
1.9297
2.09789
0.872491
0.361692
0.0696048
0.519958
0.0518746
0.163687
3.3423
0.549232
0.0907078
0.52606
0.0470095
0.700649
0.502552
1.00322
0.290412
0.642041
0.771827
1.62535
0.192982
0.000836159
0.623156
0.544069
0.890797
0.489511
1.50931
0.497505
0.514998
2.00482
1.35891
1.29966
0.445115
1.1835
0.158727
0.00757382
0.00900694
1.52849
0.101591
1.41442
0.354297
0.180613
0.330673
0.319591
0.0756861
0.52426
0.651517
1.05558
0.471673
0.0861177
0.35215
0.886921
0.0906329
5.88319
1.88912
0.322017
1.17394
0.561004
0.0517257
0.111556
0.134728
1.26043
0.491086
2.84372
0.182446
2.73458
0.887796
0.0767224
3.33783
0.0125427
2.53156
0.482347
0.7872
0.53781
0.920016
0.186184
0.627485
2.11768
1.12176
0.170763
1.74585
1.19742
2.77056
0.859928
0.63222
0.887039
0.217254
0.65975
2.42844
0.797768
1.94819
0.612305
0.200585
0.676001
0.406593
0.0310222
1.34403
0.718872
1.62764
0.231541
2.10219
2.29946
1.50925
0.90495
1.03536
0.343747
3.22307
0.494813
0.417814
1.14195
0.893536
1.4778
0.1523
0.57921
1.90393
1.05675
0.189792
0.275042
0.974787
1.35808
0.919246
0.686768
0.925361
0.00414678
0.918803
1.82474
0.833793
0.137592
1.04289
0.516248
0.419359
2.36835
3.47931
1.67342
1.08458
0.620471
0.300743
0.0879776
0.584196
0.405614
0.674198
0.225236
2.00703
0.368257
1.45787
0.502916
0.0784399
0.936966
0.288416
0.734365
0.508591
0.340134
6.27927
0.333808
0.995154
0.23614
1.3823
3.19893
0.313028
0.447242
2.12492
3.76189
0.176234
4.17803
0.736229
0.201811
0.444093
0.82262
1.46716
0.320864
0.0440092
0.239405
0.85196
0.0493512
0.204901
0.133427
1.12532
0.960973
0.610644
1.98244
0.677664
0.0791333
0.43393
0.525398
0.547969
0.667669
0.275733
4.30141
0.160042
0.353497
0.0781179
0.413042
0.767727
2.42033
2.91737
1.30479
2.55407
0.250593
3.44484
0.304473
0.516729
0.456649
1.29329
1.09287
0.389438
0.0940731
0.696561
0.0133648
2.06786
0.231108
2.15044
0.386821
1.29343
0.406976
0.264171
1.36472
0.0985714
2.13284
0.787348
0.961941
1.64919
0.220203
0.00054954
1.14118
2.25053
1.17856
0.00256865
1.25004
3.47967
1.85718
1.94075
0.344229
0.702683
0.843847
1.61979
0.291681
1.39162
3.46997
0.586642
0.922835
1.58771
0.648739
0.886025
0.493267
2.05359
2.3452
0.0128012
0.441816
0.898363
0.529824
0.130268
0.0999834
0.0678403
0.722901
0.0826227
0.813806
2.10261
1.20606
1.286
0.304033
0.554878
1.63013
0.0597432
0.805776
2.59414
0.374424
0.999949
2.06995
0.465683
0.0731912
2.58132
0.344486
0.856661
0.242713
0.734277
0.142865
1.41646
1.18521
0.152373
0.845799
2.85228
0.687422
0.708851
1.84876
2.68165
0.214233
1.18331
0.294254
2.17723
2.14611
0.967582
0.811139
1.83818
0.0448276
0.131163
0.276881
0.812322
0.891173
1.03105
0.0597937
0.549317
3.07427
2.84769
1.20792
0.226489
0.0161408
1.57771
0.879608
1.16278
1.34899
1.3252
0.889279
0.40327
1.13613
0.688318
1.86243
2.87811
1.61362
0.913921
1.47516
0.0249608
0.0112185
2.59399
0.494513
0.974858
0.286982
0.526429
0.242135
4.53133
0.165804
1.11348
0.188998
0.102671
0.278494
0.865567
1.06052
0.825409
1.23723
0.218945
0.226754
1.48183
1.36182
1.2604
2.15506
0.63505
0.903223
0.318902
0.188426
0.755799
0.0297099
1.03129
0.553602
1.21568
0.744871
1.46978
0.874931
0.466306
0.970321
1.72
1.04069
0.373962
0.74969
0.970697
0.729686
1.56699
3.99565
0.216221
1.11473
0.437804
2.08649
1.50763
0.643162
0.0183977
0.385715
2.37578
0.445804
0.846225
0.350107
0.426738
2.33374
2.11721
0.161456
0.202898
0.685342
0.99683
3.33027
2.60804
0.0283015
0.645253
1.91072
4.65778
3.02734
0.0359936
2.07077
0.590905
0.400186
0.42504
0.588423
1.66532
0.00430437
2.33445
0.578234
0.700563
1.11177
0.18207
3.21754
0.0512541
0.338884
3.61251
2.25657
0.402467
0.59675
0.382449
0.56352
0.2176
2.1625
0.200941
4.00887
0.130871
0.505201
2.95663
0.385866
2.38415
4.04213
0.167287
1.13761
0.600369
1.11368
0.37043
0.536361
1.20209
0.188692
1.82727
0.437357
3.75459
1.38729
0.357754
1.20555
1.56027
0.0167717
0.496176
0.818781
0.733535
0.319213
0.216688
0.74363
0.0839235
1.60073
0.165836
2.9615
2.64743
0.676272
0.78896
0.671284
5.04113
0.69841
0.415443
0.340133
2.45318
0.263084
0.220497
2.49804
0.171675
0.0412918
1.11798
0.471179
0.271004
0.520816
0.229771
0.706948
0.900988
0.611496
1.61632
1.7369
0.354233
0.00805588
0.32536
1.61773
0.182158
0.608632
2.27358
0.148428
0.239558
0.2807
0.135342
0.735039
0.962504
2.66389
0.312283
0.311253
0.0255751
0.0139418
1.46829
0.539771
0.66187
0.534288
0.284287
2.44644
0.987373
0.31146
0.660054
0.455274
0.960747
0.411946
3.17786
0.299197
0.462126
3.69438
1.05583
1.06696
2.35573
1.72946
1.86908
0.700025
0.179576
0.456998
0.319506
0.104165
0.0682575
0.441849
0.0792483
0.935669
0.165836
2.70357
0.364542
0.643365
0.158894
0.166226
0.0756567
3.66024
1.29219
0.284616
0.566426
0.093355
0.727827
0.264631
0.788748
0.611143
1.62621
0.105513
0.140458
1.45874
1.44164
0.450244
0.526414
0.0356372
2.22944
1.0302
0.190817
0.625082
2.91039
1.83222
3.10306
1.43196
0.549997
0.35889
2.2623
2.01273
0.161671
1.69839
0.790824
0.210949
0.435564
0.0383034
1.13861
1.76882
0.232221
0.459775
3.18995
0.462596
2.29201
0.257246
0.188995
0.394616
1.66732
1.7001
0.304759
1.22529
0.896053
2.11095
1.41355
1.08068
0.0446404
3.38063
2.0765
0.723385
0.977795
0.247668
1.33713
0.179177
0.889399
1.75648
0.0553281
2.67877
1.05811
1.39407
0.848206
0.364398
0.82778
0.223703
1.27926
3.52713
2.10589
1.77185
0.360267
0.243732
0.00391097
0.00792709
0.0135546
0.00595273
0.327883
0.679774
0.0938462
4.36806
0.983713
1.17661
0.580454
1.20361
0.558226
1.97169
0.572857
1.48608
0.534984
0.170974
3.04959
0.705047
0.266366
1.27832
0.393028
1.34178
0.0702109
1.43243
0.76552
0.295016
0.496687
0.135296
0.0519937
0.178336
0.174648
1.07654
0.290673
0.056351
0.107441
1.43071
0.0306812
1.11257
0.202088
0.606506
2.15241
1.33346
2.73858
1.07768
0.384257
0.576361
0.467748
0.781838
0.58052
0.589483
0.493181
0.56962
2.69147
0.696651
0.522335
1.54438
3.15109
0.880097
1.87078
0.879833
0.490339
1.83022
1.01017
0.286292
4.29922
0.370624
0.237935
1.21177
0.149085
1.35786
0.967013
0.820285
0.205151
0.0153677
0.773934
0.499533
1.40105
0.22079
0.176926
0.245002
0.362636
2.08797
0.485237
0.981309
1.76096
0.647979
0.00554569
0.945322
1.2741
0.44197
0.810937
1.79684
1.12249
2.69714
1.1763
2.11368
0.609671
1.91492
0.244042
0.976303
1.86518
0.133655
2.23834
1.8131
0.401522
0.121696
0.112254
0.179661
0.643817
1.69673
1.44036
0.189448
0.805742
3.7443
1.68181
0.72205
0.373604
0.133972
0.719832
1.84164
1.12691
0.0158802
1.23507
3.44862
0.126869
0.190375
0.815527
0.188655
0.408089
0.309454
0.2182
0.35901
2.1062
2.72759
0.0981698
0.855215
1.19789
1.91912
0.664661
0.332253
2.51671
1.08609
4.14439
2.77924
2.73067
0.734054
0.0308397
0.214454
1.29907
0.312384
0.264346
1.5924
0.471343
0.507916
0.175282
0.291574
1.34414
0.394712
0.21376
0.207823
0.36982
0.0992383
0.343481
1.7328
2.96118
4.81352
3.49651
1.29563
0.870848
0.198052
0.400054
0.0436132
0.842578
0.0563356
0.209465
2.18177
0.403952
0.704279
1.02838
0.173893
0.514286
0.862779
0.679299
1.30533
0.334709
0.539849
0.0396879
0.259259
1.79801
0.149511
1.33839
0.458372
0.0455468
2.21458
1.96885
0.0683966
1.16968
0.784321
2.33564
0.490039
1.85136
2.26973
0.275962
0.514403
0.360511
0.0724169
0.254905
0.0697386
0.0477093
2.04774
0.0876107
0.00210589
0.420948
1.51702
3.60654
1.68065
0.980363
0.0810287
0.194703
0.236844
3.36265
0.293904
1.10202
0.692711
0.762886
1.89963
0.239786
1.79118
1.97494
0.217471
0.392621
0.799626
1.2092
0.251531
0.27091
0.81608
1.38854
1.64819
0.788689
0.800958
3.21631
0.350033
0.291269
0.261846
1.17994
0.842606
3.26213
2.45207
1.94412
1.78572
0.451549
0.214585
0.58241
0.0877786
1.00791
1.22815
1.74895
0.029991
2.35221
1.00346
1.63385
0.0578428
0.85945
0.139587
1.05499
0.207197
0.768208
0.544598
1.09213
0.12721
0.750259
0.374362
0.874113
0.0893295
0.248819
0.296236
2.7491
0.260124
0.849314
0.125179
1.55482
0.313585
0.532248
0.154109
0.378956
1.01723
0.0102339
0.618199
0.152275
0.163403
0.936713
0.117409
0.174336
0.0967714
0.250322
0.305729
0.727682
2.01007
1.08496
4.18957
0.34239
1.59535
4.24325
0.981702
4.10991
0.161333
0.0114495
0.740126
2.08198
3.5389
2.26264
0.0515473
0.386984
0.149797
0.0581428
1.20343
2.17541
0.391852
0.125914
0.959043
0.4544
5.03042
0.804582
0.131182
1.82109
1.18228
1.58547
2.13385
1.00641
0.593558
2.05685
0.933009
1.37844
0.251717
2.10868
4.41782
0.918952
0.0547928
0.605186
1.51784
0.438728
3.88734
0.109155
3.17977
1.73073
1.26114
1.0628
0.317013
1.24035
1.19768
0.186005
0.639943
2.64186
0.4637
0.767297
0.629509
0.292894
0.597401
0.00565599
0.816815
0.191297
0.149332
2.32826
0.182277
0.553936
0.650206
0.242247
0.837274
2.80417
0.186773
0.105232
0.722237
1.37849
0.18525
0.676142
0.841091
0.154399
0.688637
1.29714
0.749627
0.12788
0.202365
2.17586
1.92151
0.0722985
1.18276
0.696718
0.294638
1.6828
0.149651
0.473023
0.988293
0.889778
2.3497
0.0360994
0.152788
0.463689
2.5075
0.164753
0.184783
0.15854
2.37946
0.242006
0.724562
0.220247
1.05652
0.642759
1.27082
0.289583
0.265436
0.363743
0.342894
0.285097
1.37041
1.73764
0.244242
0.648185
0.123904
1.18434
2.75979
1.09412
2.59224
0.412729
0.867696
0.224014
0.0468506
0.666005
0.845762
1.21201
0.227582
0.339766
1.31111
0.644262
0.0239998
1.8357
0.932006
0.966941
2.51256
0.734505
1.4481
0.722532
0.353769
0.111474
1.76091
0.831033
0.764502
0.491664
1.5197
0.382652
0.322381
0.470592
3.53077
1.19531
1.46117
1.42155
1.29569
2.44691
0.942194
0.117471
2.5257
0.0177247
1.56544
0.168464
0.413093
0.98091
0.0338705
2.58215
0.712716
0.617547
1.29376
0.0357064
1.40763
0.925501
0.505989
0.737195
0.783039
2.48427
0.647875
0.794539
1.14484
1.04574
0.934122
0.127422
0.157781
1.65064
0.044635
2.62321
0.150312
0.0685123
1.02686
0.568337
1.87178
1.69568
2.2211
2.31706
1.455
3.5796
1.18232
0.739499
2.03407
0.241284
1.19624
0.20859
0.489573
0.0369151
0.932414
0.573016
0.0605627
0.0832751
1.84392
0.278016
0.156194
0.231116
0.293937
1.11967
0.796973
0.54768
0.470904
3.8437
2.02973
0.53421
0.307557
5.31874
1.95603
2.65517
2.15159
0.190435
0.77789
1.12536
0.865531
0.0740635
0.538308
1.19112
1.0199
1.16054
1.30853
0.429309
1.38655
1.93487
1.2285
1.6857
1.42281
0.662662
1.16514
0.881889
0.825208
0.492577
0.201894
0.3124
1.13064
1.43489
0.553283
0.27773
0.924747
0.0213726
2.11685
3.08996
0.211389
0.210988
0.742702
1.11013
1.36198
1.30576
0.337923
0.0781644
0.816798
0.678309
1.28699
2.35458
0.120773
0.450244
0.532478
0.565575
1.20658
0.171916
0.424376
1.59931
0.162853
0.254374
0.260302
0.543817
0.519169
0.172523
0.783531
0.960968
0.773778
0.529047
1.21476
1.20209
0.958519
0.0153706
0.0296956
0.784469
0.626324
1.5552
0.664597
1.09253
0.506914
0.667321
0.604499
0.404783
0.680817
0.495047
3.70606
2.01375
2.59333
0.718685
2.44719
0.235459
0.8776
0.384906
3.36953
0.872882
0.0230221
1.84671
0.242597
1.44491
0.35747
0.0469968
0.434618
1.01164
0.157713
0.0224623
0.597518
0.342793
0.0822498
0.176513
0.692255
0.633148
0.658567
0.0819701
0.213858
0.913284
0.872647
0.381886
1.39401
0.298203
2.11531
0.434326
0.247582
2.04238
0.969744
0.145636
0.394641
1.05236
1.12895
0.665905
6.33356
0.871928
2.2562
0.54478
0.408095
0.446844
0.225197
0.813469
0.542629
3.09866
2.25034
2.65545
0.0613204
0.674059
1.11939
1.42117
0.251678
1.24451
1.16328
0.479178
1.33248
0.0398493
0.830335
2.5163
0.541151
0.243923
0.0474786
0.18747
0.119045
0.726222
0.0846179
0.534786
0.901138
0.341835
0.461904
0.887735
1.59682
0.0590028
0.455039
1.57512
0.670391
0.168538
0.225924
3.4663
0.0508068
1.56499
0.268037
0.912627
0.556085
0.0639549
1.57168
0.530303
0.037989
0.762359
1.96107
0.641688
0.367183
0.178326
0.103662
0.279578
1.91342
0.143057
0.957743
1.19804
1.21923
0.230397
2.43326
0.575876
0.861326
3.88968
0.819477
1.54419
0.407494
0.667936
0.447977
1.03054
0.834727
0.378324
0.530747
1.19294
1.06346
0.494062
2.90634
0.494964
1.41189
0.0606479
1.66394
0.840032
1.10759
0.859298
0.642753
0.425282
0.370228
1.87079
1.00846
1.20598
0.174268
1.08025
1.54364
0.323898
0.168404
2.64822
1.15917
1.27626
0.661293
1.69081
3.74242
0.842754
0.132433
0.630647
1.26294
0.837538
1.99279
0.496417
4.69321
1.72674
0.303293
0.776615
2.0929
0.0194254
1.00852
0.136642
2.57638
0.0711387
1.01187
3.52267
4.1064
0.0639238
0.383619
0.040592
0.110655
1.3703
0.697272
1.38365
1.32499
0.432691
0.829792
0.5877
0.175208
0.599209
0.0130342
0.60161
2.7014
0.646184
0.0298703
3.05534
1.00296
2.68775
1.98311
0.990684
0.14783
0.845554
0.072734
0.760831
0.565376
0.900231
0.200583
1.00972
1.30426
0.143825
1.35704
3.3157
0.572122
0.0511081
1.77222
1.73039
0.414554
1.02678
0.0817932
0.18878
2.14433
3.98932
1.60915
0.451329
1.71024
1.27612
1.79457
0.0215759
1.81756
1.14393
2.12592
0.402269
0.622463
0.295837
4.34807
0.189559
3.97796
0.303048
2.8369
2.13662
0.106097
1.95248
0.157031
0.907967
0.283891
0.706995
0.269556
0.865361
1.66609
0.916104
1.22074
0.259894
0.512238
1.72898
4.03247
0.0422199
0.767761
1.95372
0.132606
0.11124
0.835993
0.928307
0.130303
0.156081
1.03793
0.60551
3.89851
0.102928
2.37417
1.22292
1.0812
0.0175759
1.03337
0.0930922
0.950132
0.0951924
0.206304
0.54776
0.286017
0.00909671
0.959985
0.362747
0.12203
0.102384
1.52449
1.03984
1.55035
1.14491
1.49135
2.07079
0.158714
0.527571
1.91564
0.62662
1.36597
1.20222
0.669208
1.02284
1.14173
0.534623
1.7869
0.815568
0.878316
0.264271
0.869341
0.451366
0.106401
0.176807
0.217487
0.324243
0.313681
0.207092
0.401783
0.138286
0.384098
0.242001
0.713145
0.292158
0.132606
0.22692
0.923222
0.356556
0.80542
0.928489
0.232315
1.32384
0.747843
2.43284
1.94282
1.79315
0.278142
0.0542533
0.216557
1.28368
1.92686
0.635843
0.482069
0.121611
0.22175
1.60489
0.620918
0.2808
2.46517
1.61622
0.0391742
0.179163
0.765585
0.821741
0.190495
1.41257
1.1273
0.466654
0.0151124
0.323626
0.198839
0.253437
0.45304
2.14792
0.756966
1.03069
1.19175
1.33879
1.85483
2.55934
0.434775
0.258229
0.812787
0.821435
0.813046
0.403756
0.193516
0.110945
0.235208
0.0205233
0.299402
1.17787
0.232074
1.75979
0.865437
0.129864
0.283955
1.82587
0.164092
1.17792
0.224487
0.819281
0.92778
1.19932
0.448189
0.710652
0.187764
1.99783
0.00165683
0.86806
0.240015
0.588738
0.333204
1.00486
0.537155
0.918052
1.02264
1.09919
0.348493
0.317413
0.379115
3.63
3.41531
0.505887
0.0151643
1.13798
1.51907
0.286095
3.07015
0.0833333
1.12432
0.0363216
0.734361
0.638446
0.631146
0.0245062
3.10444
0.306837
1.11933
0.405697
1.40013
1.03046
0.20759
0.638031
1.99495
0.0282818
0.150709
0.937324
0.525048
3.92961
0.507451
1.16626
1.49438
0.974705
0.412154
1.22225
0.152415
0.549188
0.548144
2.17548
0.239185
0.433935
0.404775
0.0540288
0.208425
1.62931
0.865698
0.0599762
0.470261
0.971566
2.77543
1.50095
1.68159
0.678046
0.329008
0.881513
1.34123
0.857897
0.530926
0.543915
0.341591
0.417546
1.49358
0.19793
5.68744
0.558624
0.267252
0.247547
0.0176951
0.112466
1.19185
1.17893
1.13289
0.339746
1.97623
0.389718
1.12418
1.06141
1.54681
0.601623
0.52835
0.594383
1.59412
0.868992
1.53117
2.30646
0.335061
1.53892
1.47642
1.05667
0.754024
1.9106
5.0953
0.627716
0.34909
0.477819
2.63123
2.35234
2.54177
2.56001
0.77563
0.737647
0.219678
0.0376359
1.94424
1.70791
0.670701
0.31743
1.68331
0.246455
0.988541
0.242833
1.798
0.521606
1.12631
4.32423
1.71165
0.625191
2.23485
0.796955
0.0919378
0.770197
1.18605
0.131909
0.437557
0.929172
1.6736
0.273477
0.0295187
0.0598604
1.58111
1.42275
0.276069
1.57213
2.58739
2.16903
0.384824
1.51747
2.54706
1.86348
0.971663
0.744052
1.37149
2.45453
0.180042
0.189958
1.04035
1.61579
0.531562
2.55893
0.419974
0.338084
1.19493
1.15029
3.00321
0.752609
0.469853
2.06895
1.94213
1.08367
0.0746865
0.146605
0.0127361
0.242612
2.63156
0.175875
1.70572
0.833011
4.63764
0.902638
0.660363
2.73848
1.74992
0.118143
0.0934966
0.690061
1.4259
0.649765
2.16052
0.933715
0.136754
0.173083
0.0901759
0.185853
1.22517
0.81384
1.45829
0.468105
0.677482
0.0300096
0.872494
0.32328
1.51679
1.22635
0.0281601
2.48034
1.47988
3.59794
1.6709
0.530031
0.752433
0.0130701
0.505996
0.855786
0.119067
1.05427
2.07025
1.46073
0.287121
3.33159
0.736416
0.663637
0.365409
2.42965
0.655348
0.424758
0.122205
0.044066
0.324817
0.183941
0.0484855
1.18644
0.000132553
0.418308
0.364729
0.0505378
0.0105764
0.252341
2.03498
1.89085
0.532755
0.357347
1.57763
2.81876
0.249188
2.11769
0.0735794
0.740753
0.397576
0.627013
0.363742
2.03335
2.25396
0.280987
1.28526
0.189333
0.705508
0.775326
0.223701
0.557842
0.169662
0.077793
3.48995
0.0229131
0.655899
1.5323
0.766395
2.06572
0.195383
1.8501
0.292841
0.0662698
1.63525
0.0652968
0.50072
0.38705
0.557392
1.39812
1.99646
0.392186
0.229897
0.00789521
1.34821
0.740299
0.227332
0.175933
0.241597
0.327635
0.699177
0.0283327
0.664274
2.88643
0.167576
0.965994
1.10557
1.66823
0.755715
0.453469
0.277486
0.433554
0.0153875
0.587907
0.475454
0.116609
0.641205
1.5219
0.395766
0.104255
0.147431
0.428273
0.9135
0.405343
0.0755115
1.85526
3.07825
1.11271
0.798321
0.247225
0.296167
1.23692
2.7379
0.00803013
0.347347
2.25797
0.324878
1.06204
0.15359
0.0633711
1.82306
4.19096
0.0686478
0.650373
0.516568
0.332603
0.0530886
0.618009
0.436755
3.47155
1.2035
0.285146
5.22945
0.341198
0.531305
2.45171
0.464754
0.598415
1.2162
0.95446
0.498014
2.01132
0.715935
0.831989
0.193974
0.41609
2.20895
0.418069
0.949732
0.874772
0.340062
3.85424
0.925904
0.128592
0.404822
1.3545
1.00991
1.77401
1.82391
0.757653
0.706052
0.997597
0.776499
2.05012
0.219219
1.03626
0.311428
2.01972
0.292285
3.2215
0.246088
0.188699
0.489729
0.321236
0.405552
1.39097
0.382925
1.13617
0.235372
0.449128
1.6517
1.84424
0.568983
0.552169
0.138344
0.495586
1.23052
0.134171
0.41543
0.538065
2.53379
1.7673
0.371665
0.240243
1.16655
0.464336
1.10348
1.10632
0.620556
1.30188
0.206748
0.543726
1.03539
0.61432
1.00735
0.115445
0.266688
1.94434
0.00435983
4.0386
0.183518
2.15029
0.214564
1.01721
0.0755201
1.64497
1.17688
0.298557
1.16469
0.546718
0.350823
2.07309
0.540699
0.365808
0.204069
0.557797
1.52331
1.17757
0.48656
0.341033
1.86595
0.00518202
0.415392
1.14467
1.79295
0.680167
0.386826
1.61957
0.369879
1.28582
0.33743
0.525219
0.820561
0.088054
0.809531
2.97667
1.6771
0.551126
1.15968
1.99169
2.62315
2.02207
0.165134
0.220981
0.186738
2.31902
1.77139
3.27819
0.383573
0.98803
1.8861
0.444141
1.3696
0.462104
1.33011
2.69619
0.607351
0.956594
1.41601
0.414701
0.986058
1.24837
0.699641
0.896487
0.791603
0.449803
0.820236
1.48546
0.771141
0.279243
0.0435497
4.91739
0.51108
0.114446
0.0422372
0.229118
4.11503
0.329982
5.51216
0.0815153
1.66576
0.230901
1.21468
1.101
0.952223
1.55078
0.197649
1.88459
0.612705
1.31683
1.72781
0.802611
0.860586
1.10829
0.203931
0.362043
1.29124
2.10288
1.72594
1.04419
1.48423
0.148812
2.46058
0.192936
0.507941
0.630999
0.097644
0.227844
0.402524
1.48219
1.47361
0.0873056
0.0251884
0.150097
0.713368
1.22527
0.465037
0.905892
3.268
0.487495
1.95717
0.472703
1.59548
2.45438
0.199081
0.865397
3.77162
0.682116
1.52625
1.09578
0.97787
0.535783
0.320035
0.813111
1.03603
2.5065
0.456206
0.803786
1.87193
1.13177
0.736446
0.688486
0.501989
1.1824
0.361889
0.423813
1.08239
0.21321
0.642683
0.745241
0.406857
0.233581
2.03353
0.906735
0.923511
1.91816
0.446718
2.51417
0.903487
1.27303
1.35652
0.38022
0.330834
0.289264
1.66551
1.03676
0.00251707
0.072576
0.847504
0.18068
0.819438
3.41607
0.387476
1.18478
0.905753
0.317749
3.84345
0.778889
0.593747
0.429948
1.14554
1.11182
1.41286
1.34637
0.446404
1.05593
0.570131
0.828467
0.190219
1.23682
1.57435
2.99851
1.56189
0.25958
0.176068
3.10973
0.195708
1.69164
1.17514
0.383206
0.941392
0.793689
0.543654
3.40032
0.0483141
0.274624
0.600325
3.17862
2.00581
2.34289
0.319773
3.02972
0.790391
0.516761
2.53152
1.93631
1.07963
0.788529
1.58256
0.399639
0.00273931
0.295921
0.451614
1.42566
1.1688
0.567232
0.419939
0.673993
0.516707
1.40092
0.146083
1.72712
1.38029
2.7695
1.04662
1.74344
0.116946
0.45966
1.47404
1.11547
1.87577
1.63786
0.0195618
0.125065
0.923048
0.259827
0.787097
0.229239
1.17568
0.44707
2.57563
0.44321
1.24598
0.886088
0.170505
2.32982
1.5153
4.1029
2.68523
1.53905
0.19628
2.09105
0.773945
3.67466
0.10893
0.591806
0.716726
1.06881
0.0273959
0.865227
0.00354932
0.0066681
0.776694
0.953538
0.805028
2.02133
0.32365
0.896518
2.89813
0.179296
0.578109
0.560907
1.00005
0.123125
1.42827
0.896622
0.133414
0.31424
0.839268
2.5529
0.0207117
1.58968
0.670956
0.26797
0.236485
0.355654
1.05832
0.306649
0.244554
0.298305
2.19076
1.36741
1.10174
0.000172747
0.0535988
0.844193
0.49467
0.574211
0.69268
0.98633
0.469543
0.556508
1.42615
0.380848
0.745967
0.194402
0.321562
1.86172
0.492068
0.257494
2.23682
1.67045
0.352901
1.71912
0.627467
1.97188
0.192073
0.653259
0.0937931
0.189848
1.28003
1.79641
0.343396
0.538545
0.365237
1.57703
1.7109
1.2924
0.699836
0.426154
0.0393017
1.90622
0.154841
0.25206
0.742152
0.981691
1.00718
0.857296
0.0960209
0.143341
0.397975
0.415308
1.17422
1.83587
0.362727
0.0799157
0.58473
0.816034
0.0462948
0.736445
0.699966
0.497512
0.567199
1.31561
1.30566
0.378709
3.26801
0.183868
0.761604
3.27726
0.32478
0.267264
0.757697
1.63937
0.70241
0.189234
0.0991925
0.970027
0.576575
1.11397
1.38272
1.13924
1.19687
0.648868
0.407115
0.684166
0.419438
0.760485
0.251327
0.151841
0.195697
0.0472103
2.35984
1.3321
1.63087
0.198371
0.594895
0.0311462
0.199739
3.4485
0.165742
0.0782783
0.955926
0.576463
0.271923
1.02337
0.384275
1.48001
0.152763
1.1341
0.338941
0.728546
0.596167
0.0546164
1.43665
0.358028
0.832812
1.64962
0.0284174
6.59727
0.817386
0.126006
0.0989936
1.27695
0.880101
0.102109
1.81285
0.0405911
1.41977
2.36249
0.765761
0.520897
0.00291403
2.61114
0.214963
0.420189
0.695562
1.03596
0.675929
0.723665
1.58003
0.792235
0.259668
1.33466
3.66997
1.52167
0.613636
0.145436
0.00887563
0.183437
0.679566
0.646901
1.87353
1.71914
0.199865
1.70273
0.361844
0.280872
0.642328
0.822336
1.64553
0.129667
1.10642
0.285146
3.16132
1.11074
1.97011
0.661464
2.47674
1.28978
0.197688
1.02233
0.133121
0.577495
0.252308
2.4217
0.844531
1.0762
0.868417
0.251648
0.324524
1.2327
0.27324
1.44411
0.024573
3.65482
1.08093
2.36532
0.390444
2.97807
2.26547
0.156414
1.70487
3.70717
2.07255
2.17428
1.2383
0.0515646
0.212342
0.518451
0.2397
1.72346
1.50451
0.734084
3.64573
2.68902
1.45079
0.640492
1.53223
1.36957
4.2207
0.443215
1.06599
0.306366
1.00818
0.387787
1.15685
1.27009
1.80793
1.13985
0.319975
0.546252
1.25435
0.128076
1.54242
0.438931
0.1978
0.343481
0.13765
1.43295
0.203204
0.323734
1.9092
0.330832
1.12325
1.12766
0.114272
1.2088
2.33555
0.112241
0.312401
0.0674791
1.75254
2.419
0.473922
2.22866
0.0694263
0.49676
0.51547
0.0786704
0.93975
2.49449
1.92116
0.0779199
0.0646875
0.734664
1.00594
0.525819
3.59392
1.86687
1.19714
2.20523
0.114045
0.321453
0.390904
0.182165
1.52081
0.563002
1.24938
0.06553
1.04944
1.06778
0.785208
5.63771
1.6499
0.25606
0.659796
3.64217
1.32414
0.478531
0.304078
1.90894
0.319888
0.845306
0.456577
0.947296
0.87994
2.0581
1.79224
0.525714
0.150104
0.0696272
0.0485557
0.539399
0.692539
1.24413
0.183158
0.714346
1.80935
0.208149
0.257389
0.422367
1.61464
0.791071
1.28545
0.44777
0.617929
0.524222
0.308871
2.08852
0.0977803
0.682602
0.938789
7.18246
0.865073
4.77169
0.101148
0.54884
0.397914
4.93087
0.655708
1.67205
1.30899
0.232485
0.830371
1.59315
0.367999
2.63424
1.189
0.740885
0.656456
0.434725
0.698754
0.0715625
0.158504
1.21656
0.218311
0.230326
0.593235
0.675314
0.361323
0.212846
3.07608
1.01533
0.00334812
0.533611
0.0718323
0.341542
0.722548
0.366977
0.745128
1.56816
1.84105
0.725046
0.157736
1.33047
0.0972805
0.922561
0.204488
2.86848
0.562561
1.33975
0.120137
2.09116
0.37698
3.42961
0.0852653
4.54011
0.319972
0.329922
2.15596
4.42463
0.0782871
0.786696
0.247468
0.825196
0.492019
0.197566
1.19147
1.71496
0.396283
0.741623
0.332202
0.0867655
0.427012
0.366775
1.91735
1.2286
1.27536
0.279852
2.64525
1.97399
0.290259
0.110305
0.706357
0.581812
0.212341
1.63629
0.959018
0.151875
1.59868
0.240371
1.17531
1.74251
0.182664
3.44387
0.323954
0.328682
0.632323
0.302865
1.21665
1.65968
0.438557
0.160128
0.178296
0.520386
0.0650056
0.713553
0.956124
0.0135417
1.0494
1.40847
0.0763335
0.037126
0.297502
0.0273672
0.237595
0.317344
0.907818
0.0313558
1.53636
0.248438
1.2256
0.47107
3.32556
1.06927
0.0597455
1.90923
0.0377275
1.32797
0.353002
1.0235
1.54942
0.117294
0.288808
1.42423
1.10637
1.88833
0.928061
1.75191
0.295399
0.720621
0.166896
1.05711
0.981038
5.76376
0.399715
0.429634
1.28797
0.880283
0.568452
0.28202
0.59563
0.839359
0.828971
0.594412
0.459668
0.836679
0.68969
0.617119
0.9712
1.29086
0.0823739
2.26523
0.749653
0.0934102
0.053959
0.587569
0.973035
2.18205
0.750228
0.465765
2.7331
0.0523473
0.969276
1.97547
3.0023
0.131917
0.541717
0.332253
0.564139
1.10541
2.24047
0.680323
0.704575
0.314998
0.0494321
1.14064
0.820989
0.161246
0.632785
0.0220704
1.19491
0.0934762
0.197114
0.263013
0.0975064
1.04341
0.848834
0.129785
0.583578
0.254922
0.186256
2.40292
3.2152
0.433153
1.14936
1.26011
1.66404
0.094221
0.758803
0.33024
0.395726
0.901849
1.01446
0.461913
0.674007
0.136007
0.519976
1.86233
0.982041
3.5637
1.30726
0.486375
0.621219
0.162418
0.423739
2.91748
0.251987
0.476374
0.968933
0.207285
0.394469
1.03583
3.16799
0.319619
0.117559
1.63179
0.567512
0.030205
0.7888
0.0591495
0.578005
1.97366
0.702081
0.825922
0.375834
3.04976
0.860475
0.144186
1.94647
2.17063
0.796237
0.556007
3.01767
0.288307
0.326838
0.531319
0.154514
0.437424
0.649651
1.91473
0.0711237
0.651689
0.389395
2.02245
0.191189
5.44198
0.683208
0.135166
1.28202
0.26122
0.519181
0.994343
0.0866166
0.454954
0.546004
2.13686
0.528899
0.802904
3.89977
0.632981
3.69086
0.310188
1.20721
3.16817
0.57203
3.43215
3.01218
0.738595
0.908175
0.159371
1.45632
0.0361816
1.36256
0.826649
0.367304
0.539182
0.203595
0.128641
2.53937
2.39337
0.800933
0.846606
0.0292928
0.834232
1.22185
1.12624
2.71266
0.872229
0.598403
0.330662
1.3894
4.26052
0.0134269
0.00808521
0.431731
1.12914
0.545549
2.36602
1.07213
0.659779
0.0464879
0.224113
0.158811
1.85974
0.178398
0.412254
1.93595
0.68103
0.135531
0.248896
1.6066
0.0473526
0.773641
0.533481
0.0795062
0.283193
1.14368
2.01134
0.120718
1.06114
0.711725
0.596562
3.80805
0.247806
0.227616
0.553418
0.225452
0.439943
3.49447
0.50179
0.755237
0.136929
0.234474
1.76419
2.2547
1.77585
0.107278
3.34011
0.0135772
1.96551
0.0640086
0.919768
0.830889
0.0519493
0.662463
0.84961
0.00312598
2.362
0.0686873
1.63831
1.76571
2.6573
0.0866369
1.46471
0.477208
2.25384
0.00956075
0.815955
3.05141
1.66033
0.598765
0.262837
2.09186
1.91117
0.624491
0.6576
1.94146
9.95101
5.65898
0.11521
3.42142
1.28952
0.874803
1.23663
0.968114
0.280953
0.0116519
1.34579
4.28703
0.949499
1.91592
1.21675
0.108553
0.895847
0.332889
0.496335
0.355718
2.93338
0.4206
0.353963
2.10545
1.06653
0.908183
1.44455
0.0602342
0.919848
0.405733
2.22772
0.0652563
1.43585
0.208809
0.713572
0.948443
1.03301
2.18314
1.30516
1.66639
1.84543
0.354201
3.62846
6.93351
0.0182379
2.7833
0.922409
0.282839
0.37693
0.462958
1.41411
0.103296
0.0456631
1.35756
0.236983
0.573708
0.612464
0.170734
0.782452
0.013411
0.127728
0.199918
1.08337
0.988385
0.0156606
6.1528
2.02813
0.0204506
0.555089
0.369664
0.470392
0.533814
2.35798
2.24565
0.300616
0.033555
1.90364
1.63102
1.67553
1.438
0.039823
0.980948
0.311659
2.89744
0.988732
0.71075
0.0531938
2.29178
0.295036
0.138586
0.77208
0.555801
0.605638
0.133979
0.351757
2.41487
0.452657
1.01387
0.0530613
1.61611
0.0434975
0.37513
2.18013
1.06025
0.214066
0.975792
0.154388
0.633017
0.200053
2.37547
0.35329
0.0259916
0.486123
0.799736
1.51565
0.00573315
0.593532
1.6343
3.83989
0.00243284
0.638705
0.873858
2.72387
0.800281
1.26104
0.170984
1.16668
3.20439
0.627834
3.19948
0.976922
0.46376
0.80174
2.95508
0.234885
1.36923
2.14137
0.848319
0.560431
0.907658
0.570085
1.50239
6.76509
1.31848
1.16171
0.539027
2.50258
0.0327065
0.956622
1.2626
0.615027
0.985972
0.234279
0.0640837
0.676738
1.1275
0.1109
0.639023
0.0397636
0.252866
0.729586
0.0423729
1.17577
0.117141
0.0246241
1.44306
0.469978
0.610075
0.202614
0.179671
3.10829
0.330493
0.181871
1.79108
0.116961
0.137168
1.11183
0.146007
0.229637
0.425946
0.178484
0.320407
2.08712
0.68288
2.53322
0.873083
0.648109
0.281751
0.200091
0.0131151
0.260647
0.777318
2.01838
0.932578
0.0779341
0.556775
0.660445
0.205983
0.0828898
0.213669
1.7501
0.389645
0.569737
1.52424
0.903178
2.32224
0.351519
0.00507927
1.42738
0.64717
0.0197194
0.259003
0.11173
0.56187
1.72227
2.25104
0.641841
0.230541
0.18236
0.970017
0.524255
0.251482
1.01627
0.505805
1.43747
0.325313
1.58344
1.24681
1.86826
0.437441
0.602558
0.935632
0.578067
1.24698
0.455148
1.25416
2.21004
0.605845
1.92927
0.643899
0.0139487
0.947141
0.457415
1.18241
0.0151762
0.00552472
0.098439
0.558691
0.886071
0.232317
2.52394
0.687325
2.83471
0.00715363
0.511437
0.621909
0.26602
1.11461
2.12987
0.225628
2.07849
0.543565
0.0241384
1.34751
1.63296
0.0798862
0.0191017
0.180361
0.253242
0.797006
1.74832
0.72148
1.20734
0.00671625
0.645896
1.14031
0.107973
0.900304
0.486859
1.5125
1.07799
1.7347
1.71869
3.32099
1.14947
2.45023
0.123189
0.50908
0.110772
0.396359
0.701048
1.30064
0.15297
0.361062
2.16104
1.09984
0.00153471
1.057
0.667456
3.02365
0.84731
0.671582
0.0482542
0.33357
0.701178
1.00827
0.235979
0.984608
1.63772
0.548475
1.09947
0.716161
3.53861
0.892254
2.22691
0.244706
0.894372
0.721475
10.0464
2.75239
0.153058
0.628758
0.54768
0.46854
4.78395
2.50421
0.046569
1.15874
0.556735
1.12754
1.65738
0.0343206
0.327271
0.205957
0.164391
0.250444
0.441607
0.778179
0.365446
0.594515
2.17622
0.199378
0.310023
2.11504
0.324058
0.306473
2.11496
2.49388
0.281054
0.00210026
0.655254
0.264222
0.401656
0.913388
1.39412
0.0309284
0.732748
1.89361
4.33044
0.0191442
1.21441
3.62309
0.181542
0.0752069
0.482644
0.274916
0.720753
2.38942
2.48313
1.30126
0.554842
2.49065
0.0358267
1.64191
1.03629
1.12287
1.51113
0.400598
0.925785
0.221127
1.1162
0.00273772
0.276487
0.688299
0.342431
3.05414
0.0632128
1.84191
0.80672
0.683187
0.524183
0.0396094
0.628205
1.00695
0.152556
0.145023
1.16545
1.30071
0.148977
1.22725
1.09325
0.4951
0.0341374
0.571705
4.01765
0.262878
2.01473
0.0912707
0.659273
0.102145
2.18285
0.388903
0.565373
0.890863
1.23455
2.27925
1.68876
1.38968
1.49592
0.814031
1.04256
1.10774
0.185277
0.0214914
0.0399241
1.50654
0.061115
0.801446
0.934217
1.20109
0.688343
0.192943
1.03972
0.649369
0.0955127
0.234836
0.125465
0.0949045
1.43871
0.900358
2.68234
0.472422
0.0479277
4.15537
3.05523
0.725322
4.24537
1.29795
0.815313
0.379016
2.44165
1.51154
0.0803352
1.10505
0.561785
0.541799
4.12666
0.506744
0.488753
2.49521
1.39592
0.496604
0.370847
0.292703
1.81252
0.899876
0.853123
1.72153
0.973501
0.498526
1.58269
2.02204
0.402975
1.38123
3.1988
0.309796
0.145419
1.06051
0.259329
1.94604
1.78987
0.0135517
0.140511
0.117437
1.89466
1.57326
4.0255
1.0677
0.779237
0.349203
0.234961
0.285061
0.343102
0.159964
0.310575
0.252099
0.155917
0.266436
1.64798
0.223627
0.103552
0.160305
0.936954
1.25558
0.0555713
0.536145
1.19215
0.27139
0.229851
1.04235
0.639385
0.61423
0.836825
0.0360023
0.107987
0.21915
1.25985
0.403794
1.51263
0.609776
2.99718
0.106827
1.5036
0.323256
0.0526906
0.0519156
1.22138
0.576836
0.0466585
0.446059
0.978874
4.80057
1.26313
3.26828
0.337135
0.0318894
0.737448
1.00833
1.31352
0.229128
1.76981
1.49092
2.29926
5.6553
0.460762
0.0110685
0.228249
1.10946
0.218139
0.0160685
1.0829
1.14158
1.05092
0.483504
0.129187
2.33699
0.505905
0.306312
0.250674
1.8145
1.91035
0.36383
0.415493
0.390687
2.02962
0.87888
0.348784
1.52695
0.651525
1.3921
1.24591
0.941474
0.668479
0.021955
0.806974
0.6855
1.36136
0.61807
0.75675
4.92776
0.928584
2.4893
0.316268
1.19705
0.460966
1.79287
1.32967
1.59111
1.8794
0.0917587
0.270361
0.244914
0.943337
0.0207536
0.802248
3.58483
0.386081
0.555665
0.132505
0.0113121
1.03047
1.59986
1.66931
0.862286
0.106152
0.455236
0.691651
0.0922606
0.561727
0.0879646
0.257398
0.216425
0.099472
1.72631
0.189074
0.323929
0.0941559
0.794992
0.412328
0.1428
0.622515
1.28405
0.695644
0.344938
1.01494
1.06599
1.40624
2.6381
2.16207
0.0296734
0.991157
1.9832
1.35269
1.19387
1.02072
0.116997
2.53841
0.317396
0.555866
1.72457
2.09518
2.12816
0.150094
0.720295
1.19851
0.0622231
0.1716
7.88675
2.32533
0.498319
1.1863
0.688149
4.56591
1.37782
0.794463
0.724346
1.14963
0.641564
1.52279
0.443527
0.903432
0.701112
0.0594277
1.01376
2.61477
0.0399783
1.31993
2.67177
1.126
0.509985
1.21009
1.4031
1.91172
0.119274
1.56379
2.67178
0.484241
1.58094
1.40679
0.225244
1.34087
0.592776
0.728379
2.54907
1.39669
0.361632
0.0963164
1.15534
1.31565
0.109891
0.061331
3.34073
0.485394
2.58405
1.52714
2.01651
0.866888
0.602569
0.942647
3.70164
3.53125
0.730786
1.99254
0.374643
0.198503
0.100872
1.11589
0.937388
0.122693
1.47178
2.62558
0.565589
4.50041
0.791778
0.562496
0.0813258
0.383634
4.91579
0.462455
0.376573
0.565625
0.141168
1.16471
1.3758
0.33015
1.15622
1.28379
0.530451
0.676513
0.809946
0.513827
0.762215
3.0373
1.01725
0.826932
2.64834
0.956547
1.80786
1.95785
0.249074
2.56761
0.760254
3.50063
0.577895
0.00311624
2.30305
0.00801698
0.961351
2.39136
0.670235
0.569206
1.50457
0.177454
0.0197128
0.415328
0.175546
0.108256
1.70807
0.619938
0.872857
0.563896
0.681612
0.0454094
0.0377002
0.253791
0.426797
2.95888
3.02692
1.90412
0.676096
2.83219
0.207624
3.91691
0.0978302
0.913576
1.13579
0.638265
1.59068
2.14869
1.07647
0.844761
1.91963
0.477891
0.271371
1.30425
0.461622
3.86454
1.1119
1.08889
0.32022
0.0647341
0.33601
0.0974959
0.074821
0.0528484
0.688871
0.0274039
0.449711
0.692723
1.73373
1.05704
1.13437
0.330417
1.63924
1.15964
0.0721638
0.276087
0.427659
1.17994
0.51066
2.59533
0.554526
0.116777
0.844944
0.755316
0.402924
1.17704
0.732444
0.511134
1.2349
0.670958
0.170008
0.858094
0.213923
0.563088
0.610813
1.90089
0.899002
1.11041
0.341378
0.362665
0.779895
0.143113
0.94027
0.885568
0.325037
1.44
0.325032
0.72214
2.78073
1.26935
0.992735
0.669088
0.0291728
1.51657
0.334707
0.813715
1.03305
0.405551
0.638409
0.888612
0.0264764
0.0367223
2.62899
0.282153
2.69306
0.462676
0.655326
1.1778
0.509493
0.257354
0.907859
1.5004
0.486047
0.17122
0.0709859
1.65103
1.0138
0.433716
1.54845
2.34044
0.378315
0.494874
0.130341
1.30209
0.515253
1.2957
0.293733
0.802032
2.92022
0.287285
0.181528
2.31274
0.587139
0.55197
0.841117
0.525063
0.364785
2.40329
0.735791
0.137087
1.49315
0.65491
1.59529
1.77363
2.49293
2.08877
0.250328
0.427442
0.864098
0.132318
0.582952
1.01054
0.388067
0.283806
0.336461
5.52234
0.487336
0.209607
0.728568
0.0417912
0.235692
0.869075
0.0819262
0.0664931
0.00638111
1.11161
1.20363
0.0921782
0.745072
0.907187
3.53377
0.064012
0.500385
0.146424
1.84549
0.664658
0.305834
0.509028
0.305313
0.922985
0.196945
0.503554
1.78625
1.37077
2.33486
0.395794
0.57024
0.347807
3.01435
0.633048
1.43485
2.9251
0.506315
2.04809
0.180432
6.28331
0.747148
0.576463
1.09624
0.338107
0.650416
0.499708
0.34841
0.458283
0.543677
0.33532
1.29396
2.67992
1.07549
0.904137
2.30216
1.69415
0.736058
0.291373
1.34593
0.416623
1.41291
1.86001
0.0137907
1.63551
0.877885
1.03369
2.45233
0.673576
0.0202374
0.831143
0.14448
0.606649
0.764067
0.334226
0.866204
3.5492
0.0113712
2.56931
1.09668
0.0827075
1.82174
0.135934
0.359472
0.0276139
0.318328
0.0304098
1.10496
0.295406
0.243394
1.14669
0.0325323
0.0583864
0.69947
1.40094
2.37259
0.684772
1.67414
0.0500048
0.567565
0.0474795
0.645354
0.139759
0.0638007
0.656224
0.975908
0.553174
0.39556
1.39653
0.276099
0.104146
0.222503
0.165291
0.567919
3.08812
0.370555
0.28979
0.362644
0.0332872
0.0956649
1.23321
1.72525
1.2446
0.0268166
1.25425
0.485769
0.215172
1.78056
1.53025
2.104
0.707587
0.384994
2.77
0.167903
1.73709
0.407885
1.20423
0.213829
0.00231913
0.761588
0.306013
2.17979
0.142556
1.42199
1.57438
0.526742
0.492065
0.945136
0.101327
0.43539
2.28211
1.09194
0.355634
0.176651
0.815216
0.371822
0.184303
0.660352
1.69176
1.7151
0.327065
0.828777
0.397854
1.78429
0.192411
0.39026
0.0813021
2.79091
0.531643
0.893352
1.97015
0.674433
0.262058
0.983039
2.71376
0.442824
0.445121
1.0995
2.1105
1.02566
2.36519
0.0641623
0.247289
1.16285
0.984067
0.780145
1.50503
0.0248385
0.428365
0.623117
5.40139
1.54257
0.907754
0.17884
0.0572763
2.49194
0.160386
1.50235
0.753271
0.0765662
0.732459
1.06688
1.77277
0.0466571
0.27386
0.641972
2.1416
0.156505
1.78987
1.28316
0.608954
0.0677203
0.177178
0.0356469
0.439417
2.57054
0.248007
1.99224
0.57812
0.929284
0.698998
1.83464
2.59307
0.195289
0.269029
0.935357
3.76266
0.429629
0.293716
0.317963
1.12435
0.119356
0.307895
1.06505
0.733679
0.594283
0.222585
0.208178
4.97938
3.62767
1.96794
0.330209
1.37128
1.05229
0.240853
0.0258852
0.032739
0.10399
0.384386
1.02414
0.333143
4.58889
0.998713
1.45581
0.894915
1.25151
0.761667
1.29483
0.492816
0.869501
0.65064
1.2865
0.181909
2.20919
1.60763
0.974826
0.958687
0.175663
0.692306
1.18308
0.606812
0.817353
0.451649
0.60119
0.27468
0.427823
0.601863
0.514095
0.0741372
0.269443
3.56493
2.39828
2.40128
0.331367
0.124162
0.429786
1.00367
0.239539
1.14916
1.11193
0.980002
0.364082
2.44459
0.202642
1.3068
0.403599
0.826393
0.0998909
1.1804
0.9998
1.97975
0.764045
0.818042
0.24701
1.28517
0.959747
1.72785
0.874633
2.67181
2.15266
0.299419
1.74871
0.598291
0.0374804
3.17274
2.10137
0.794799
0.660861
0.0903125
0.692108
1.78075
0.656227
1.78582
1.30388
0.26232
0.887237
1.28554
0.539053
0.663789
0.283031
0.738215
0.0243297
2.20935
0.422166
0.00519018
0.231167
0.758994
2.93956
0.813049
1.42758
0.567001
0.80449
0.416148
1.78234
4.85963
0.569201
0.366621
0.0536808
1.36747
0.241533
0.00504376
0.514372
0.270882
1.59173
0.728809
0.807573
0.0979556
0.331556
0.401158
0.644409
0.0163877
0.547815
2.32052
2.39438
0.37594
0.426576
0.906954
0.966102
2.45342
0.831142
1.3088
3.76255
3.94119
0.146183
0.167798
0.760344
1.95726
0.174215
0.317423
0.00897968
3.55895
0.968805
3.59288
1.80801
0.704696
1.2777
1.83366
1.12832
0.720494
0.374632
0.471884
1.7461
3.35189
0.0699766
4.18843
2.52739
2.57732
2.07705
0.369947
2.33968
0.547306
0.439393
0.168008
2.96063
1.57657
0.831517
2.24673
0.224091
1.25094
0.558617
1.70357
0.490685
0.427458
0.247892
0.673761
3.53412
2.22034
1.81093
1.10969
0.885112
0.171874
0.689547
1.54205
1.3674
0.181104
0.0644223
0.125452
0.460042
0.239715
2.41882
1.40159
2.78197
0.684874
0.565694
1.30084
0.155052
1.16551
1.62758
0.702829
0.958594
0.391329
0.0107556
1.49561
0.268872
0.613131
2.31041
0.289864
0.663462
1.11412
0.444117
0.513421
0.677457
0.908355
0.319274
1.11706
1.49839
3.28719
0.588557
0.208594
1.7008
1.20184
1.07883
0.0118318
1.22913
0.697181
0.273879
0.28459
0.14292
2.62919
3.13696
0.238502
0.540164
0.862951
0.779897
0.0710112
0.575563
0.166021
0.474169
0.354179
2.36162
0.89385
0.595599
0.738305
0.14741
0.690645
0.36025
0.0585006
0.462245
0.724558
0.777892
0.650548
0.961898
3.07548
0.146203
1.96392
0.821348
0.403981
0.379447
0.673955
0.157684
0.718337
1.03144
0.205093
0.333743
1.76255
1.26002
2.88069
0.936181
0.787058
0.180772
0.0604449
0.0362251
0.467794
1.10679
2.88123
0.427741
1.47271
2.04475
0.248638
1.99513
2.57932
0.668255
0.0277123
0.523318
0.386315
1.50321
0.468876
0.0538374
0.869488
1.19086
0.779312
1.82323
2.49675
1.0549
0.402641
3.25759
0.798626
0.498533
0.243614
0.586399
0.226926
0.0857327
0.315188
0.623385
0.370825
0.890242
0.094064
0.327845
1.03125
0.0466464
1.17833
1.5992
0.192543
0.172825
0.697942
0.839957
0.402326
0.0890133
2.53383
0.475114
0.339258
3.45008
0.489368
0.322016
0.325272
1.9725
0.251962
0.126801
0.389549
0.884837
0.723575
0.773256
0.77839
0.318732
1.53418
0.180358
2.40126
0.772755
1.33764
0.470252
1.21156
0.95424
2.03426
0.830948
2.37589
0.66549
0.856687
1.03812
1.69939
0.331346
0.740706
0.486398
0.293374
3.71283
1.44029
0.126562
0.0136193
0.580789
0.171706
0.0422591
0.14065
0.466947
0.780417
1.0698
0.509455
1.4157
0.291317
0.201318
0.986249
0.708473
0.975285
0.039495
1.98761
1.58579
0.309198
0.502411
5.94412
0.197208
1.6572
1.30807
1.25309
6.65338
0.966933
0.194317
2.63254
0.183845
0.302639
0.0321992
2.37257
0.388701
0.437632
0.173539
4.40925
1.11952
0.407652
0.635447
1.74393
0.693869
1.19945
0.507282
1.07209
0.226043
1.60777
0.016559
0.347037
1.25753
0.511658
1.14919
3.46997
1.86342
0.0526501
1.57952
0.832934
3.94761
0.220477
0.355456
1.95646
0.920578
1.17841
0.34075
0.963395
2.87137
0.322975
0.536841
2.06707
3.11832
0.77915
1.39964
0.0475032
0.00780824
3.49474
0.49126
1.62119
0.273566
1.41758
0.673126
0.327286
1.12208
0.373529
1.02913
0.244328
0.704197
0.406747
11.6341
1.25661
1.71392
0.377695
0.726815
1.28331
0.88704
1.23648
0.919397
1.05927
0.311132
0.0944739
0.625877
9.7747
1.72698
1.19557
0.0424105
1.02215
0.585569
0.076251
0.455615
0.517006
0.683576
0.355254
2.12221
0.0379537
0.184981
1.2364
0.35983
0.0575361
0.720203
0.336409
3.19805
0.230248
1.23432
6.50555
0.185595
2.54564
4.59199
1.16504
0.163488
1.46817
0.0766047
0.301948
1.25432
0.498725
0.694504
0.728339
1.38564
2.28566
0.314731
0.505003
0.233067
0.435024
0.921009
0.187972
0.450971
0.638346
1.20133
1.42049
1.80406
0.887901
2.0078
0.0461288
3.13878
0.44537
0.248522
0.765955
0.128561
1.36914
0.18179
1.98
1.80314
1.79596
0.742651
0.317251
0.215437
1.57641
0.265319
0.207599
1.39396
0.489308
0.53792
1.63874
0.839589
0.180607
0.894662
0.616004
0.0987229
2.09903
0.42339
0.678678
0.257922
0.497366
2.49449
1.16545
0.146826
0.0673786
0.111778
0.14439
0.338645
0.119975
0.836233
1.2734
1.28915
0.129575
0.000990859
0.666053
0.308405
2.14217
0.825214
1.11338
0.545602
1.21102
3.26803
1.00188
0.0808352
0.137629
1.16401
1.3335
0.15814
0.883571
0.124071
2.01003
0.324368
0.0273034
0.677537
0.174209
1.0427
1.40478
0.132961
4.01628
1.41754
2.08441
3.60524
1.07799
1.30335
0.0633052
0.247803
0.144437
0.187189
1.73857
0.725504
0.0215434
0.137841
0.544903
0.435117
0.778634
0.994365
0.732117
0.287326
3.40153
0.171593
0.829406
0.0807092
0.566352
2.73638
0.456572
0.496871
1.25258
1.38441
0.0788002
2.1969
1.11495
0.683688
1.19286
0.492596
2.27212
0.64339
0.557942
0.949952
0.576815
0.528594
0.137161
1.18413
1.19071
0.238781
0.279158
0.143359
0.322037
1.39687
2.2038
1.9587
0.192516
1.17035
2.85299
0.278074
1.08163
3.85144
1.3644
0.362262
1.98786
2.13493
0.303638
1.33731
0.0246381
0.987592
0.690173
0.869525
1.01023
0.506695
3.71367
4.99641
2.01371
3.27825
1.80092
0.283767
2.20203
0.49914
0.419676
0.232302
0.350227
0.0660867
0.557181
0.818391
2.02433
0.352714
0.713801
0.286726
2.14475
0.0208911
2.58362
0.116559
1.7807
1.1742
0.216805
0.99509
0.332446
0.388157
0.655205
0.305245
0.68416
0.040107
0.740675
0.654466
0.741106
0.404861
0.0196627
1.42304
2.00168
1.08384
2.22472
0.961003
0.343932
1.69819
0.480188
0.275736
0.240111
0.369203
0.148292
1.61002
2.05324
1.93859
2.20735
0.887898
0.738706
0.0213456
0.180421
0.0699989
1.19727
0.282
1.23091
2.72927
0.215514
0.820904
0.649458
1.24083
1.10984
0.594308
0.95874
0.0261211
0.353665
0.980596
1.61632
1.92032
0.867582
0.751585
0.826799
0.198458
3.95134
0.382966
0.165896
2.13652
0.0573653
0.155734
0.60459
0.731486
4.34064
1.99571
0.393382
0.0323675
0.676055
0.956065
0.313802
0.452219
0.674646
0.615753
1.64909
0.380457
0.478081
0.472929
0.833066
1.31983
0.985128
0.370535
1.03459
1.13683
0.494578
1.18284
2.41943
1.26267
0.268872
0.4899
1.07924
1.41098
0.452919
0.555482
1.16397
0.202468
0.52019
0.315793
1.83706
3.0692
0.227393
1.76254
0.0066586
1.27123
0.489659
0.717712
0.618447
1.12792
0.390404
2.23274
0.320293
0.0316533
0.528127
0.563352
1.51789
0.665114
0.022981
0.886658
0.145912
0.096325
1.58593
3.19656
1.64287
1.28416
1.222
0.652046
0.191444
0.310848
0.852793
0.253302
1.32638
1.20478
0.550866
1.14369
1.68194
0.436454
0.877792
2.3803
0.257938
2.87418
1.16793
2.04463
0.522211
0.0118772
1.18869
0.126181
1.11657
0.183083
2.2965
0.166985
0.551662
0.548884
0.577703
0.657735
4.77771
1.08049
0.0809572
0.00517315
0.078867
0.171176
2.28158
0.635663
0.558483
0.889349
2.34111
0.194692
0.707873
0.261359
0.221106
0.936486
0.0462983
0.422951
0.270772
0.731558
4.45868
0.0818842
0.49344
0.11426
0.50947
0.733618
0.677184
3.61945
0.249675
1.79828
2.10781
1.36726
0.0230828
0.407123
0.377666
1.07398
0.0273162
1.01969
2.28097
0.381649
3.72375
0.549392
0.0559668
2.4482
0.306799
0.00209894
1.32657
2.4466
1.41465
1.40105
0.661736
0.59553
1.77924
0.247949
1.03036
0.490869
0.453918
0.179464
0.144655
0.396235
0.0831257
1.33939
0.665975
2.59019
0.244813
0.66138
0.616428
0.519549
1.86428
4.93806
0.2456
0.486387
6.45097
0.79555
1.7323
0.0647879
1.00552
1.34665
0.383627
0.271331
0.365916
0.76845
0.0204833
0.864075
0.330383
0.194349
0.273607
0.373984
0.226524
4.88554
1.27146
0.415804
0.872241
0.292239
1.51026
0.418152
0.592405
1.13752
1.51435
0.25203
0.0641474
0.665286
0.156244
0.393587
0.366837
2.852
3.13284
2.68359
0.126693
0.362964
0.205149
0.101354
0.483108
1.11525
3.28068
2.07431
0.336294
0.720834
4.73397
0.186716
2.06834
0.146819
0.320865
0.237327
0.397701
1.5376
1.08679
2.63119
0.141566
3.0922
0.51648
0.141626
0.324678
0.310485
1.00633
0.686533
0.25671
0.375126
1.03346
0.118922
0.39129
0.463555
0.556581
0.364903
0.716696
0.159258
0.769061
2.60814
1.50767
0.875373
0.158711
0.2507
3.23673
0.620345
0.551459
0.755939
6.65912
1.36321
0.564866
0.523587
0.193469
0.237266
0.911639
0.838022
0.397801
1.06661
1.87268
0.924784
0.944532
0.265565
0.792328
0.24203
1.13319
0.106481
5.44871
0.496903
0.882131
0.968958
1.586
0.44829
0.49469
0.497409
1.62098
0.207697
0.173221
0.879464
1.31941
1.14409
0.664542
0.543411
0.751506
0.205216
1.88968
0.506888
1.13742
0.0856599
0.334841
1.79083
0.203876
0.348417
0.817553
0.347252
0.231632
0.211871
1.29716
0.620146
3.47566
0.235861
1.89859
0.453518
0.62916
0.0953681
0.641622
0.451021
0.39023
0.230366
3.23305
0.527595
2.69846
0.401331
0.0977021
5.49033
0.0620401
2.97253
0.954711
0.617766
0.798719
0.49316
0.301587
2.62957
1.88374
1.28071
1.69185
0.323591
1.81995
0.270611
4.90608
0.218988
0.0707992
1.50997
0.38927
0.652376
2.78696
0.50478
0.602688
7.38009
1.47882
0.283035
0.764435
0.217336
0.0323241
0.000693765
1.6654
1.28851
0.0757435
3.83785
2.35931
0.0746386
2.08094
1.34595
0.048676
0.699988
2.19296
0.0676851
2.15076
0.444895
0.703833
0.34159
0.524249
0.577488
0.575737
0.385972
1.09825
0.475199
0.461633
1.88344
0.675694
0.585486
0.425128
4.44932
1.62229
0.149598
0.365763
1.31744
1.06508
0.268831
0.876297
0.188809
1.80961
0.13325
2.18757
1.00645
0.842217
0.583896
1.49169
0.00914177
1.68038
0.407732
1.1433
0.106424
0.381494
3.88636
1.13956
0.718139
0.708133
0.799733
2.85883
0.0637497
0.655988
2.73185
1.72137
0.168778
1.24053
0.670488
0.193348
1.76656
0.0858287
0.0068552
0.462509
1.50331
2.05615
0.00844985
1.76546
2.07558
0.167252
0.260283
0.631071
0.207935
1.21382
1.9727
0.207556
2.37227
0.0502484
0.200123
0.163581
3.11564
0.213657
0.900807
0.275794
0.344822
0.43302
0.187106
0.00258375
0.37887
1.18687
0.192808
3.23826
1.17605
0.634966
3.61327
0.73299
1.82091
0.570775
1.05794
0.0194901
2.90836
0.993335
1.00054
7.58239
0.889587
2.13751
1.30446
0.732011
1.11931
0.0620337
0.776725
0.71378
1.87565
5.96372
0.737625
1.44642
1.9463
1.1977
0.81571
0.206757
0.149943
0.418652
3.5463
0.740955
1.32388
1.11641
0.342427
1.31855
0.426474
0.613391
0.427633
0.832136
1.34187
0.271696
1.52994
0.826591
2.5129
1.60872
0.171157
0.802229
2.75275
1.04465
2.25865
0.75873
2.00035
1.51086
0.423967
0.856502
0.523787
1.32074
0.459827
0.989223
0.128482
0.285416
0.184821
1.56348
0.493066
1.02897
0.278897
0.491094
0.122761
2.184
0.409959
1.18504
0.937149
0.460751
1.06737
0.113368
2.60287
0.923325
0.117703
0.997014
0.248946
0.268314
0.343653
0.186868
0.312121
0.0750698
2.62599
0.0799835
0.0224823
0.808612
1.5796
0.014701
1.41404
0.0725213
1.54087
0.175223
0.22219
0.134629
0.367744
0.452794
0.428289
0.130184
0.197402
1.30759
1.44387
0.125229
2.85309
0.590101
1.16669
0.527315
1.02102
0.0467184
0.0510409
0.251521
0.654314
2.18577
0.226737
0.99718
0.116127
2.60676
0.156912
1.33633
2.23546
3.01726
0.21234
1.47666
0.345792
1.57069
4.63811
0.553618
0.435027
0.959166
2.7175
0.525407
2.26039
1.17001
10.101
1.06974
0.397599
1.99692
1.9845
0.33188
0.278621
2.13941
0.778318
0.532631
0.0886441
0.266267
0.249988
0.541214
0.120584
0.0822454
0.443957
0.278149
0.586319
0.598838
0.37957
0.0712277
1.97639
1.49165
0.145924
0.266635
6.99024
0.727452
0.58477
0.192032
2.08963
0.748044
1.42494
0.571269
0.182248
0.27835
2.19591
2.20982
0.298631
0.306612
0.873552
0.00803832
0.506552
1.16951
0.0113637
0.0369339
0.244025
3.40131
4.5038
1.05299
1.16957
0.567591
0.407518
0.0682546
0.154863
0.206177
2.33951
0.782283
0.129753
2.89789
1.81911
0.370407
0.840504
5.32135
0.767261
0.213202
0.800213
1.15232
0.17767
2.05473
0.314572
3.56158
0.922151
0.187346
1.80306
1.44355
0.412812
0.937931
1.19903
1.64808
0.803044
1.24111
4.34121
0.2648
1.55706
0.0947051
0.829698
0.0273057
2.21243
0.94656
0.697541
0.15471
2.26274
0.495093
2.76733
0.166462
0.937398
1.58067
1.52974
1.04268
0.180431
2.21338
0.789913
0.592024
2.50121
0.176952
0.0420799
0.432634
0.217406
0.105785
0.0663204
0.051051
0.0321657
0.238075
0.430139
0.118173
0.0445908
1.27375
0.155416
0.042955
0.780436
0.0195398
0.992671
0.396292
0.415147
1.92495
1.19518
0.690615
0.12346
2.2306
0.282857
0.901779
0.803042
0.488566
0.683184
0.197803
1.12545
0.0467916
1.00556
0.422607
0.183175
0.0933797
0.771328
2.94347
5.39424
0.193515
2.21825
1.52647
0.263047
0.00923102
1.87029
0.551898
1.41379
1.48917
1.04532
0.0531664
1.14237
0.11983
0.387338
1.32787
0.626274
0.509256
1.10227
0.147958
0.233192
0.0225061
0.15829
0.647972
0.466157
3.32216
0.933214
0.710901
0.00329846
3.84074
1.77652
0.31364
0.790614
0.461925
0.183597
2.82238
1.08673
2.36002
0.580626
0.509076
0.86984
0.702767
0.612475
0.413739
1.4877
0.960392
1.70208
0.189212
0.0774762
1.53253
1.55301
1.21286
0.298899
1.7485
1.06881
0.957212
3.46386
4.14846
0.465429
0.939343
0.51312
1.07283
0.204955
0.152123
0.11687
0.148127
0.539743
1.60048
1.18261
2.01797
2.28534
1.18443
4.10379
1.24594
3.13592
0.821347
0.0853736
1.98457
0.33799
1.43218
0.605711
0.215234
0.553061
1.18103
0.0444485
0.028493
1.80993
0.475888
0.868371
0.724283
0.615149
1.60827
0.00438064
0.935684
1.16399
0.020062
0.0606513
0.805063
1.19664
1.00462
0.0558653
1.11082
0.36378
2.21228
1.27518
0.105312
0.5735
0.0825611
1.05126
0.418529
0.282089
1.41634
0.978751
0.491212
2.70725
0.180868
0.05497
0.901899
1.21246
3.48205
1.43938
0.348346
1.94461
0.313325
0.931167
0.59578
1.95369
1.61375
0.185426
2.22973
2.60011
0.421685
1.02373
0.541632
0.355713
1.07031
0.336068
3.4549
0.135671
1.05134
1.59542
0.587461
1.30936
0.0216974
2.0008
0.692545
0.072839
0.0125489
1.73839
0.603192
0.0546511
0.379366
0.474678
2.85972
0.00434289
0.153581
0.83882
2.80045
0.718724
0.0600183
2.51659
0.560872
1.65908
0.00562431
1.44728
1.33393
0.0356983
2.01965
2.86781
1.15049
2.16223
0.859523
0.707913
0.352263
0.182214
2.99663
1.63816
0.945124
0.290492
1.05792
1.57886
0.543498
0.0681126
1.39787
0.0476641
0.10054
0.567353
1.03259
0.594566
0.534105
2.28295
0.541117
0.963438
0.791114
1.15529
0.587758
2.01816
0.191191
1.09649
0.915068
1.91558
0.240459
0.0360536
0.976316
0.784313
0.809038
0.0219807
0.0411356
1.89645
0.169187
0.23974
0.260848
0.128433
1.67761
2.51986
0.0931429
0.20956
0.102944
0.0564962
0.723485
1.83853
1.11247
0.107388
0.065273
0.470174
0.188552
0.282398
1.67587
1.17147
1.56694
0.437655
0.0198189
0.32012
1.33929
0.44446
1.17833
0.308244
0.143429
0.250442
0.0911432
2.71641
0.143632
0.064177
0.380145
0.618721
1.48452
0.579869
0.0560576
1.04992
0.317948
0.105582
1.17362
0.55428
0.364131
1.32481
0.4678
2.29874
0.756206
0.194139
0.191756
2.43076
2.96023
1.6283
0.158556
1.97178
0.391222
0.258752
0.289753
0.173332
2.20546
0.424635
0.0131872
0.97665
0.168746
1.33598
0.139622
1.24317
0.310271
1.4639
0.14465
2.4038
1.42283
1.21234
0.26811
0.258913
0.656064
2.15134
1.19159
0.154456
0.250518
1.13561
0.101955
0.2772
0.335923
0.375723
0.695094
0.0416115
1.12637
2.23428
0.743348
0.0842356
0.279918
0.907941
0.402648
0.788935
0.353243
1.95636
0.294611
1.22082
1.57354
0.0560578
1.53106
2.12658
2.55836
0.143228
0.761132
0.0983598
0.17242
0.426129
0.287635
1.48099
0.946299
2.319
0.290705
3.74345
2.31737
0.442207
1.01002
0.65368
3.09173
2.45784
0.571485
0.232055
1.39452
0.77143
0.276503
0.170778
1.54354
4.00537
2.03551
2.08744
1.52813
0.18634
0.0229237
0.345616
0.403807
1.15576
1.34489
0.460137
1.41769
0.140688
0.177232
0.657075
0.801572
0.309072
0.0257653
0.0146389
1.29459
1.16561
0.800417
1.00466
1.09559
1.36868
0.376269
1.20293
0.963361
0.942086
0.442412
1.87611
0.684822
0.282634
0.661514
2.13074
1.195
0.597904
0.544537
1.07217
0.371671
0.224975
0.672197
1.58757
0.320183
0.262026
1.02164
0.147705
0.526458
1.16788
0.139704
0.412698
0.0906334
3.24774
4.55101
0.486156
0.964867
0.620797
0.439878
0.0825178
0.172021
0.545409
0.0718074
0.473816
0.313924
0.553013
0.207401
0.202647
1.67608
0.605964
0.605358
1.77767
0.0540291
0.297245
1.98062
0.958154
1.79625
1.12466
0.315352
1.43903
0.561159
1.23064
0.266577
2.97536
0.640046
2.15228
0.9621
1.45011
3.18367
1.02919
1.86788
0.371932
0.224989
1.61295
0.76982
1.0771
0.0629908
0.463224
0.508126
0.904721
1.24192
1.40249
0.301886
0.158319
0.381351
4.27604
0.928074
2.20453
1.20541
1.93366
0.613305
0.44046
0.521976
0.693891
0.886536
0.313308
0.680212
2.19966
0.0922986
1.45129
0.304736
0.498294
0.139393
0.914612
0.590297
1.0345
0.381659
1.99371
2.2659
1.98898
0.135885
1.53764
0.61317
1.34627
1.42626
0.15821
1.15573
0.815716
0.953209
0.016756
1.27156
0.124317
5.06518
0.787555
1.1497
1.6331
1.10286
0.000869154
0.0324016
0.402739
4.06969
0.261114
1.25193
0.738515
0.441017
2.28766
1.39127
0.723315
0.977952
2.03361
1.06145
1.90326
1.3579
1.35603
0.657881
0.608732
0.185466
2.23913
0.497304
0.358715
1.1312
0.65127
0.243721
0.998788
1.39529
0.0797348
0.627369
1.33857
1.72683
0.597363
0.900501
0.23056
1.03204
1.80665
0.416381
2.04599
3.34394
0.135745
0.481928
0.0255182
0.247815
0.0462534
1.10489
0.0999262
0.288902
0.229491
0.154117
0.60898
2.28276
2.03877
1.2958
0.654712
0.625474
1.54192
0.404396
0.778465
0.755699
0.156577
0.621906
0.717365
2.58676
0.364671
1.90794
0.496308
2.13603
0.177562
0.394983
1.50394
2.77302
0.103383
0.217702
5.36953
2.83205
0.465946
0.165398
0.235493
0.0797713
0.0491506
0.00137473
1.14838
1.73514
0.618783
0.00342682
1.24782
1.5597
1.01483
1.67524
0.464962
0.011138
0.80449
1.84302
0.05117
0.0412264
2.178
0.486975
0.538804
0.84887
1.85147
0.498817
1.21899
1.66336
0.175088
1.4742
0.47738
1.95517
2.27711
0.575307
0.107046
0.441996
0.997211
1.51766
0.46379
3.05053
0.0291886
0.110769
0.0432961
0.124954
0.343322
0.264941
1.30261
1.9961
1.23737
0.704506
0.689245
0.0992216
1.86012
0.959363
1.3906
0.13816
1.61605
0.288244
0.0032774
0.575917
0.794046
0.673627
3.4658
0.0670028
0.742248
0.040213
1.64316
1.35269
0.116376
0.0244847
3.67035
0.622431
0.829161
0.894156
1.06818
0.411579
0.154067
1.12684
0.292485
3.8146
0.630944
1.18335
1.01816
0.802386
0.39701
2.80188
0.960601
2.01424
0.864884
0.12873
1.80376
0.727319
0.582686
0.818175
2.00656
0.106169
0.151483
0.777279
1.3011
1.19506
1.22354
0.593832
0.122867
0.14087
2.67577
0.483198
0.291944
1.56551
0.742638
1.91963
2.0321
1.74294
1.56092
2.28169
0.223645
0.108634
0.942551
0.0452593
0.397494
0.274388
1.36284
0.398224
0.270303
2.04097
1.35837
3.69716
1.3223
0.0107517
0.0872665
0.345791
0.312337
0.396611
2.78701
4.5177
0.818955
0.149016
1.19995
0.0157529
0.0592276
0.816013
1.20515
1.10725
0.332389
3.21181
0.297575
0.107476
0.0687192
0.444635
0.195663
0.583044
0.157807
3.5318
0.492065
3.32049
0.406183
0.664821
0.814809
0.586597
1.70965
0.0330134
2.75244
2.83654
2.00419
1.17784
1.70175
0.799537
0.234317
0.30585
0.799109
0.613489
0.662032
7.13867
0.0909527
0.266425
1.49362
1.04802
0.5293
0.41637
0.481814
0.804962
0.321253
0.194804
1.10294
0.0560878
1.23874
0.956631
1.22065
0.377468
0.491907
0.266102
1.37678
2.51739
1.09018
1.47613
0.546435
1.02262
6.10716
0.576474
0.137337
0.610751
0.336954
0.715305
0.599045
0.821649
1.12203
0.38124
0.296163
1.01503
2.65899
0.864938
0.824647
0.287847
2.47037
1.35244
1.31712
1.05435
1.14146
0.192314
2.23879
1.74919
0.0457146
4.06794
0.0968356
2.25414
0.0885532
2.03449
0.142691
0.161228
2.22389
0.68576
0.877083
1.59974
0.526938
1.44421
0.411872
1.76794
1.0911
0.290964
0.90371
0.041771
1.0371
2.42976
0.210268
0.0680988
0.434798
0.198305
1.87783
1.9667
1.60883
1.22786
0.0689164
0.389257
0.293438
0.594318
1.26166
0.276689
1.13083
0.115013
1.28043
0.184532
1.3745
2.76052
0.119868
1.79375
0.35588
0.144867
0.911643
1.93099
0.379363
0.334157
0.254954
0.474522
0.495384
0.088245
1.75065
0.495328
0.00898311
0.499124
0.1596
0.46595
2.75598
0.505812
1.74113
0.00859604
5.12722
0.221741
2.22001
0.734914
1.28188
3.12539
0.0612369
3.8421
1.1439
1.99242
0.950087
0.359414
3.42516
3.50874
0.0156842
1.27894
0.0044021
0.443336
0.0228064
1.31298
1.1592
0.402681
1.22817
0.13224
2.03218
1.00536
2.04438
0.01442
0.292262
0.826719
0.171269
1.72536
0.748887
0.298826
0.201178
0.55305
1.52942
0.100793
0.212524
0.0505233
1.14277
0.68059
0.612927
0.270577
0.515473
1.27438
0.939806
0.481651
0.674013
0.448184
0.609873
0.0429324
0.304805
0.773693
0.419351
0.535802
0.403081
0.226545
0.44123
0.181817
0.249006
1.34334
0.797157
0.0192863
0.165295
1.16471
0.121541
0.310635
0.732084
2.08754
1.44331
0.530665
0.817406
0.0742992
1.00429
0.612163
0.696919
0.204725
0.210034
1.38198
0.507877
1.62613
0.0142713
0.774817
0.540924
1.28542
0.0157174
0.530221
0.744098
0.40377
0.854416
0.070933
1.24341
1.79618
0.266366
0.735495
1.09304
0.126556
0.937429
0.102168
1.80896
0.853593
1.85362
0.767874
2.0528
0.655696
2.29437
0.576997
0.878171
0.395992
0.82035
0.0427285
2.38631
2.91941
2.28562
0.353741
0.235858
1.80772
0.19684
0.0179384
0.0821668
0.319299
0.18315
0.00833312
0.21016
0.434561
0.90315
0.0137788
0.748036
0.257872
0.209918
0.606651
0.469652
0.661496
0.148854
1.25969
1.63285
0.798542
3.58179
0.826453
0.683818
1.07098
0.460208
0.503108
1.06913
0.472201
7.33463
2.71876
0.671236
2.12651
1.37803
1.07152
0.451464
0.851208
0.0259068
0.494828
3.69314
1.17628
1.26336
1.6687
1.38518
0.169958
3.53948
1.40335
0.40264
1.72521
0.96188
3.34799
0.00838607
0.0550638
1.33185
1.42432
0.345547
0.212744
0.942492
1.2814
1.90206
0.0259901
0.150976
0.561904
1.42536
0.443974
0.351696
0.0484558
0.202006
0.795574
0.478512
1.16971
0.924266
0.707459
0.0913412
0.63962
0.669421
2.13876
0.530509
0.358556
0.961194
0.605342
0.752821
0.53323
0.515409
0.526414
0.636938
0.742803
0.732696
3.70382
1.47319
1.80894
0.891139
1.00472
0.901831
0.0979154
2.16276
0.0287556
0.158088
3.75255
2.73973
3.14358
0.547653
0.338567
0.307073
0.161268
0.576687
0.193156
0.418815
0.747864
1.864
2.88805
0.436665
0.586739
1.67476
0.250392
2.80971
0.0724033
0.116071
0.38545
0.0700825
0.198532
0.985059
1.77469
0.512778
1.07639
2.10014
1.04771
0.975727
4.6139
0.442506
0.100368
0.261237
1.95736
0.580474
0.210122
0.404708
0.183304
1.37619
1.92615
0.468974
0.95122
1.52631
0.44133
1.20581
0.542915
2.50015
5.23586
0.396588
0.942511
0.720729
0.449181
0.966814
1.46877
1.16768
1.26165
4.20659
1.00238
1.68297
0.624759
0.000105301
0.0911957
0.962926
1.24171
3.38888
1.13863
0.677635
0.991843
3.88658
2.20989
0.478639
0.091832
1.79569
0.318544
4.85773
3.07364
0.0244383
1.42616
0.0148049
1.23118
1.253
0.715217
1.49935
1.54448
1.14452
1.33904
0.353094
0.385948
0.187887
3.22097
2.0747
2.35603
0.733887
0.993273
0.0304035
0.893264
2.08323
0.625039
0.883297
0.797163
2.05506
0.0713989
0.483398
1.38863
0.903082
0.487898
0.426049
0.580017
0.509492
0.935329
0.928414
0.150201
0.409622
1.00686
0.796402
0.225508
0.223889
2.45466
0.450143
0.566029
0.0900408
0.1793
1.54751
1.74988
0.234972
0.575596
1.57975
1.48416
0.735997
0.39899
0.508002
3.56394
3.20977
0.906767
2.58684
0.54448
0.359536
1.14597
0.597258
4.90572
0.592022
1.18036
0.75871
1.65926
0.129489
0.512305
0.487159
0.969265
1.46195
0.418321
1.40603
0.251336
0.756817
0.864369
0.554734
0.216969
0.691611
0.229421
1.58381
0.492929
1.43044
0.109603
0.698267
0.281127
0.423928
0.347698
2.16193
0.776611
0.264149
1.48717
0.0309574
0.076828
0.71045
4.16273
0.491737
0.563469
0.301571
1.06105
0.125966
1.50073
0.52742
0.25618
0.424026
2.3663
0.846047
0.660032
3.39253
1.87874
2.83619
0.202614
0.0860626
0.666704
1.11102
0.195917
0.143425
0.197576
0.278649
1.46842
0.901173
0.424376
1.97755
0.154939
0.1244
2.12189
0.17063
0.172623
0.39155
1.97835
1.31828
0.257093
0.289393
1.74749
3.22044
0.59939
1.17932
1.11859
0.409253
1.15362
0.387039
0.469833
1.43486
0.206508
0.291862
2.01765
2.63977
0.763629
0.629019
0.062051
0.0204126
0.426629
1.26697
0.782484
0.159816
0.0727139
3.84711
0.545819
0.0414859
2.1915
0.285525
0.84994
1.59234
0.223464
0.477066
0.551832
0.0239016
1.10404
0.472283
2.04437
0.0310566
0.784972
1.85042
0.160573
0.287634
2.46543
1.30302
2.62622
1.07575
3.94591
0.552282
0.794257
0.396504
0.0648297
0.351073
1.36857
0.734369
0.703885
1.86104
0.262256
0.0698642
3.06473
0.572442
0.95697
0.582469
1.95237
0.996467
0.218705
0.740039
3.15314
4.20992
0.589108
0.170979
0.595566
0.365586
0.635213
4.07348
0.918704
2.69245
0.717338
1.34432
0.866033
0.0035753
0.614544
0.376419
1.32629
2.52447
1.12223
0.876181
2.23115
0.500689
1.26419
2.54437
0.186791
0.748031
0.112566
1.59509
0.409435
0.14205
0.872547
1.77743
0.052393
1.3712
1.03454
2.95363
1.31092
0.172879
1.98327
2.18134
3.63388
0.459313
1.46135
0.836782
0.31094
0.13913
0.560435
2.62837
0.107756
0.0717187
0.115668
0.756722
2.69284
0.0214374
0.149156
2.48926
0.154579
2.6236
0.23313
0.707134
3.42178
0.691009
0.0679657
0.674112
0.148607
1.64918
3.66813
0.00896028
0.0270391
0.0490515
0.665907
0.144165
0.786708
0.898242
0.0150769
0.337886
1.1228
0.0329041
0.61651
0.363385
0.0363974
0.892384
0.91874
0.310654
0.345679
2.06873
0.239087
0.209003
1.79371
0.940444
0.99034
0.0633631
0.390831
0.423752
1.56203
0.731246
0.262545
0.18443
0.535093
0.192935
0.0941055
0.96824
1.18666
2.07748
0.241317
0.09227
0.957884
0.654118
0.148956
0.154285
0.432292
0.272757
1.6914
0.393391
2.84437
0.281686
0.305533
1.08649
0.452917
0.243926
3.04734
0.3658
0.977011
0.0965544
2.98646
1.73302
0.806208
0.355024
0.112052
0.294036
2.2209
0.860682
0.0408813
0.903896
1.26814
1.6401
0.220308
0.0351582
1.98261
0.377607
2.41065
0.732335
0.00854281
1.3573
0.659523
2.19605
0.498273
0.0134369
0.446665
0.285526
0.916722
1.16544
0.187552
0.115169
0.705519
0.985603
1.58648
0.197842
0.205971
0.0580025
1.68256
0.160181
0.011934
2.4625
0.0663513
0.116699
0.66185
0.860939
0.315688
3.86732
1.961
0.167458
0.822195
1.56202
1.03183
1.17869
0.299324
0.901706
1.10018
0.632891
2.02857
6.50671
0.0197155
1.1924
0.165402
0.614629
1.09598
0.365314
0.418758
0.41513
0.377369
2.55128
1.42989
0.613996
0.0509833
2.95893
0.820024
0.419264
0.830586
0.0301548
0.411696
0.517934
0.55708
0.999157
0.861111
0.98509
1.89176
0.815393
0.0365267
0.748695
1.13156
1.77119
0.408431
2.51715
3.12331
0.318048
0.517791
0.784523
0.0994056
0.820219
0.551669
0.722242
0.700171
0.869109
0.441124
1.89992
0.2161
0.215992
1.28515
0.512463
0.304842
0.319547
0.3817
0.216281
0.00439393
0.199588
0.175152
1.31953
0.822644
0.246817
2.80632
1.46124
0.0329568
0.373906
0.0070827
0.823356
1.39952
0.294392
2.9933
0.0868159
0.547418
1.36715
1.36691
1.76089
1.54117
0.70497
0.274226
0.236228
0.0566374
1.81482
0.884974
0.680603
1.77813
0.916014
0.434028
0.00126811
0.824185
0.0299459
0.238861
0.452463
2.30566
2.03694
3.1824
1.44257
0.353435
0.732444
0.237366
1.19205
0.190277
0.686365
1.72753
0.739062
0.605483
0.282965
0.0963753
3.6306
0.845265
1.51644
0.0681835
0.636377
0.551178
1.88384
0.687665
0.458614
1.70025
0.260699
0.40678
0.706296
0.736295
1.06207
0.736729
0.455523
2.33244
0.00569907
1.04019
1.86784
0.0122511
0.78735
1.15335
1.48054
0.574298
0.517762
0.471527
0.962267
0.25949
0.763125
0.275447
2.18164
2.75589
0.699868
2.04455
0.0797623
0.349906
0.380886
0.0397203
0.0239045
0.79716
2.27074
1.4041
0.878659
1.1637
1.19102
0.154163
1.3395
0.134608
0.691188
2.25295
2.28523
0.619861
1.52831
1.8614
0.146431
2.28277
1.69569
0.54583
0.551684
0.836301
0.204097
0.823658
0.597603
0.368062
1.52122
0.00139034
0.108814
0.1576
5.15386
0.52445
1.2082
1.38378
0.314939
2.04329
0.450698
0.202056
0.409895
3.70684
1.27405
0.152019
1.42051
1.48628
0.19311
0.239476
0.600552
0.00973641
0.0337191
0.430531
0.245491
0.192095
1.13078
0.153143
2.00445
0.376488
0.235929
0.720327
0.369759
0.968415
0.0208883
0.632953
0.0465243
0.256912
0.152707
0.331391
0.233571
0.217457
0.198146
0.495604
0.143603
0.757156
0.516409
2.39987
3.72708
0.589683
0.30827
0.511681
1.74479
0.823952
