-0.314146
0.629756
-0.621746
-2.40424
-0.224606
-2.26293
-0.712977
-5.51227
-0.583438
-1.04272
7.67587
0.723125
-7.80808
-0.0273308
-2.54951
-7.05771
-2.97173
-18.113
-1.70111
-0.542317
-1.60554
18.9007
0.147694
0.51802
-0.884337
1.2863
-0.767188
0.203986
2.687
-1.4536
0.911899
-1.23863
0.398695
0.0358463
-0.0217924
-5.27266
-0.689391
6.53669
1.36122
-2.07566
-0.483059
0.670406
-1.22034
0.16729
0.313004
0.665849
-0.355279
0.225299
0.0778771
0.228963
-3.68043
-3.49891
-2.68529
-3.5266
-0.909003
-0.3015
-1.39802
-2.41291
-2.99823
1.18885
0.685971
-0.49713
0.0520505
-0.746707
-0.650959
-25.4436
-5.29253
3.29598
0.713541
0.483869
0.93884
0.0633321
8.86626
0.594439
0.860315
-3.85043
1.09545
-42.7406
-1.27617
0.756482
-1.34524
3.43972
0.234585
-4.75272
1.33261
2.56098
4.55255
-0.217879
0.729283
-0.873333
1.03958
0.302605
-5.74696
-4.25852
-102.036
2.80561
1.34666
-0.540341
-1.53925
1.76385
0.270867
0.137443
5.83967
0.256425
0.748686
0.394675
-0.208058
-0.72548
-1.35048
-0.516284
2.46196
-44.4742
-0.167834
0.531559
-5.23643
1.07649
-0.506893
-1.22405
5.85872
-0.144223
-0.7706
-0.321781
7.90593
0.260439
0.94458
-0.0097702
4.85617
-0.390777
-5.09353
-0.362988
1.93587
-1.68521
-10.1757
0.897307
-0.440503
-0.559095
0.142005
-1.68767
-0.239518
-0.37736
0.825128
-0.263583
-3.50177
-2.62576
0.558652
-0.0601448
1.04336
0.252244
-120.38
-4.10615
0.776727
-0.626365
-1.03821
-8.2522
-0.822509
-22.8117
-0.402706
0.176415
1.60279
-1.74325
-0.848257
-0.726614
0.47818
-0.565814
23.174
-1.21196
0.864774
0.0719517
-3.55822
-0.213744
3.36312
-1.9671
1.54799
4.02405
0.159481
0.454175
1.46708
-0.0167804
0.91727
1.31026
1.45494
0.0203182
-0.598328
-0.487379
-0.28274
3.55569
0.951537
0.102655
-0.675906
0.232456
-1.00549
-4.59371
0.866317
0.706026
-1.33738
0.276733
-2.69445
1.1991
-1.87701
0.25218
-0.326999
-0.272356
1.34881
-0.840905
0.154524
-0.476776
-0.441689
0.221274
7.7169
5.89883
-1.40556
2.52328
0.334649
1.48682
-2.70292
-1.21166
632.827
-0.202277
-0.876826
1.06826
1.13525
0.0489748
-1.60451
0.235819
1.03589
1.29389
-94.433
9.54415
-0.209641
-0.10571
-0.684219
-5.54917
1.96327
0.146685
2.19469
1.14601
-0.44282
9.5944
0.414539
-1.05166
1.70094
0.666456
1.86673
0.476632
0.112302
-1.56744
1.91946
-1.16958
2.44907
-4.57335
3.83196
-1.4056
-0.0170138
1.22441
-1.96194
-0.172532
0.392526
1.51291
1.35784
-0.174993
-4.66272
-0.555935
0.687713
-0.11111
3.30426
-1.13896
-0.28451
-1.07185
-0.290601
-0.558047
3.36819
-0.178649
0.418529
-11.6289
-0.120571
2.61252
-0.63485
1.3755
-1.8772
-0.404339
1.3263
-0.748338
-0.770588
2.50678
0.069555
3.68496
-0.353881
-0.737793
0.153158
-3.15642
-11.4146
1.04984
0.983767
-1.11096
-3.34316
0.207222
-3.09318
-29.7024
1.07008
-0.840456
1.42823
-4.98911
1.54186
1.70544
0.380616
-7.29403
41.5827
-0.486039
-0.59027
4.32879
-3.53097
-1.03751
-2.68326
-8.77978
-0.933463
-0.563131
-0.902479
-0.939025
-1.2128
-0.655264
-0.524062
0.526494
-0.563648
1.12158
-0.305526
0.912126
-0.288647
-0.783541
1.02518
2.0541
2.34477
0.571057
-34.6472
-17.626
-30.9463
-0.323217
-0.220075
1.34753
-1.13954
-0.148907
1.37158
-0.4406
0.499614
-0.358787
-15.2666
-0.49067
6.8592
2.70588
1.38746
-0.84498
11.3582
0.866419
1.16821
-0.743289
-0.916655
-0.278483
14.26
-8.98887
0.205832
2.8296
-0.215799
-1.36091
-0.362448
1.25753
0.406032
3.56293
0.145272
0.218342
3.03728
-0.892529
-6.81201
0.941168
4.03716
-6.18475
2.46198
-0.856101
-0.466198
0.0693021
4.70541
1.74994
-1.07195
-0.772487
-0.557376
0.218004
2.0065
-1.46527
-2.02591
-28.4897
4.24116
-0.610965
-0.42819
-0.0516696
102.694
-0.653061
1.82098
2.29404
-1.36053
-3.30389
5.21846
0.240417
-4.77917
-1.54331
-0.10856
0.711275
-0.794806
-0.894647
8.71188
-2.73144
-0.254912
2.12254
0.246807
-0.21427
-0.920447
-0.296172
-2.22066
1.52663
2.59596
0.0540868
1.68243
0.824437
-1.9902
-6.66494
3.51413
-0.273019
-1.07822
-0.607466
-2.96902
-2.80866
-2.39757
-1.78958
14.2002
-8.34645
-0.879356
8.1779
-0.167674
0.0379387
-1.46
0.259918
-2.044
-1.50701
-1.21789
1.54634
1.28053
11.6339
-3.47388
3.29837
-0.687657
-0.287398
9.62651
-1.96269
1.84643
19.1359
0.841612
-2.90351
-8.77321
2.13246
0.63243
-0.700665
-0.658689
1.13124
-1.37601
1.20392
1.15777
1.69339
0.183189
1.11314
0.205542
1.45924
0.99211
-1.85132
-16.3431
-0.74352
1.63698
0.471449
-1.19741
0.722306
0.249823
-0.182087
-0.122751
0.293702
2.5697
-177.105
0.242791
0.0405857
1.93906
2.88033
1.69388
0.219649
-10.296
-4.21903
-2.31416
-10.811
-0.3772
2.68176
0.77012
0.440931
-131.458
-2.03079
9.47613
0.754511
-4.25579
2.78862
-0.475711
-0.723826
-2.81299
0.997636
-1.11137
0.0175714
2.43974
-0.990737
-0.0311111
-3.98182
0.389605
-1.82961
3.4222
0.924364
-0.782239
-1.02
-1.05531
2.46829
0.814942
-0.354478
1.0204
-0.13599
-1.70513
1.69095
2.86039
2.35974
0.556156
-0.0898286
0.064678
-1.36691
1.08818
1.74667
0.609499
-3.69738
0.986668
0.415171
0.186448
-10.827
0.616905
-0.411634
28.2171
13.344
3.27225
0.640243
0.299361
-0.500794
1.78927
-1.39884
0.42873
-83.6172
-0.617432
-3.62418
-18.9395
1.66784
0.693749
-0.005677
1.01645
0.259575
-0.661902
0.295859
0.665433
0.948412
0.67141
-0.725442
0.921978
0.13938
-1.7924
-3.32972
0.954865
-0.20504
-1.91921
-6.38413
3.88331
0.58928
-0.973211
-2.74821
1.29506
-0.00658469
-0.241728
-6.21608
-1.80546
-0.809644
-0.580742
-1.28387
-0.2468
-0.11968
69.1131
-0.829211
-1.75748
0.242754
0.839008
1.77124
-0.109871
-3.08536
-0.796972
-1.56951
-1.07765
1.45753
5.04232
-0.630855
0.20746
5.49388
0.420441
-0.0949219
0.00283858
-0.401092
-0.105257
-2.48881
0.110918
0.308011
-0.932583
1.06886
7.49212
-0.235692
-3.05716
-2.78997
0.159998
1.11917
-1.63894
-1.4843
0.263488
-0.211437
-0.374031
-0.395978
-0.379523
0.295885
5.9563
-0.260709
1.34658
-0.371217
4.06825
0.370547
-136.261
-4.07449
0.762569
-0.209105
0.794536
3.27093
0.995542
2.77807
-1.17389
0.458722
-0.919912
-6.80458
9.04976
-1.68899
1.49564
2856.87
-1.02376
0.382982
0.559003
-0.470536
-0.372976
0.350198
-3.87598
-1.34881
-0.386763
-0.385478
0.0980159
0.675783
1.02073
1.50013
-0.996948
-0.856594
-0.75594
-6.92918
0.0667458
11.3653
0.305585
-0.349097
-2.85878
1.03407
-3.81882
1.15164
-9.37977
-0.0202637
-0.153921
-1.38014
-2.79896
0.554467
-0.225892
1.70618
1.49098
1.40842
-11.2007
0.369713
-4.0244
4.50653
-2.13022
0.322036
-1.85185
0.32927
-0.570217
-0.293958
1.44311
1.21049
0.444516
0.466143
0.198668
-0.0952969
0.481423
-80.3619
-1.0076
-0.549512
13.7038
-5.47253
0.73168
-0.813486
0.175061
1.75838
0.455416
-1.96129
42.1753
-0.604821
0.58934
-0.819808
1.17316
-0.682604
-1.21362
1.09431
0.740389
-0.0936656
-0.157546
0.626784
0.404613
-0.475363
1.48878
1.2766
-3.53426
-0.547415
-0.944488
0.255323
1.81412
0.180148
-0.542345
0.262757
-3.24876
-0.262095
-0.522728
3.77019
0.842573
18.8725
-0.371787
2.26366
-0.515281
-5.128
-0.592955
-0.250303
0.0461017
0.326592
0.741194
2.21248
-48.7815
-7.93357
0.66899
0.767745
-2.75836
-0.633338
-0.120452
-0.233704
2.92012
1.27231
-1.97409
-38.7314
-2.84628
176.46
-0.409081
-0.0720791
1.45886
-0.89564
-0.720433
1.63223
0.432202
0.814815
-0.335503
0.770797
-0.638818
0.384993
1.13847
-0.170354
0.573096
0.412366
-38.0277
9.78847
-0.986628
-13.4068
0.933941
-1.61302
2.2577
2.56604
-0.773564
0.272678
5.24862
0.138571
2.23317
-1.55915
1.5521
-1.96229
-2.41439
-32.5435
-0.631368
-0.193673
-2.08987
-9.8005
-58.571
5.21995
0.639065
-3.82437
1.33873
-2.94472
1.06053
-0.125064
-1.49818
-2.42681
-1.94924
-1.85294
0.619354
0.825111
-0.658946
1.27429
1.9187
1.68817
0.495875
3.24612
1.58225
1.6417
0.225534
-0.318417
1.54695
1.0257
-1.5092
1.13494
0.378554
-0.705929
-4.43581
-0.193442
0.48606
1.97631
0.273509
-9.8107
1.92696
4.19082
0.0432583
1.78991
0.551107
-0.48334
-0.867639
-0.901422
-0.0123509
5.20558
-0.613312
7.1693
0.234967
-0.0489191
-1.44076
-1.44696
-0.256434
-2.20705
0.811228
-0.0668477
-4.90185
0.260304
-0.15075
-2.78768
2.02599
4.21396
3.17649
0.581677
4.72878
-11.8059
13.965
0.46302
-0.0842984
-0.0906005
0.179952
-0.155621
-0.144557
0.560014
1.07018
1.40003
-0.828732
0.54261
0.991911
2.01616
-5.35768
0.759489
-0.445784
-0.443497
-2.33507
0.211902
-1.73443
0.577705
0.693469
7.60121
-0.0177644
0.347782
-0.955206
5.24881
0.821903
-1.93312
-1.08669
-1.70693
-0.505299
0.17175
-0.676141
-0.574668
-1.25817
0.715886
-5.1227
2.6283
-0.136788
0.541612
2.16996
1.89945
49.9503
10.3601
0.972753
3.11976
-1.41061
2.87715
0.135158
0.126141
0.301805
-2.47102
-0.325845
-1.2033
-0.774787
0.371639
2.57869
0.556225
0.0496453
-8.65349
0.867087
0.993877
-0.738059
1.34307
-0.132761
-0.202062
0.0574141
-1.53625
0.603026
-3.9814
6.50311
2.12141
1.18221
1.41378
-41.9165
-1.33626
0.819676
-0.229696
-0.905608
8.58454
1.26908
503.787
0.53619
-0.169255
-1.92352
2.2204
-0.687941
0.162327
0.321315
-2.44877
0.413517
12.8475
-0.00748701
-0.590666
-0.512405
0.161345
0.471883
-2.44237
-0.742911
0.231881
-0.00944734
0.158782
2.29376
0.315209
0.736978
-3.5581
-0.107241
-1.57825
-171.943
0.0348265
-0.764499
-0.847291
-0.751507
4.65652
-0.0305738
0.593421
8.16082
0.902726
-0.121209
370.51
-0.371824
-0.658537
0.0086588
-11.6682
0.423744
1.66763
-0.793402
0.564966
0.60749
0.212905
0.194065
0.536304
-4.7394
-1.23095
0.87436
416.015
0.0904189
1.11252
-0.679029
8.33116
5.57817
-0.387739
-0.953137
0.739839
-1.97665
-0.716439
1.41409
0.590245
-0.157921
2.34556
3.32886
-1.11098
-6.11607
1.21889
-4.35958
-4.03696
1.22319
-9.04486
2.58417
0.426485
-0.372717
4.00764
12.2305
1.06477
0.401907
-1.95287
-7.74923
1.51672
-0.597481
-0.0118165
8.4268
0.441843
-0.319389
0.250503
-0.310558
-1.39971
3.75879
-1.31988
-0.624416
0.328711
-2.21245
2.65664
19.4287
1.46739
0.454556
-13.4801
0.938932
-1.57103
-0.135442
0.124256
-0.568771
-44.8342
-7.17696
-2.23355
1.41293
-0.108849
1.31272
0.59705
4.44954
-0.881974
-0.686148
-1.13581
0.663845
0.88586
-5.60539
-0.321184
12.4194
-1.25491
-0.158307
-0.20011
0.573989
-5.63855
-0.856797
-3.14788
1.78627
-0.708409
-3.83027
3.33113
1.8944
0.326658
-2.91248
0.461403
139.368
-0.314703
0.236669
-0.0478581
-0.488431
-2.65122
-0.461788
-0.390235
102.702
0.953047
-0.107831
-1.45904
14.6863
-0.355235
-0.215574
1.10279
10.2465
1.52016
-0.150095
0.728048
-0.365959
-0.809508
10.2499
1.76079
-334.764
-2.89252
0.131603
0.431324
-0.219553
-1.59684
-1.44112
0.391169
-0.455881
0.5684
0.928442
-0.0159835
0.708851
3.77967
2.30491
-8.49762
1.22658
-2.09206
0.504132
-0.139739
-1.41336
0.0805173
-0.344163
-0.326506
0.302441
-0.802629
1.39344
-0.278193
3.83816
-1.05505
0.0273159
0.18739
-28.4729
-0.901275
0.664925
-4.777
-1.39343
0.126809
4.10018
-0.204792
0.443417
-1.75732
0.742335
4.87614
2.15559
-0.564722
-0.0722258
-1.91713
0.682895
4.82516
0.453769
0.623959
-0.681486
1.69786
-20.0062
4.63464
1.53734
0.561543
-0.60882
-1.02298
1.25943
-2.55926
-1.39445
-1.82423
0.372326
-0.296821
-0.438798
0.173271
-0.898163
2.97774
2.7565
-1.49252
0.176057
-0.90163
-2.93748
50.9381
0.330629
0.459925
-58.9702
-0.973666
-0.0983849
-0.513413
-0.193828
-0.727686
-0.160458
-1.30875
-0.179023
0.780904
1.1179
2.37167
1.0119
3.34561
2.02558
3.25358
-1.14509
-0.335116
-0.371095
1.27136
-0.148847
-0.415362
-2.39115
-1.07359
3.01451
-3.50801
-0.837277
-1.77133
-2.42205
-6.86714
-0.889524
-0.433408
0.336128
0.0104224
3.37953
1.55308
-0.0906297
8.53356
-0.213222
0.410194
-0.48993
2.34453
-0.780534
17.6395
-3.03954
1.10175
0.21107
5.10416
-1.30106
1.13529
-0.360699
0.392919
0.231628
-2.81704
-4.64153
0.319428
0.612081
0.900359
-0.492534
1.05685
-0.66354
-0.802914
-0.109808
0.13729
45.8881
3.77978
3.96891
0.207659
-1.49118
-0.155221
-0.487275
0.137245
1.28216
6.46065
0.458518
43.0288
-0.822435
0.606574
-0.958026
2.21363
-1.12686
-0.359256
-1.57656
-1.30584
-0.417952
2.02173
-1.58747
-1.12877
0.215706
-0.616726
-1.58885
-0.978985
0.014016
17.4909
1.46796
2.23193
-1.9929
-0.164829
-1.91995
-0.403541
0.0860723
0.335005
-1.26284
-0.455971
0.331103
-0.0524585
4.09207
-0.540122
-0.226192
1.98164
2.0342
-3.86055
0.422322
-1.05117
1.01513
-1.51318
0.985614
-40.6121
3.19422
0.606812
2.12482
-0.630636
0.209913
0.291435
-1.2237
0.17445
-0.258297
-1.20379
4.11272
9.21863
3.77938
0.660623
-0.684813
-0.116093
2.051
-0.607059
-1.20815
-6.67416
3.28588
0.668468
1.88917
-1.39315
-0.236242
-0.5808
1.4643
1.64081
0.146794
-6.03732
-3.99621
0.580447
0.833116
0.972934
1.06372
-0.70437
0.0302947
1.0414
-20.5442
-1.82115
0.621629
-0.770335
-0.858653
-1.10609
1.58714
1.06848
-24.7897
-1.67707
0.643254
0.0940412
4.17965
1.44202
-0.314414
-0.833927
-2.86965
0.515803
0.0729229
0.63097
-1.22453
-0.790961
2.10929
0.862223
-0.571946
-0.394869
1.15976
-2.001
-1.73649
-0.555137
0.498296
-0.0266852
1.40831
-34.682
0.986593
-1.10357
-0.0259679
-0.386145
0.594284
-0.384704
-0.387775
0.562373
-0.634823
-4.7678
-0.832373
0.880032
0.181721
-0.513812
0.163114
-0.50719
4.11959
1.95538
-0.0666761
1.42179
-6.74179
0.71132
6.93324
-1.57187
-0.21173
1.9808
0.110058
15.2901
1.56344
-0.0489734
-1.26831
0.497837
2.58568
1.04864
0.844974
1.01481
0.401353
7.96715
-12.4226
-6.91579
-1.29282
0.147467
0.853701
49.2528
-1.15933
-0.486266
-7.55206
-2.99809
1.43899
1.60981
-1.16531
0.474087
0.488888
0.359048
0.348908
2.06472
-1.82271
-0.861252
0.688809
-2.28171
-5.68286
-0.42224
-4.35871
-0.180527
-0.342267
0.852882
1.29781
-1.60314
-0.781875
6.02138
-0.111373
0.802516
-1.44234
-6.09376
-0.514888
2.90612
0.628786
1.20277
-0.0522138
-0.392228
-10.017
-21.3093
-0.340692
-0.839455
0.24293
0.573162
2.31205
-1.08887
0.971316
-0.969473
4.61309
4.28711
-0.347664
-0.154056
-0.0433905
3.38797
-0.126208
-0.769612
-5.56315
1.42358
-0.641027
-0.0558358
-0.154774
1.54472
-0.573032
0.785974
-26.2399
0.626936
2.20928
0.382715
-1.45887
1.38731
0.0519131
-0.624425
0.361922
-0.242904
1.42192
3.26175
-3.01069
-9.21536
0.670178
1.04902
-2.38251
-0.479084
-0.234826
7.62036
-1.38064
-1.23113
3.62609
-1.44108
-4.1034
-1.20888
6.52815
-79.3083
0.615696
-1.74321
-0.275423
-0.674979
2.49704
0.850349
2.82533
-0.837719
3.58017
0.0206848
-1.99786
0.735062
-1.92344
-0.966325
-0.307794
-1.02138
-13.6486
-0.792085
-4.28897
-1.05903
0.261898
1.32241
1.28146
0.114449
-0.215196
1.35285
0.559507
-1.38315
0.720046
1.81241
18.953
-0.777117
-4.93376
-0.227783
-0.413556
5.79338
0.00906288
0.121015
0.740141
-2.35297
1.74428
1.01576
7.61661
-1.65822
0.875413
0.25476
-0.853799
-0.327176
-0.990176
-1.84149
0.35926
0.124576
-0.286602
-1.05076
-0.729179
-5.46417
0.900985
-0.505812
1.51256
2.09014
-0.601646
1.72655
2.67444
2.79766
5.93852
0.32894
3.72586
2.85695
-0.267236
-0.958869
11.6804
0.339328
9.46682
-0.353286
7.54704
-9.53546
0.69255
-24.8681
0.591959
-0.722841
0.309633
-4.41372
-0.35154
2.08656
3.63223
-0.36098
9.15741
-0.0769272
-1.4516
-2.64512
-1.22859
-1.54713
0.428041
0.489274
-3.91424
1.07047
-0.172246
-0.021472
0.262028
-15.1259
2.1198
0.415162
-2.58272
0.166286
-3.8325
0.310594
14.8092
0.158997
1.30899
4.22511
-1.70064
-1.08647
0.807611
0.408396
0.881707
0.620215
0.515766
-3.61494
7.49829
0.853686
-1.81942
1.04496
2.1959
-5.47102
1.66336
-0.158099
-1.85213
5.58143
0.338671
0.552669
1.44275
-1.69486
-0.244827
2.01623
2.00054
-1.70555
0.231351
-2.92155
-0.335052
-2.53214
-0.793084
-1.026
0.498317
-1.01355
0.448719
0.900362
1.81218
9.88566
47.8374
-0.0887654
0.189128
-6.29363
0.215839
1.93082
3.52363
0.822464
-3.55358
5.10001
-0.593204
0.152583
0.0870288
1.92224
0.303536
-8.94629
-7.3912
-0.490866
1.51675
-0.0854853
1.8817
2.00662
-0.592445
-0.0369067
-3.31609
0.346351
15.1744
3.50863
-1.68012
-1.99236
9.84675
-0.583844
1.69929
2.80763
0.528701
0.950863
-0.9497
-1.37559
0.169497
2.46586
0.252183
3.54168
-19.8868
7.27049
-0.844612
0.458449
1.36321
-0.798943
1.57916
-0.813766
-1.6313
-12.177
0.330913
1.46477
0.442766
0.7516
-0.0942291
-2.80432
1.41746
0.238197
-102.536
0.61171
3.45419
0.823654
-0.0086066
0.121243
0.0845795
1.16948
-1.66814
-0.501842
0.440116
-0.561368
1.3106
3.46182
-0.0873581
0.838722
-0.415701
1.5111
0.140656
0.391034
-1.18529
0.491202
2.31867
0.317326
4.51127
1.21748
-0.633456
-11.248
0.194808
-2.15336
0.881699
-1.04325
-0.441246
3.88907
-0.155882
-0.501949
4.57416
-0.630481
-1.07442
-1.5662
-0.68986
0.106208
0.207317
-3.31509
-2.18318
9.09714
-0.581271
14.3188
0.416058
-22.0406
2.5018
1.23605
1.08927
0.177321
-3.66588
-1.39025
0.0579458
-2.09191
-58.9273
0.183029
-0.517227
1.53912
0.435185
-0.61508
0.991269
3.62621
1.55767
1.99641
-1.19722
-6.7231
-1.37561
-6.21706
-8.02192
-0.851376
-0.0140592
0.43938
0.717178
-43.3389
-0.410955
-0.441506
9.90994
0.427323
-1.12957
-1.2179
-1.16617
-0.935036
-0.685792
3.75837
-1.09722
-0.0834231
1.86718
0.146574
-0.259293
1.76397
0.610379
0.370348
-0.34741
-0.593986
2.92141
2.26312
0.119388
0.0545494
-0.334153
-0.419621
-2.93637
-0.104026
3.45195
0.438069
0.356708
0.953764
2.36061
0.173972
1.11483
9.0405
-0.84556
-1.04709
7.13308
-0.0843279
2.15933
0.815185
-0.827394
-1.21691
1.77167
-1.91734
-0.0514598
-0.0396423
0.283508
-0.791602
-3.91789
1.16246
-0.371794
-1.75544
-0.505331
0.0934865
-0.631115
-0.446962
-0.698668
0.456154
-0.81683
-1.67385
0.100665
3.05966
-0.596089
-0.320858
-0.627758
0.182114
1.38631
0.94772
1.78894
-0.464561
-1.69723
4.19623
0.319552
-0.19071
1.57811
0.931337
-0.373034
1.42771
5.4408
-3.49144
1.27495
-0.134051
-2.737
1.61259
-0.0133739
1.33717
-0.953624
1.67168
-0.129757
1.64366
-0.727519
-2.38963
4.42184
-1.42207
2.23118
3.25523
0.436264
0.344446
0.484466
-4.01114
-0.921775
3.02466
0.14105
2.6568
2.64028
-1.71353
0.148518
0.311545
5.62066
-1.3897
1.33608
-0.135095
4.65006
-0.268945
-2.38667
0.697824
-1.46605
1.89677
-0.228682
-0.697382
0.401775
3.49836
-2.77246
1.77104
0.203474
0.941205
-0.801839
0.614948
-0.874017
1.0969
-0.481243
0.895682
-4.8142
-2.74794
-0.298502
-6.66289
1.15315
-1.3167
0.556391
6.10075
-1.82218
-1.0243
0.539652
2.9058
-0.50983
-1.12467
0.444447
-0.18953
-0.420871
0.120976
-1.32003
-0.596908
0.00408373
0.603489
0.729881
2.91835
-2.4878
2.17508
1.12388
-2.35593
-0.321243
-0.0423013
1.11003
-0.624925
0.703034
-12.2551
0.190826
-14.5868
0.307297
2.37077
2.28969
-0.402853
-0.151799
6.62004
1.24709
-1.77092
1.02875
0.21718
1.32449
0.119777
0.115774
2.15352
-0.917281
-1.84025
-1.19432
-0.574017
1.73162
-3.1804
-1.23381
1.0511
-0.760757
-0.81437
3.73799
0.163035
-5.15817
1.42112
-0.317169
2.14859
0.0659546
0.519552
-0.444362
1.666
-0.726609
0.35612
-45.5811
-13.0902
0.649248
3.6677
0.514145
1.24396
0.028162
-1.12706
-0.0442278
1.04427
0.991856
1.22987
0.380062
156.951
0.138282
0.049834
0.204046
-2.32933
-2.2733
-0.929276
1.29627
-1.28256
-1.02075
-8.27004
-0.505442
0.898987
1.31025
-8.78492
0.309814
0.846048
9.66777
0.923597
-0.789074
-0.126644
-0.15239
-1.13279
-1.38507
0.235149
0.364321
4.38378
-21.714
-0.23354
0.589018
-2.61793
-0.0863407
-1.61701
-1.60801
0.0903377
-7.19146
0.447544
0.0908975
0.989349
-0.604557
1.55592
1.33133
-2.34796
0.544553
1.4142
0.15324
0.770477
-0.219465
0.811436
0.998676
-112.423
0.511383
-0.269222
-0.768849
0.300947
-0.50931
-2.27965
0.566825
4.74347
0.0960778
-0.376738
1.40115
-0.518204
-0.0847322
-0.583998
0.0268464
-2.0193
0.324277
-3.09367
-0.27443
0.404823
6.53972
-0.851218
0.234567
1.72656
-0.198241
-1.50519
-0.298929
-0.271248
-3.19132
-1.83632
1.96639
-0.432439
0.201896
1.76897
0.0132767
-0.993847
0.65188
0.31456
348.439
1.17029
-3.84506
-23.7058
-0.19489
-0.0839402
-3.08108
-1.03758
-0.338841
0.732374
0.0793013
0.683691
-1.91572
-0.294766
-1.13471
0.306441
0.38798
1.81834
0.242462
-2.15419
-0.358726
-0.37802
0.0386125
7.0579
-0.959172
-0.232546
0.650065
-1.40956
0.381967
-0.279662
0.67289
1.40899
1.90652
-6.7285
-4.92126
-1.64734
7.91527
-0.467971
-0.304544
-1.14421
1.86185
-1.5392
0.475915
-0.854207
0.789584
-0.128599
-9.21776
0.280251
2.37402
-3.21312
-0.994366
-2.42317
1.47282
-7.3217
2.66743
-0.692375
3.01392
-4.69871
0.545829
0.0886875
-8.10204
1.40825
-0.57262
-0.896515
-0.210918
0.147046
-7.56665
-0.778084
-0.437701
0.175568
-0.347122
-2.47208
-0.54666
-1.87811
-2.11125
-12.3354
0.43726
0.230448
-0.471553
-0.214404
0.421623
-1.96412
-0.0819764
0.446309
0.233227
2.44986
0.229698
-3.71906
2.14588
-2.82941
-1.01861
-0.957112
9.28852
-0.177842
-0.628785
-0.413551
3.30865
-0.029151
-0.281161
1.42164
2.63652
1.64534
-0.99843
9.56517
0.729706
0.226665
0.121729
-2.21378
1.86208
-0.226523
0.829514
-0.507324
2.3273
-1.01491
-0.262614
0.625539
-0.195051
-3.37095
-1.04908
0.649361
-0.446137
0.205533
-5.05021
-0.974067
12.0452
-1.44187
61.8799
1.382
4.44193
0.67908
0.302219
-1.38882
12.8147
-0.624578
20.8889
-1.34178
-10.2375
-0.307537
-0.138725
0.511003
18.618
-1.15553
-0.218572
-1.44349
0.130425
2.70952
-0.101188
0.317706
-0.717547
-6.85945
-0.161941
-0.487071
0.0619689
0.188455
0.806893
-0.0240477
-0.964424
-0.880545
4.78289
-1.39174
-0.448151
0.99602
0.225716
1.9462
-0.170119
0.63791
-0.413209
1.47581
0.100533
2.15033
2.8929
-2.42694
9.06058
1.66131
-60.5873
1.44775
0.699782
-4.10758
0.225408
-3.66334
1.04065
-0.604136
0.0457796
2.70005
-1.50779
0.116876
-0.0609974
3.97486
-1.09815
5.90663
0.615118
0.155938
-1.86965
0.530468
1.57849
-1.19493
-0.588075
-0.676689
0.0107507
-1.03828
-0.153124
-11.2695
5.92818
-1.42314
-0.616839
-0.753561
0.179322
-0.962591
0.277409
-0.590026
-39.8212
1.50728
-0.0253438
-0.106438
1.99157
0.78212
1.28297
1.28906
-2.75423
0.964456
5.66133
-2.43746
8.62678
-1.15105
1.88933
0.0144359
2.4992
-0.769322
0.904744
8.62832
0.245568
-0.58144
-0.247788
-0.155618
-0.141707
1.85791
-1.23967
-0.82666
-3.86283
-1.28878
0.303379
-1.98301
1.56836
-0.313245
1.64116
-1.6441
-2.33753
1.02262
2.09758
-0.413045
-1.18288
0.617718
-0.254036
0.119108
-0.00136245
-3.78788
14.01
0.980175
68.1259
24.0874
-5.36191
-0.441504
2.60378
-0.509524
1.58826
-13.6317
-1.55925
-0.88173
-5.72382
-2.74159
0.87418
-0.140198
0.430611
1.29908
-0.540061
1.90813
0.547873
0.422835
-0.314025
2.32599
-0.436796
4.27765
3.09196
-1.11099
0.266507
-0.0742944
0.897621
0.0933563
0.524228
-1.75274
-0.250555
0.538193
-0.00716544
2.52878
-0.139115
0.132151
-0.557744
-0.274667
1.45906
1.64266
-0.0868258
-3.47875
1.45518
0.206391
-3.27852
6.64815
63.8925
2.39853
-3.70944
1.64527
10.4143
-0.084871
-1.5849
3.43109
-2.25427
-0.637397
2.76465
0.383791
-0.785269
-0.340308
-0.433702
-0.757946
-0.641061
0.794452
4.25556
1.47273
5.3003
0.353571
0.0855201
-0.165828
-1.05672
1.20582
1.85654
-0.519302
-0.701158
-30.1551
-0.597269
0.391791
-0.551381
0.22176
-0.341622
0.0547127
-0.260483
-0.182794
1.05294
2.11537
-1.09673
4.234
0.0198259
0.0792816
9.64163
-1.91441
-0.939675
5.94202
0.406613
0.653126
0.153747
-1.60074
-0.521423
1.33494
1.26075
0.271581
1.40508
0.785548
-6.22782
-0.454704
-0.79643
5.26728
0.0390196
-0.00927418
1.73956
-0.0851192
-0.21279
-0.443763
-0.0724288
0.0834007
0.932677
0.740182
1.11762
1.93979
2.28739
0.160962
0.0272317
-4.7131
2.74506
0.303542
-0.202934
0.784109
0.162954
-0.278464
7.53379
-0.399014
0.33942
-0.605019
-7.51902
-2.68626
1.55072
3.68685
16.4809
4.60686
-2.95151
-2.51793
-748.208
1.7147
0.0150248
-0.00328603
-0.33517
1.15631
2.40815
4.55094
0.235185
-0.304736
8.2736
0.670126
3.45543
-0.109314
-0.13512
1.50305
0.228193
-0.0203494
-0.365052
2.40036
0.427853
-0.402346
-8.77112
-9.20264
-2.64859
-0.0895057
0.120862
12.533
-1.49266
-0.32641
0.832342
-0.588768
0.469921
-0.115998
0.0562247
0.262343
-1.75673
0.419751
0.402078
-0.465437
-0.996947
1.70674
0.200591
-0.665006
2.02751
2.00896
0.240372
-0.39525
1.1054
-1.59297
1.42673
-1.86155
-1.34852
-0.762787
0.0294341
-0.629674
20.2916
-6.9211
-1.17795
-0.421209
1.17801
-0.20359
-0.176121
4.97795
-1.40604
0.26848
-0.821791
0.469942
-0.775912
0.191701
-1.14585
1.15256
-0.734722
0.318602
-0.297664
0.638639
-0.338509
0.235628
0.400056
-1.08088
3.04004
1.04398
-0.293037
-5.8075
0.0320153
-0.445742
-0.82197
-0.960469
0.621346
-0.085695
22.9815
-1.25867
-0.826365
1.30978
-0.454038
-0.0527634
4.83116
0.537541
-0.219534
0.42948
-2.8982
-0.842211
-0.310742
-0.0135032
-1.48224
0.21317
-2.93223
-0.565546
2.264
0.205617
0.546264
0.586745
0.20703
-0.483795
-0.23904
-2.83939
1.56047
-0.367238
3.44808
1.58661
2.25799
-1.61367
0.0331713
-4.6892
5.01029
-3.57058
-0.449569
-0.811933
-0.13707
-0.754107
-2.6252
1.33333
25.3927
-0.413756
2.54318
-0.970833
0.420776
4.7416
-1.86211
1.0155
-1.54182
-0.270419
-0.229175
8.81998
-2.01504
-0.57606
-0.851866
-0.940024
0.765962
0.495476
-0.836177
2.13151
-0.357724
0.0419521
-5.10017
2.69037
-1.55031
-0.84344
0.0254923
0.210385
0.745889
-5.84487
0.699245
1.09332
-0.291258
0.652775
1.29875
0.455678
0.818335
-5.63478
0.640098
0.667589
31.6236
0.122003
-1.23553
-0.617945
-2.08733
0.211968
15.1019
-0.107835
3.71289
4.08171
1.82317
2.46862
3.51534
-6.56111
-0.0587395
-0.315037
-0.2796
0.46953
0.901844
1.22195
2.35576
2.70079
1.17506
-0.0562036
5.54777
0.492774
-0.653584
-2.91976
-1.72457
1.70673
0.715727
-0.107706
3.06684
-0.174061
0.511922
-43.2571
-0.0890341
-2.62952
-1.42178
3.61254
-0.370432
-7.4124
0.130069
-0.170884
0.331472
0.198388
0.445464
6.13028
3.22192
0.072683
-1.1976
-0.529212
0.411614
-1.8113
-2.39959
-0.542766
0.0658319
0.0641758
-0.108796
0.531967
3.94305
0.111043
0.360711
-0.975134
3.11614
0.285309
1.99544
-17.3456
2.17785
1.16875
0.941538
-0.427762
-0.206299
-0.704617
0.270533
-1.79541
-0.970558
-0.393888
-0.200146
1.4759
0.253578
-1.8215
2.72265
0.647554
0.56455
0.529211
1.16699
-5.81545
-1.19575
-1.26841
-11.2897
-0.0206313
0.348815
0.530768
-0.0633131
-3.79471
-0.0195485
-0.509624
0.29255
-12.6591
7.96122
-1.12168
-4.95236
-0.699652
0.259961
0.0770332
-0.284563
0.292993
0.57018
2.31241
-1.55737
-1.71475
-2.02664
-0.521479
-0.458537
-0.915599
-0.23816
-0.963977
2.80323
-0.925445
-1.17692
7.04111
-29.2156
0.840961
0.502907
0.72656
-0.182375
-1.49695
-0.180033
-1.02402
-1.62164
1.30889
-0.00789376
-0.396573
-0.805412
0.0200412
0.246933
0.30192
0.282459
6.50677
0.204023
37.2075
1.32319
-0.504567
-0.0444855
1.59133
0.912495
-0.295669
-0.923847
0.217044
-1.07051
0.620277
-1.38568
-0.642871
3.62392
-1.94078
-0.903645
0.214713
-2.3317
1.33296
-4.67005
-0.700136
-0.22394
1.38001
-4.37543
0.44427
-1.99899
0.138431
10.7116
0.171521
-20.2492
-5.96186
12.2561
-0.27459
-0.103372
-2.16883
-0.00225768
0.994727
-2.04152
0.317528
-64.8401
-0.817949
3.63789
-3.10993
0.887032
1.26268
-1.52911
-2.25832
1.67397
-0.835855
-0.0746022
-0.217926
-0.766272
33.7375
1.37332
0.694033
-5.00656
-9.64052
0.319661
0.0730964
-0.490954
6.55303
-0.312059
1.07326
-1.42376
-4.48365
-0.375731
1.54951
-0.741173
-0.0217748
-0.415573
-6.81575
-3.05681
8.66305
-7.10543
0.287478
-0.793117
-0.60141
3.17169
0.0993843
1.0282
2.78511
-6.00953
3.11365
-0.163724
1.07622
-1.51572
0.959437
-1.27033
-0.615958
0.0790128
-1.28238
0.178355
0.831189
-0.24086
0.203965
-1.25999
-1.7692
0.407918
-2.22132
-0.270228
-1.87907
-1.0978
1.35516
-0.533995
4.98888
2.48593
10.4863
0.201294
-28.2002
-1.01313
0.190736
-68.6379
12.4372
-0.433096
2.73823
2.468
4.69414
-0.21877
-12.6029
3.01439
0.711173
-3.34854
0.612684
-2.97211
4.23088
-574.437
-1.18453
-1.4368
1.57249
6.90442
-0.473796
-0.023014
0.982964
1.09643
1.42617
5.75248
-4.10424
0.25387
0.617717
45.9921
0.915398
-1.07985
-6.90413
0.121047
0.529563
0.096709
-12.4391
14.6545
1.24982
0.00431857
0.509674
-1.57869
-1.0014
-0.0862072
-0.148527
6.33315
-6.56737
18.8244
0.113375
0.461703
1.49525
-1.11576
1.40406
-2.30367
-1.23223
4.29893
-1.2445
0.20904
-3.46194
-243.489
-0.276688
0.826965
-1.48923
1.17228
2.51399
3.96132
1.96875
0.0801799
-1.36383
2.62775
-0.966855
3.27401
-0.275166
0.159043
1.12719
2.21918
-1.04367
-0.110423
0.279484
-0.450677
-2.52713
0.830506
-0.617007
0.457504
-0.613895
-0.0268218
1.25962
3.4814
0.461899
-3.07031
1.48165
-1.63395
1.93516
0.897299
-3.35642
-0.922226
-0.21169
1.22179
0.747439
-5.30864
-0.787672
-0.687217
3.37068
2.07285
-0.654171
2.35576
-0.197811
0.338345
0.052593
0.389468
-0.995398
1.38512
-2.42357
-1.03426
0.376211
-0.0145553
-1.15587
-5.72493
-0.409028
-2.29565
-0.357203
-1.94338
0.694333
-3.15986
1.01259
1.37247
-0.143255
0.191926
-2.02463
2.75957
0.166609
-1.74049
0.300948
0.175066
1.8373
-0.618292
-1.09976
0.344505
-0.112224
-6.94892
-0.61059
-2.03223
-22.4106
-0.259948
1.70327
0.919448
-1.00612
-0.0251706
0.871677
-1.66906
1.67984
4.92289
0.153704
-2.08979
-0.725527
0.906242
2.20788
0.32803
3.07092
2.35151
4.99437
0.59465
0.166119
2.23674
-5.55181
-0.302853
1.60142
2.80547
0.0180047
1.17368
0.474745
1.57462
1.77815
0.0103721
0.407137
-0.644405
1.04345
0.325191
2.88576
-2.65799
-0.58809
1.63666
-1.12321
6.7937
2.28396
-0.171172
-1.93622
0.127757
-0.452884
1.20092
2.98886
1.24912
-2.02975
0.117172
5.18234
-0.861447
0.575776
-0.645059
-1.4251
-1.6595
-0.287004
-3.24666
-1.9211
-2.70788
-0.80805
-2.12606
-3.52241
3.49942
-1.6556
-0.179944
8.43853
12.9328
-1.43251
-5.66671
0.100121
-0.271523
-0.122117
-0.38937
-0.322279
-3.03766
-0.757789
-7.29226
0.455312
1.09434
0.0148675
-0.11374
-0.531739
-0.889002
-1.02825
0.125758
5.02539
-2.27346
1.69601
-0.0998923
-0.532748
-0.360077
0.0425786
0.0099131
-9.84166
-0.285158
1.21187
0.397798
0.0920737
1.81631
0.0789175
-4.33287
0.361827
-0.707174
0.565881
-3.20686
0.549721
2.88509
1.6189
-15.8038
-2.64766
-0.356655
0.546169
1.47035
2.04492
-0.66674
2.71397
2.27404
1.15385
0.343524
1.79324
-21.5018
-1.72772
-0.991954
0.669904
0.0459927
-5.4779
0.501643
-3.12634
3.36456
0.778703
2.05982
-7.67616
1.3403
0.636364
0.343126
-0.156018
-7.77188
-0.1455
-0.846344
-0.88904
-0.287997
-0.869335
-3.1659
-1.67726
0.275997
18.1529
0.0192417
1.23338
2.32816
2.99687
2.34589
-3.47336
-1.24057
-2.21838
-0.55465
2.74217
2.75559
2.27818
5.31867
-1.17556
0.669097
8.08874
-0.315588
4.26662
4.72391
-4.26014
1.02535
1.14601
-2.5135
-0.0688908
-0.0139144
-0.3885
-0.386058
-0.389111
-0.0474163
-0.120509
1.45641
-0.284051
43.3997
0.398286
-1.35007
-0.837286
0.80371
-2.37389
-0.67332
9.52897
-1.00077
0.0727669
-0.828629
3.06401
0.434509
-0.485562
0.138538
0.397653
-0.13991
0.269466
-0.584376
-2.93514
1.42143
1.16863
0.174607
0.344282
-2.02604
3.88139
0.44501
1.91632
-0.261264
0.682467
-1.45271
-0.360782
6.07086
0.205176
0.133965
-37.9815
-1.76204
7.12421
-1.13465
-19.6402
-0.180324
5.29692
1.98821
0.773517
0.0509499
-0.490953
0.342825
5.1476
13.825
1.38709
-1.87967
-0.736182
-4.8659
-0.549988
2.18653
-2.20234
1.23026
-1.72884
-11.2095
0.92426
0.700697
0.501313
-0.0987759
0.811873
2.98678
-2.32797
14.2009
-1.16783
0.968864
4.59647
-1.16384
-8.34466
-1.41342
-0.0854459
-1.22596
-0.375718
1.25128
0.602169
-1.20826
-1.3572
0.288892
-1.00873
-0.55944
-1.10833
0.14447
-1.35765
-1.81719
0.84565
-0.694094
1.16104
6.92996
-1.3101
-0.444446
-0.862183
-17.6105
-4.32164
0.393754
-0.837015
-1.14868
-0.816254
0.290444
0.304784
1.80636
8.23298
0.714998
0.937771
1.14326
-1.16531
-0.0504053
0.911311
-10.7783
0.476473
-0.884186
1.75528
-2.12407
-1.05626
-1.47838
3.20309
4.64513
1.90212
0.790925
0.0488679
0.80799
108.757
0.186143
1.4917
-8.8041
2.77535
-11.8221
2.14456
0.328432
6.74811
-0.518995
10.6734
0.995416
-0.299933
-9.19697
-0.611782
0.206691
-1.34781
0.948388
-1.55702
-1.66973
-0.80581
20.3467
-0.166197
-0.464249
2.13559
-0.229214
-0.966029
-0.588667
-0.994186
1.53103
-0.799907
-1.3796
-1.12949
0.262146
1.57897
-0.499486
4.55745
0.370903
3.69941
0.24855
0.235305
3.57049
-0.642461
-1.40917
1.49181
-0.0667793
-10.4181
11.0199
-1.07157
0.849381
-1.16924
-1.40539
-0.950021
3.61845
1.2711
-0.394655
-12.0071
2.77687
-0.684838
-4.42398
0.175183
21.2141
-0.771724
-3.65586
-4.47374
0.0649536
-0.0563264
0.538641
-5.27767
-1.87344
-1.37642
-0.336145
-4.36911
0.301683
-4.52523
-0.426859
0.571575
-2.67894
1.19279
2.19398
-0.722214
0.79926
0.0462607
-5.34959
-6.1934
10.8841
0.461914
-0.212887
1.63743
1.4869
-0.446508
-2.04003
0.79095
6.80413
7.29428
1.2485
1.05538
-0.0622522
0.393721
2.13414
-0.466828
4.22871
-0.686795
-1.38192
2.08702
0.129551
5.22345
1.73232
0.511037
0.397601
-1.2105
0.648724
0.105537
0.794349
-1.50463
0.55309
5.31655
-4.90609
21.9779
1.52091
1.77803
-0.0837004
-0.334395
-0.100698
0.289755
-0.0265957
3.8759
-0.0941325
-58.645
-0.201425
5.44049
-0.0312356
-5.55142
1.18812
0.682322
-0.0722158
0.222659
-0.038895
1.77921
0.378994
2.43022
-3.12821
1.56285
0.0675868
4.47796
-0.314167
0.283393
-0.159286
1.17085
0.580786
-2.26913
0.467798
1.24623
3.57538
-1.0661
-1.76788
0.175382
0.803304
2.7609
-2.1081
-5.45617
5.48672
-1.01582
1.40779
2.45774
-0.424808
1.65112
0.0886222
0.921903
-8.8017
0.249616
1.74117
3.95283
71.1748
0.30683
-0.285387
-0.602037
1.44626
0.738917
-3.27456
-0.525029
0.408061
-2.13852
3.78404
0.93769
0.95653
-3.21819
0.871041
1.50074
12.4097
-0.116288
8.34447
-0.114461
-36.1577
-1.11157
1.16761
0.580065
0.685774
0.639159
0.133527
19.0807
0.55354
0.512153
-1.22579
3.30035
-1.10643
-3.80479
2.42777
0.620789
-31.2216
0.547965
0.691795
0.0174205
0.856555
1.70443
4.82411
0.305821
1.10866
0.132795
0.0692324
1.27089
-0.6108
237.615
2.20852
-0.94309
11.4905
0.364575
-0.0511958
4.38069
-2.55077
3.03308
-0.0600607
0.981442
-0.0299225
0.990057
0.429281
-0.0634243
3.44172
-1.35299
0.0176336
2.04456
1.15692
-0.932868
-0.22259
-0.899562
-1.09733
-0.944088
0.0928797
1.44158
0.887747
-1.54376
0.523772
0.142892
-4.26513
1.20887
-0.400953
-0.321732
1.89882
-0.439912
-0.0377437
3.06155
0.444752
-2.67394
1.03083
5.31801
1.93277
-1.06218
-1.22545
1.2818
0.518438
-0.457458
-0.118907
0.108316
-0.668792
0.487366
0.204143
-0.638485
-5.29003
0.190818
0.855147
1.69544
0.0621479
2.97196
0.39794
0.0365414
0.2559
2.41535
0.540147
-7.05149
-1.17653
-0.450905
0.598388
1.23466
-1.70841
-0.976177
0.58671
0.0152305
-0.367757
-1.40363
3.41351
0.0732472
0.645771
-0.579283
36.0747
-0.372442
-0.56387
0.445572
1.68207
-4.26074
0.926643
1.8526
-1.70778
0.230672
-1.92181
0.751762
-0.584724
0.209142
-0.303127
0.364078
-4.03723
-0.417124
-0.797165
10.8668
11.2612
-2.92393
-1.22239
-0.29196
1.34235
-0.879298
1.23466
-0.455941
-1.51004
-0.157903
-1.60796
3.7355
0.249683
-2.11987
-1.20298
0.961542
10.8213
-0.618475
0.674516
0.214894
-2.87616
-0.849639
0.219614
-1.14543
0.328493
-0.603346
-1.75406
0.502928
2.71028
0.188876
-11.4495
0.507313
3.05535
-33.8411
6.22291
2.89763
-0.56341
-3.37018
1.06646
-0.405891
0.915879
-2.92677
-2.0011
-0.0334072
0.492999
2.57266
0.49089
0.754771
0.729815
-0.887734
-13.2525
-0.274704
0.0303607
3.75771
-0.586258
-0.0194993
0.804225
22.3784
-2.37271
0.671668
0.924115
-0.286107
-1.55389
1.28347
-0.144823
-1.9928
-2.90578
1.40238
-2.70309
-9.43023
-5.0838
116.905
2.45274
-6.1078
0.988354
0.766685
-0.294456
-8.11168
2.7148
-5.38416
4.546
-1.63217
-0.990792
0.0172099
-0.328894
-0.348757
0.029439
-0.487392
1.87743
-0.614
-1.04531
-9.99064
-1.38777
0.634138
2.08212
-1.32215
1.36947
-2.9247
-3.50365
1.52611
0.644401
0.0927288
-1.22037
-0.317598
-0.443798
4.45292
-1.92862
1.954
0.123312
-0.84796
0.500413
0.196499
4.49411
0.385804
15.2226
0.115874
-2.25121
-3.42788
-7.57616
-1.3299
-5.02261
-1.49478
-0.289338
-0.504872
1.55453
-1.37463
1.72858
-0.0728268
1.13338
4.04574
1.49734
2.48094
-0.00631496
2.2537
0.706408
-3.56402
0.824549
-0.166707
0.392843
0.811495
0.495138
1.01304
0.51915
0.0574338
-0.466999
2.13079
106.218
0.792025
0.136372
6.72609
0.817029
-1.18979
-0.986425
-0.559826
-1.96303
0.103686
-0.614783
-0.920773
1.54684
-20.1725
-1.1461
-0.569527
-0.714406
-0.681065
1.08071
-0.001363
2.05107
0.891837
-0.0150247
1.02957
0.0877126
0.410714
0.276151
-24.3722
-3.03686
0.167515
0.374012
3.62074
-1.11405
1.46998
1.34197
-2.91035
-31.8383
8.17939
-1.45511
0.0168739
0.950709
-2.38768
-0.732434
0.0897263
-1.85782
1.09276
-0.986752
1.37351
0.261902
0.611663
-2.71267
-3.03799
0.847934
5.13116
44.302
0.0668321
0.0668539
1.77089
0.46496
-1.32508
-9.52664
-2.73312
0.304108
-0.300029
1.48809
0.477637
-1.53203
-10.87
0.0664232
-1.66906
-2.28954
-26.8042
-9.08014
-4.12132
-0.486377
-0.453182
-1.2619
7.87812
-2.55263
0.753861
-0.511345
-0.673311
-3.19022
0.694464
-0.119115
-2.19773
7.67422
4.35152
-0.683109
2.12693
-7.72683
-0.212643
-1.18617
1.15523
-0.364465
0.99582
1.98698
0.076787
-0.666409
-0.838349
-3.48971
-0.655672
-3.10209
-0.469197
-0.822742
-1.79375
3.25374
-0.714445
-5.80013
-0.521493
-0.573338
0.180951
-0.175374
-0.541091
0.235083
-18.3702
-3.82622
-0.211963
0.597268
-1.34683
-0.2074
1.42391
0.264959
-0.0285416
-1.41661
0.62213
-5.74459
0.244791
-0.331428
4.47918
-0.312769
-0.49467
-0.322026
1.25101
-1.23034
2.27207
0.152793
-2.2874
0.365206
1.12142
0.0953006
0.542799
0.603169
1.32396
-0.585442
-1.27633
5.29366
0.893914
1.79427
-36.7257
-0.542634
-5.50792
-0.469816
26.1223
0.864307
11.1918
-1.28232
0.891713
0.288642
-8.47001
-1.51606
0.310119
-0.674989
7.55001
-3.24489
-5.78421
-0.681977
-8.88459
-6.97756
-2.30842
1.19545
-2.01814
-1.73496
-1.94921
-0.889676
0.487281
2.58938
-1.44147
-1.05463
0.0570595
-0.400078
0.190013
0.349088
-1.96851
4.89014
-4.90763
9.46682
0.533802
0.866151
2.02633
-5.97153
1.05375
-0.290309
-0.255916
-0.800312
4.60688
-1.46391
-30.3993
0.239542
-2.43223
1.41387
-1.59238
0.869405
1.02864
-0.243225
0.297602
9.89869
2.79356
0.479044
3.22577
0.641564
-5.10048
-0.246703
-1.29235
6.04929
0.0967728
5.16388
7.25593
0.696076
-0.196209
-5.05981
0.414407
-47.8348
0.75299
-0.501723
-3.26676
0.524524
-0.189296
0.786797
-1.22495
0.505088
5.73806
-3.60746
0.568091
5.02246
1.89596
3.43409
0.426317
-0.259934
-3.33837
-0.131721
0.778752
0.69522
-0.144505
-4.93623
0.227611
-5.45281
11.0464
0.554756
2.63518
7.46227
-63.8968
-1.55289
-0.762808
0.705464
-0.944279
2.07475
0.771947
3.50218
1.68048
1.16263
-4.99693
0.930004
0.253852
0.262345
-1.30921
0.145409
1.35349
-14.2388
-0.117606
-1.31702
1.24833
-8.36526
-1.13915
0.364549
11.3191
0.252106
-0.433345
1.62047
0.906203
-0.119826
0.699187
2.12893
-64.8053
0.0998357
1.15349
-0.685294
0.251879
46.7682
3.68951
2.56138
-0.0564959
0.210403
0.352431
4.10874
-1.29337
-30.8552
-0.652933
0.972781
-1.52132
1.90831
0.13274
-0.22483
-0.67717
7.70664
-7.54143
-3.57898
0.435992
0.610152
0.824317
1.24123
-1.12253
-1.16514
-0.700266
-0.851893
0.522192
3.06512
0.30542
-1.09412
0.00457084
-0.418627
-0.0803457
-0.248363
2.71168
7.6803
-0.381226
0.844339
-32.6334
0.816091
0.937733
-1.75538
-5.59509
0.26506
0.52759
8.16906
-0.361829
-2.10169
-5.04803
-0.486738
-0.216937
0.773853
0.2945
1.3522
-1.91592
-0.0631983
-0.581512
1.99767
0.158002
-2.52749
28.3108
-1.18102
0.0840618
1.15928
-1.2667
0.418566
0.781001
0.136165
0.674611
0.205014
-49.6513
-0.000154121
0.24861
-0.623646
0.673344
-7.61465
0.0168056
-2.04586
1.91157
-0.778169
-3.19309
-0.431233
-0.0411016
-2.75955
1.4038
4.71562
-0.829517
-0.267504
-0.319653
1.62707
-5.19228
0.906565
-0.623242
0.745402
0.597549
0.645998
-4.51183
1.73331
-0.626232
-0.670284
3.22347
0.750121
0.794834
-6.02864
-1.17662
-0.653584
-0.481971
2.23506
-0.0356862
1.83814
1.60627
0.0657895
1.94201
-1.65472
-1.37553
0.103475
-5.16597
8.0917
-2.15947
21.0338
-0.716179
-0.206802
0.31632
1.64281
0.180649
2.16363
-3.62861
2.5392
-0.36538
1.98256
-7.28254
-1.27554
-1.55261
-1.01335
-0.616284
-1.62245
-0.736754
-1.72879
-1.06988
-7.6417
0.197342
0.181113
-0.00522288
-0.0291591
4.07911
1.83365
3.32896
-0.866093
-0.82675
-1.46551
-1.91883
0.369543
-0.417725
-0.545568
0.486086
-0.201985
-0.238926
-5.53339
1.57509
0.823037
-0.695168
-0.862557
-2.56965
4.23994
-2.99033
1.60529
1.79131
-0.912491
2.99154
0.413445
-0.148091
3.39589
-1.88377
-4.31797
-0.643109
0.432516
0.165461
-0.684267
-0.291806
0.947016
-0.195159
1.75323
-0.0436164
5.14111
-5.63246
0.393731
-0.56695
-0.365095
2.37106
-0.787626
-0.242551
-2.04849
-0.496137
0.218587
-0.592329
-12.802
0.170038
0.287815
-2.6511
1.44849
-0.178204
-2.23837
-1.27009
40.4667
0.12886
-1.35389
1.63508
1.40072
-1.37368
-0.53644
1.12614
-0.486546
-0.185308
1.24111
-0.637497
0.480408
-0.109816
-1.00436
3.38052
-0.605291
-0.432849
0.520229
-1.02355
-1.36565
-1.22907
-3.86253
-101.351
-6.64928
-3.51924
0.0816812
-1.96641
-0.203854
0.159144
1.91982
1.26561
2.58099
-26.6806
-0.431104
-0.602887
-0.451611
2.49317
-0.250045
0.557249
1.06102
0.470297
-3.79412
1.51314
-8.98331
3.18756
1.73816
-0.050868
-4.41881
1.25142
2.3862
0.0339986
-1.48731
0.575753
-1.40142
0.69599
-2.39264
-5.07993
2.75405
-0.625385
0.599127
4.22781
0.00450277
-4.73883
47.1618
0.087857
1.8158
2.19171
0.396863
0.0938431
-0.0250624
0.597426
0.618066
-12.1224
-0.58829
-3.70296
-0.554086
-0.268383
-0.308031
2.01058
1.01679
3.35627
15.6916
3.36186
-5.64322
-0.669991
3.57936
0.85327
1.20782
-2.3411
0.512794
0.160378
94.5876
-3.32634
0.364653
0.663861
-132.361
-0.575151
-0.206682
12.0787
2.58705
-0.415458
-0.256628
-23.5063
-0.914118
-1.15057
2.25931
-0.807553
1.55248
-0.738664
0.996512
-0.220974
3.68369
2.08435
-1.14433
-0.604862
2.24114
0.909391
1.14741
1.51818
-0.920579
1.36744
0.939135
0.36437
4.77113
0.258621
0.513842
0.253922
-1.17528
1.03255
-1.12211
0.188262
7.09294
-2.33105
-0.0293314
0.383827
-0.250324
5.54173
1.17405
5.84471
-0.306036
0.506292
-5.95684
-1.41522
1.53981
-0.914916
179.659
0.127865
0.757021
-1.47219
1.87317
-13.9538
0.551684
-2.0545
1.862
-1.97408
0.0179492
4.63867
3.23807
-0.628119
5.04419
0.133378
-0.220813
-0.458948
1.2972
-0.301926
-0.6781
1.30926
-0.436692
1.01875
0.690982
1.53277
-0.456937
4.1852
-1.24416
-5.2305
-4.29149
1.95973
1.09404
-3.56897
-30.969
5.20853
-5.4418
-12.0137
-4.17283
-1.53506
-0.848838
-3.7167
-1.99865
-5.13186
-0.737065
5.00829
-0.499253
0.75895
-1.09418
2.00387
0.339355
1.90062
-16.0788
-0.325783
1.5719
0.254377
0.21241
-6.81528
0.859716
0.340744
2.10816
9.52437
-1.30392
-0.551467
1.4099
0.459453
-22.0612
-0.778425
-0.449878
-0.329209
-0.781742
-2.05564
-0.143254
0.487391
1.80002
-1.7862
-1.17251
2.08782
0.39002
-12.2729
-0.966392
-1.47926
-0.334903
-0.970007
-0.519647
-0.714612
-0.232279
9.94576
-0.121262
-8.1228
4.99395
-0.390572
-1.73836
1.06793
-0.697313
2.00959
-6.57821
-2.38823
1.72248
1.38309
-1.23541
0.523201
-0.6473
0.186728
0.0941859
-0.518184
0.155045
0.562362
4.43245
0.61643
1.34326
0.310366
0.108647
3.30795
-2.61341
0.160133
0.523283
7.36057
-0.14203
-0.408906
-6.24765
-6.48218
1.50831
0.419161
-1.14077
0.116295
3.15606
2.70524
-0.0968133
0.542987
-10.7014
844.555
-2.50688
0.573066
0.327487
-2.44431
-0.758213
-0.497453
-0.865105
0.495918
0.201222
-0.382051
-2.46533
-0.124644
-173.46
-0.819451
0.955256
0.761843
-8.01161
5.89174
4.34401
-7.75241
-4.37124
0.0708262
0.0940975
2.79288
4.25359
0.484568
1.7821
3.28646
-0.240211
0.448522
-1.86372
-0.151549
-7.57625
-0.0435488
18.1552
-5.14235
-0.321908
0.501445
2.74059
-1.30173
-18.103
-5.01749
-11.3926
-1.61573
0.980944
0.786353
0.304367
-1.05061
3.30895
-1.35355
-1.38624
-0.73467
3.0874
0.173865
0.623326
1.16182
0.072019
0.0222628
0.49519
-0.0713681
1.99247
0.228014
-0.348951
-4.1175
-4.06341
-0.617262
9.54163
0.178915
-0.267514
0.158758
0.198233
0.487762
3.9194
-1.65092
0.170872
-0.0465781
-2.30251
-0.490029
0.183215
-0.488077
0.0447616
-0.150182
-1.87175
0.991481
0.59556
1.99141
-0.223773
-1.86084
-0.276259
-0.469659
4.36846
0.274523
-0.4111
-1.18427
0.527566
-1.97161
0.713421
0.927945
-0.166604
-0.194364
0.777387
-0.701123
0.829933
0.0716424
-3.89998
-13.2233
0.493191
-0.00386996
-2.10334
-1.67603
1.28199
0.955683
1.81605
-6.86866
-0.500492
-0.706987
-0.86509
0.339814
-0.782905
-3.98842
-0.101477
-0.952191
1.15128
-0.141498
-2.64374
-2.07759
0.725268
-1.23902
-0.533981
0.56899
-301.041
-0.468339
0.409141
0.229089
-2.11454
-0.332935
0.406052
-28.0805
0.709639
3.52513
-0.1807
-0.0617827
12.4751
0.0150422
-1.26149
-0.622098
31.6254
0.582779
0.287531
1.01341
1.84592
1.09166
-1.21508
0.786718
0.771551
-5.01903
-0.263725
0.303532
0.255067
3.8977
1.11716
1.21051
69.4448
0.801835
4.49658
0.389238
72.077
4.7945
-0.937375
0.588829
1.92736
0.136281
-0.890491
-0.201968
16.399
-8.08597
-0.233977
-1.20913
0.0333797
0.62252
-0.589835
1.14317
-22.8102
0.722423
-3.57255
-1.10315
15.5768
0.670997
0.476762
-0.783555
1.27059
-0.857679
1.22348
1.64728
-0.0751627
2.21073
0.908336
0.961483
-6.5663
0.710103
14.1287
-4.94051
0.804705
-0.505348
-1.37947
1.38812
-0.586281
0.144558
0.172066
-70.3404
11.6803
4.47826
0.507053
-56.7369
1.58739
-1.69723
0.602315
60.005
0.858078
1.2536
-0.152311
-1.07052
-16.9549
2.96292
-2.15926
-2.02899
-58.7989
-4.95084
1.03697
0.613823
-1.85995
0.72957
-0.941352
-0.588807
-1.39151
-1.35174
1.66979
0.928495
-1.22481
-60.9318
4.2945
0.944502
-0.863696
1.59069
-0.0599137
0.451569
-1.2538
3.28496
0.893496
3.17198
3.06898
-1.07366
-0.250267
-2.67973
1.054
-0.257671
0.104812
72.9598
-1.53804
-6.69866
0.895089
-0.0823485
-3.11865
-0.41258
-0.0497626
1.72884
6.49048
-2.34845
0.154061
-0.115537
1.65379
32.6448
-39.2091
-0.193768
0.906913
0.908192
2.2004
0.318346
4.04919
-1.71163
-2.51882
1.63809
0.0744481
-19.4118
-0.972369
-1.53399
-0.194701
-0.516891
-0.373164
-6.533
1.77675
4.2065
-0.904455
-1.22
4.66626
0.18456
0.901258
-8.45881
0.53455
-0.618947
1.50954
-1.39398
0.0485457
-1.07664
0.601355
0.249622
0.830547
1.03889
0.208287
0.331663
-0.608766
0.341574
-1.18543
1.84696
-2.54394
-0.329102
-0.721814
-0.937411
-0.644605
0.979025
20.1263
-1.73062
-2.65988
4.91045
-1.13575
-0.0972093
-2.13416
6.16613
1.85606
-0.382299
0.0373283
2.22713
-0.197808
-0.518252
-5.25395
-0.424803
1.71268
-17.9212
6.41187
0.561448
-0.948939
-0.238428
-0.230832
-1.93617
0.310912
-0.786956
3.53292
0.249172
-0.387711
-3.7789
-0.62078
-5.67289
-0.974127
-0.091644
1.94374
0.0233304
-0.634227
2.84406
-0.208377
-2.14726
-64.841
0.991891
0.330933
-2.48778
0.977181
-0.925326
0.0392586
0.855079
-2.92504
0.372234
-0.438343
2.37441
-8.65289
-0.231956
0.622844
0.199475
4.12786
-3.15252
-11.8058
-0.961426
-1.75802
-0.737767
-1.90666
-1.55624
-0.0811903
0.224058
-0.797908
3.77627
-1.02198
-249.345
-1.67472
-2.98623
-0.158731
-0.595196
-0.45019
0.930207
1.36518
0.576755
0.211391
1.65506
-8.06279
0.768805
-1.646
4.33234
8.31718
0.443449
-0.394761
0.171721
0.872114
-2.66292
2.78089
1.23952
0.00391363
1.12387
1.11994
0.251344
1.78776
-1.15417
0.182657
0.386706
2.47079
-0.247913
0.444096
-0.374817
0.490223
0.462126
-0.965401
0.511862
-0.352073
0.462987
0.457472
0.339874
-0.473459
0.541069
-1.56843
-1.11714
0.281111
0.84428
-0.868917
1.87438
1.64835
-2.53709
7.05706
0.333387
5.23428
-0.670756
1.30103
-1.85211
3.01229
-0.870373
-0.664279
-1.60323
-0.724474
0.190676
3.82168
0.351121
0.307927
1.56605
1.41938
0.660864
0.0299709
0.794706
-1.9904
-23.8547
9.4038
-0.580474
-2.09185
-0.734946
-0.279849
-2.31747
-0.667017
0.234713
-1.26536
0.989896
0.118714
-9.44284
2.83344
0.289072
1.72698
2.86022
1.88054
10.1536
-1.58021
-0.28441
-0.765013
-0.0583401
-1.23412
0.872464
0.447923
-0.352737
-0.0678247
0.155726
0.465692
-0.463706
-0.328283
9.21418
4.91903
1.34125
-0.736818
0.16238
2.92408
0.108956
0.618588
-0.777959
1.34898
0.793859
-1.78299
1.18686
-18.2472
2.95315
-4.41314
-2.79337
-4.28018
1.05282
0.407351
-1.05092
-1.6723
1.00588
0.238378
-0.385336
-0.819646
-0.25773
-0.383888
15.8993
0.999117
-0.142296
-2.80472
-1.70648
-0.410591
-0.140929
2.77791
0.837139
-1.06217
1.57245
0.849074
-0.360283
-2.42401
-1.01851
-1.09477
8.64065
0.831027
13.5148
-0.765028
-0.25597
-3.17678
12.4646
2.11552
0.975879
-5.471
4.21599
1.14378
-0.276108
-4.40477
0.944685
0.182186
0.333799
-0.879412
-6.72533
2.01319
9.86053
-0.548155
5.14798
-0.327039
0.545373
-11.0029
0.271532
-0.201839
0.074113
-5.77365
-0.346777
0.544992
-3.43733
7.88566
-1.41068
-4.57571
-1.1171
-0.604248
-0.850958
-1.02185
-2.43103
0.610935
-80.8404
3.31341
1.06559
-5.03828
3.34056
-3.38782
0.143688
-1.81272
4.15358
1.13472
-11.8853
-0.732372
0.490138
-0.203954
-6.34918
-1.96362
0.0498292
0.661369
-0.406574
-0.944321
0.556423
-14.9308
-2.35163
-0.87093
-3.95388
11.1523
-3.87412
0.407847
-2.87806
0.742446
2.95971
0.0182141
0.994735
4.93172
-5.65731
-4.23285
0.144612
2.18828
0.609515
0.969657
1.05514
-1.13331
-0.223963
4.10714
0.0547546
0.800661
-1.59927
-1.46554
-5.55478
-0.422362
2.40035
1.37175
-0.214153
0.548997
-1.75291
1.12365
0.131639
0.317708
1.1394
-0.277388
0.189402
-0.191176
-0.804051
-1.21625
-1.29294
-0.348264
-0.224349
-557.198
-1.16576
0.0752498
0.689335
1.97561
0.580871
26.9041
0.809637
-0.584762
-2.77215
-0.665747
-0.400446
-0.293747
-1.66038
1.99326
-1.26624
1.58445
-1.64108
-2.22511
-0.514506
-0.60663
-2.51897
0.830251
4.13803
-2.66139
-2.08503
0.584634
4.8415
1.36559
-3.08758
1.14669
-1.24918
1.27961
0.190367
1.13632
238.105
0.741232
0.113508
10.6582
-0.607977
-2.94481
-0.599097
0.71112
1.51615
45.2834
0.312638
16.0048
0.278255
1.94748
-5.01581
-1.01402
0.604966
0.246388
2.66254
68.0876
1.95545
2.21089
0.164968
-9.92461
2.71927
-0.43185
-11.735
0.580422
1.28368
2.0937
-0.185239
-4.00773
-0.756334
-0.563567
-0.71129
5.70572
-1.49675
-0.643087
-1.25186
-1.55432
-3.33367
-0.258702
0.551958
-0.656137
5.91439
-0.111079
0.565044
1.83077
-0.491021
-9.40317
-0.133278
0.808232
0.553273
-6.69441
0.616097
-1.74539
-1.21443
-7.20934
0.245964
0.779695
-0.747047
0.171644
2.04363
1.06356
-1.31003
-0.209577
-5.34308
-7.72577
-1.48695
-1.97976
0.587769
-0.287557
1.8816
-0.243991
2.44903
5.13036
0.882437
-1.30022
-2.73071
-0.871165
12.4471
2.7118
0.407524
-1.09408
-1.71343
25.5829
0.200633
-1.85039
0.389815
-5.30698
-0.146374
-7.65499
2.46357
1.64256
0.115444
0.511753
-0.699462
-0.956557
0.882689
2.54121
-0.122425
4.65387
-0.462916
0.383281
0.947951
-1.14315
-0.473805
-0.715423
1.0281
-0.0133278
-1.47377
-0.366441
-8.34812
0.939119
-0.183422
-2.37516
0.133866
-1.03427
0.601226
-0.897078
1.18105
-0.796898
-5.82507
-1.83913
-1.57413
-0.41652
-0.260201
0.542748
-0.204858
4.17229
1.14883
0.0675819
-1.0599
-0.877997
-1.30846
-0.143734
-1.63956
3.07867
0.931645
3.74489
-7.55048
-0.902504
-1.22678
-91.9855
1.47252
-1.16256
-0.89154
-1.24717
1.57885
0.339151
1.80148
2.32839
-0.0278644
0.0920573
0.881268
0.0930492
-14.0864
0.688355
-11.0109
-1.00896
-1.22456
1.4635
-3.44477
0.424383
-2.15972
1.37097
0.991461
4.0984
-0.676202
-0.496549
1.48803
-2.20399
-10.6534
0.0880069
1.50858
160.319
-1.3401
0.836243
-0.355272
-0.987394
-2.84998
4.95521
1.12178
-3.36064
0.597354
1.37417
2.03064
0.255424
0.0477728
-81.4754
1.37683
0.774449
-0.400293
-1.24509
-1.22597
-1.09968
1.01387
-0.548651
-0.539639
0.260896
-6.09874
1.94928
-1.34881
-3.47593
0.343866
5.69543
1.02149
-0.593437
1.34775
-1.12577
-3.7276
-0.209225
5.35335
-14.3707
0.548829
1.31722
1.8289
2.34099
12.1492
-0.23904
-38.4771
-0.294649
0.468136
-0.309659
-1.19916
0.175182
-7.26174
0.16539
1.51907
0.451258
1.14678
1.8627
-0.514659
1.42857
3.53805
-1.9539
-1.18681
0.301068
0.133595
-2.30284
1.86683
-0.741011
-0.820371
-12.4853
-0.32942
1.58386
-0.0243283
2.7082
-1.6333
-3.55213
0.0567865
0.0408203
-37.1635
-0.174358
1.49992
-1.55429
0.28905
-0.485111
-4.81144
-2.18539
0.63372
-1.23812
0.179628
6.50328
0.080151
-2.77186
-0.0906795
-0.665883
-1.05531
-3.36995
0.687871
1.84274
-3.35917
-1.31416
37.8754
0.0207124
0.581973
2.11195
0.376765
-3.0905
-3.40477
-0.793652
103.83
-6.54451
0.170889
0.180695
-2.8979
0.00201449
1.1444
-8.46888
1.32408
0.111355
0.888185
18.7811
-5.12626
1.07425
0.195362
0.00981275
-0.402971
-1.59637
-0.308553
-0.0419336
-0.419688
1.33079
0.490628
0.101571
-1.40783
-0.150948
5.2848
-6.761
0.434047
-1.02308
1.12655
-2.95832
0.129417
-10.4678
-7.04809
0.901641
-0.528701
1.4424
1.75092
1.03417
-56.7728
1.10397
-0.590315
2.52149
0.239702
0.437586
3.63847
0.816769
0.738141
6.563
1.12136
0.7221
0.49442
-0.598085
0.0449346
15.471
1.16299
4.80195
1.7804
-0.0664119
-0.046255
-3.98532
-0.51815
-1.0931
-2.44563
-1.11921
1.05781
0.435733
0.531816
-0.936419
-6.03477
16.8129
-0.426404
-0.962267
-0.165728
-0.553505
-0.49736
-0.836282
-0.652718
-2.08862
0.939159
-0.284239
1.16066
0.0229901
-1.92579
-0.277921
-1.14977
0.111677
17.4163
-0.478786
-0.159004
2.92059
0.202551
176.318
0.295869
-0.610341
1.32697
-0.77079
-0.193023
-2.72712
-0.536421
-1.63454
-0.426064
0.566011
-0.848214
-3.98359
-5.33077
0.803981
-2.18104
45.8443
0.346394
-0.740715
-0.697747
-0.897652
2.83971
-0.833819
0.168894
-0.988187
-8.69185
-11.5905
0.974544
-0.57665
-0.324104
-1.32643
-1.54441
2.98305
-1.04378
-0.712275
5.44951
5.49371
-1.01745
-0.331129
-0.768989
0.349657
-4.05182
-0.00836715
0.52295
-0.726714
-1.27879
0.232249
256.116
-2.62108
0.334318
15.0583
-3.81167
0.302301
-0.773191
-0.72504
-1.52487
-0.662575
2.8898
0.965954
1.42183
-0.458143
0.81044
3.25255
1.45026
0.0876689
0.394909
0.542305
-0.571166
0.312585
6.13521
5.9167
0.689055
4.97359
-9.40743
0.648724
-0.0504167
-0.423598
-1.82939
0.297398
-0.487376
0.520595
2.09872
1604.22
0.202907
-0.727819
-0.31344
-0.43821
-4.93666
-4.71479
-0.606437
-0.0192815
-0.0168325
2.15477
0.00633521
-0.889503
0.51625
1.42103
-0.224819
0.681629
-0.535331
-0.12814
-4.70072
-0.0434981
53.0861
-1.5169
-8.2838
-0.406115
-0.202063
0.162459
3.98503
0.136064
2.65928
0.114445
0.123112
-0.697411
-0.317519
4.1136
4.03514
-0.925923
-1.43221
-1.59454
2.85771
-5.28971
-1.33847
-0.0423583
-0.360022
6.09827
2.88502
-0.254765
16.121
-1.25037
-0.161247
-2.37561
0.175083
1.03218
-0.899469
-2.47861
3.27178
-0.839241
0.819945
-0.592153
0.321193
-0.37894
-141.395
1.28557
-0.216215
0.880335
1.19015
-1.59773
-8.26881
-1.74063
0.344553
-1.59116
0.817793
0.0909834
-0.209577
-0.488581
0.569648
-1.04963
0.841855
-0.733045
2.15246
1.91744
-0.0919793
1.43076
0.244964
18.7618
-0.337578
-5.99336
-1.82336
0.631395
-0.120148
0.885661
5.02159
3.13371
2.53881
177.489
-0.182836
-0.0223658
-0.126489
-1.16463
7.37227
5.04144
0.423925
1.7156
0.441271
-35.7628
-2.48872
-0.164107
0.116321
-2.04138
-0.706743
-2.56265
1.2862
0.605851
1.63679
1.95196
-2.10392
10.2459
1.5428
-39.3081
0.932676
0.209312
-0.989567
-0.508228
2.2586
-0.189843
-13.7446
-0.124072
0.34805
1.00755
-0.189102
1.74073
-3.11602
-0.550242
-6.73797
0.184167
-0.725128
-0.669591
4.58463
-1.11406
0.694922
0.316064
0.194146
-7.87246
1.35202
-1.05654
3.23951
-1.15264
0.263663
2.13754
0.0864743
82.7769
-0.784693
-2.33739
6.13785
-0.286927
-2.64443
0.83415
0.440823
-19.1913
-1.26681
17.532
0.383313
-1.50743
1.05266
-0.355671
0.526836
-2.11896
-0.403449
-0.19289
0.116548
-0.83119
1.05918
-0.434438
0.729353
-0.780106
0.250371
0.133776
2.01073
-0.153725
-0.119128
8.70764
-0.882887
-6.7095
-1.4187
-1.28934
-0.176949
1.15539
-0.392572
-1.02479
0.674524
-0.475554
-1.48728
-2.9003
0.946358
5.6698
0.126692
-2.07226
-1.58144
12.5459
0.110451
1.18131
10.5032
1.00549
-0.5743
-1.22737
0.802353
6.75914
-0.482744
-0.0539265
1.83879
-0.22142
-0.341771
-1.47983
0.433794
-5.03692
-1.27368
-4.09688
3.23723
0.997361
0.397649
0.772083
-1.7692
-0.415032
1.84156
7.07869
0.153844
-1.29473
-0.133355
-1.97103
0.510263
-0.454956
0.401824
-2.58485
0.508197
-5.80995
-0.0167234
-2.55832
-0.227662
2.70539
0.173068
-0.0189127
-0.443135
0.597488
-2.20255
-2.36829
-0.999391
-2.27511
-2.46126
-1.10107
17.3114
0.0340199
-0.880481
0.391345
-0.247731
103.184
0.535302
-0.193406
-0.325715
-4.23366
0.345852
2.07147
-2.5559
2.55932
0.436677
-1.03415
1.04335
-1.12627
0.557739
-2.36457
0.539631
-0.374286
0.439718
-3.98479
0.330002
2.02064
0.421194
2.81696
1.8718
9.68289
14.0523
-5.94227
0.0897691
-1.53955
-20.3359
0.226408
0.112358
0.173039
-0.530935
4.34226
-0.322979
0.050979
-2.65042
1.01401
22.2704
-0.294557
0.261286
-0.0386766
1.68812
-0.0811566
-0.440982
-1.46538
3.83195
0.120427
-0.307312
1.77411
-1.31764
-0.509475
-0.791187
-3.8582
0.949701
0.437275
2.70825
-1.61021
48.1057
-1.66344
-2.17882
-0.715458
-0.440806
0.540138
0.135273
-0.780654
0.353153
-0.677168
-3.16291
-4.51746
0.364678
2.16194
1.44375
2.03029
-2.73741
-2.13743
-1.2844
-0.127314
-3.34937
2.9092
90.0092
-3.39317
0.583363
-9.87025
0.979505
0.368084
-0.0999682
-2.66187
0.0607962
0.113678
0.746494
0.0989215
1.38285
0.420367
1.3042
2.86755
-0.965335
-2.07375
-1.86001
0.754539
0.422595
-0.755253
-0.566901
-2.67324
0.151519
3.31159
-0.265996
-2.69191
-0.781085
-0.8979
-1.85683
0.87809
-0.475424
-8.05264
-0.803273
0.763645
-1.56499
2.56226
1.68507
-1.2618
-3.17987
-40.7474
-0.675211
-1.8219
-0.00269756
2.21632
3.30286
1.54386
4.34743
0.329065
0.138325
0.0353193
1.24858
1.66932
0.338123
-0.987592
1.30221
-1.17007
2.52602
0.380142
-2.3837
1.33273
-1.65928
0.425294
-1.415
-6.04035
1.11927
17.4564
-6.37519
-1.64148
-1.15996
2.06386
0.45367
4.15482
-1.3593
-2.16177
-0.869665
6.90341
7.02202
0.513555
5.50983
-0.125896
0.189779
-1.16254
0.239708
-2.93457
-2.4608
0.152408
-1.72863
1.58959
0.458062
3.05589
5.22883
0.377111
0.769511
0.344575
-0.0806414
-0.55698
-3.44577
0.522236
-5.91043
-0.576268
0.324244
0.282139
-1.33001
0.279752
-0.737861
0.236925
0.184218
-0.157875
-0.0333201
3.68939
-1.18329
-0.511832
-1.89332
0.775318
0.544957
-1.98396
-1.38967
0.445759
-0.623491
-0.780988
1.17727
1.12755
-1.07471
0.526635
-0.504596
6.65974
0.560679
6.21711
-0.313814
0.261298
-4.74453
-0.837201
0.490665
-11.0963
0.600006
-4.18916
1.16
-0.111844
-0.76339
2.443
-0.466761
-11.836
-0.8272
0.246817
17.4204
-2.22002
0.13174
1.47198
6.50677
6.95934
-1.82482
0.955561
0.78535
-2.72292
-2.5456
-1.59708
-1.90039
-20.2899
-0.62622
1.38955
-1.63689
0.685631
-2.00633
2.4439
-1.88667
-1.63247
-0.476699
4.48678
-6.60384
0.463556
78.8576
-0.219289
0.375947
9.3431
5.39155
0.216807
0.318254
0.368574
0.217684
-2.83052
0.833738
-0.425639
6.05461
-1.21315
0.646156
-1.48675
-0.169808
-4.94623
-33.151
0.551994
-1.44675
-0.443625
1.39787
1.49166
0.917856
-0.00893676
0.227683
0.144034
-2.9464
-0.144194
17.4426
-0.72998
-9.03344
-0.560624
-4.55858
1.58635
0.16631
-0.145854
0.349869
-0.282079
1.27148
-0.199305
-7.84824
-0.569041
-1.3556
-0.407813
-1.92561
5.50647
0.789179
-0.374295
1.04197
-1.62238
0.653255
1.011
1.05439
0.180998
0.0903605
-5.87413
-0.768909
-3.71136
-2.41886
-0.478494
-1.02178
0.672628
1.22075
3.08691
0.250241
-1.15998
0.664224
0.474703
0.690517
0.109757
3.30476
0.10017
2.12352
1.26523
0.319233
1.3542
-1.74515
1.25967
-1.9899
0.377056
-0.384983
3.17103
-2.14664
-1.81985
-11.7378
0.629483
-1.77897
0.245534
22.2926
1.40383
0.0800043
2.27548
-1.27461
1.50295
0.414635
0.0225688
-1.31767
-0.227295
-0.649633
0.823129
0.359846
-2.52043
0.69815
0.0732797
0.252631
-1.23115
0.829243
1.46711
2.64607
4.15659
1.93116
-0.782089
-5.41918
-0.0509262
-0.155979
-0.119801
-0.258026
-6.80121
-0.825246
0.609549
1.8982
0.512528
-7.55291
0.0620491
1.17321
-1.02512
-1.03281
1.28538
-0.676496
0.0711323
1.70177
-3.10985
-1.50815
1.13014
27.093
0.670529
-1.11697
-4.16897
2.98272
-0.465147
-0.451264
-1.24904
2.69698
-6.44352
-1.73878
1.00954
-0.200643
1.84244
5.18306
0.923643
0.979471
1.12764
-0.116961
0.833248
0.961972
1.17336
-4.47753
-0.141525
1.42637
0.627478
-1.53038
3.62472
-10.2544
-2.67347
-1.30842
16.303
2.01475
-1.47038
-0.063775
2.05116
-3.49555
-0.48611
1.51588
-0.74546
1.89615
-4.32003
-0.441254
-1.29313
0.729208
1.25537
-6.52944
0.185735
2.1684
-0.132946
1.48851
0.45852
-6.62471
0.538419
-21.5423
-1.2481
0.770816
-9.28719
0.455697
-1.10126
70.2601
-0.405328
0.244596
-1.37008
0.559753
-1.8763
3.49269
1.51518
0.659239
-0.501372
2.60461
0.0442464
0.71999
1.46841
-3.1411
-0.117103
-0.0133886
6.24961
2.46269
-504.906
-2.10868
-4.99899
0.410056
0.47386
2.58162
0.600571
0.357052
0.0384484
-1.13938
-0.363972
0.311174
0.458309
-3.14365
1.34142
3.02122
3.67705
-0.0526996
0.250421
0.327396
-0.321189
-4.39974
1.47915
0.930173
0.15055
-11.2243
-0.276105
0.317945
1.0215
7.19196
-0.404796
0.0637044
-0.607477
-0.602264
0.570704
-2.30243
0.00529455
3.11926
0.877941
-0.691981
0.19857
0.175224
-16.0851
0.613469
-0.138438
-0.1163
-0.237573
3.51226
0.888153
-0.427336
2.6981
1.44848
-0.328494
-0.471338
-28.7487
-2.71981
-0.55991
1.70792
-0.516745
-18.7272
-0.909926
-2.29278
-2.12536
0.709228
-0.0267853
-0.328947
-7.32904
1.15558
0.105391
-1.57646
1.52062
-15.8119
7.66819
-2.20208
0.624799
-0.107809
2.66141
-0.178899
0.82916
-0.854787
-8.18729
-0.305438
4.51209
-1.35197
-0.893326
-0.781372
0.983984
0.492692
5.46826
-1.381
-0.428781
-1.65281
5.65943
59.3206
-0.00930185
0.195085
1.28326
-0.368329
0.276247
0.443597
-0.304853
-3.36162
0.258243
1.47637
2.20269
0.456635
-0.253421
0.567185
-0.541421
-0.393879
2.29464
-0.250587
0.877957
-0.599038
-1.09153
0.63021
-1.39041
5.15515
3.60616
-2.11357
0.788967
0.413612
-0.366295
0.862694
11.9129
-0.979277
-3.39108
2.34435
-0.223268
3.35952
-0.714905
0.297347
-0.284021
0.415264
-0.668008
6.32673
-1.03382
0.462349
2.92882
0.665543
-5.06113
0.852329
-0.93038
0.278082
1.43947
0.463477
-5.82246
0.669781
-20.5936
-20.0509
-0.508178
-6.50986
-0.381185
7.46277
-0.653801
0.818486
16.374
-1.47825
-0.285912
-2.39582
0.740223
-0.0436691
-0.375356
-4.71844
-57.9864
0.939507
0.6646
0.892133
0.256701
-0.151595
1.05219
-0.344033
-0.766816
-1.80123
0.0533894
1.68798
0.0813138
2.17223
0.769279
-0.473776
0.606454
0.623124
1.06844
1.16131
-1.33972
-0.66679
0.134002
0.633981
-2.93529
-3.78584
-0.105902
0.0579334
-0.279206
-1.51897
0.196514
1.49491
-0.049048
2.7898
1.94233
-0.866587
-0.422171
-2.27459
-3.65485
-2.36135
-0.797355
-0.395204
2.30184
0.400958
-3.07037
-0.800163
-1.3654
-1.36022
-0.917252
1.24642
-0.16816
13.1945
0.0742206
-10.4485
-0.000918584
1.23036
-0.216057
0.728204
-1.14557
-1.91275
0.0106693
0.288427
1.32892
1.25141
-2.19275
0.228433
-84.0613
3.0981
-4.91634
1.46038
0.310524
-1.03905
0.856529
-7.45461
-0.942054
0.406292
3.17408
-1.46023
3.89312
-3.09287
-2.00534
-22.6239
0.894393
1.15228
-0.0624085
-10.7567
-0.307593
-0.010428
-0.0118276
-1.59329
-0.44277
-5.36538
-0.8996
-3.9904
1.19383
-2.43191
-113.125
0.515966
1.01379
-8.80256
-1.77976
-0.0767759
0.954013
1.12242
-0.0730034
-10.2153
0.817089
-2.30832
-1.06543
-1.5937
2.658
0.317144
5.18209
0.342853
0.59188
-0.586118
0.63527
2.02673
-0.178872
0.364336
-12.3905
1.18897
5.91292
4.62269
0.19994
1.18649
-2.0645
-0.553223
0.753177
0.206439
3.27851
0.762459
0.887823
0.130991
-3.58849
-0.839663
-0.637095
-0.928148
0.069652
-0.711239
0.30715
-0.748177
0.439816
-1.10048
-1.5459
-7.11431
-1.37143
0.0201988
-4.15084
0.109612
2.56289
-2.61454
2.10067
-1.61884
-1.55861
7.40602
-1.23705
-0.45544
0.867774
12.1712
0.0924298
2.42759
-0.601694
1.81238
0.826535
-1.27946
3.55269
0.538971
-0.648926
0.630025
-75.4399
-6.27074
-2.01366
-42.148
1.9341
-1.30706
2.58013
-0.480489
2.47163
1.85108
-0.52005
-0.197876
-11.3963
1.32317
4.86865
-1.10004
-1.74551
-0.494747
0.187646
-0.329748
-1.42688
-0.593363
1.35171
0.450892
-1.02996
-1.4951
-0.986278
0.0473638
0.328698
0.584747
-1.99366
0.510945
-0.12012
-2.05823
0.846084
-0.564789
-2.90629
-3.45396
0.72054
0.221752
1.12954
-0.0851752
-3.45079
-1.31625
0.0572109
-0.657181
9.46207
1.336
0.616532
0.13534
-25.3379
-4.30918
1.99838
1.69819
-24.6139
-0.471868
-4.7398
-0.0188439
-1.23073
-14.4334
3.81974
-1.65406
-1.45336
3.80897
-0.0623315
2.01804
-0.667832
2.52456
1.17722
-1.65705
-2.10837
0.651379
0.343663
-0.322978
-0.378725
-4.43718
-2.36658
1.0421
0.762205
2.95258
-0.388584
-0.37802
-2.02945
0.0223289
0.541525
2.49342
-0.428203
-0.518874
-2.44076
6.75497
-3.5282
0.200073
3.14115
-0.431586
-1.17945
2.2599
0.869086
-0.445975
-0.780573
0.396014
0.596165
-3.79912
0.759722
-0.142512
0.167857
-1.47438
2.21185
-0.333891
0.373172
1.6199
28.3654
-6.80954
0.953416
2.68064
-1.2459
0.376562
-1.02006
0.589962
-1.17153
0.42373
1.03505
-3.44807
-0.78897
0.13951
-13.4585
1.60689
-0.0886401
4.27622
-4.30693
-0.597534
0.202207
-0.44073
0.647561
2.29427
0.0624193
-0.0978511
-3.7851
-2.01029
-1.50404
11.1993
0.552016
0.259877
-0.786982
-0.939512
-1.33928
0.476858
3.67582
3.05382
1.24972
-0.979477
-0.117276
2.06105
0.126202
4.55382
0.449368
0.510662
5.70806
-3.30177
-0.235051
1.43147
-0.22508
-1.65017
0.167356
-1.69358
-0.489649
3.68222
-2.59867
0.981935
1.35096
-0.600952
-0.260521
-0.315883
-2.66992
-1.44215
1.71316
-0.65561
-1.13417
0.108383
0.124834
-2.75206
0.346619
-0.396445
-0.455616
1.04839
-0.489574
-0.0251491
0.448074
-0.453292
0.0652546
-0.425613
1.62184
0.598264
-2.17155
0.220934
2.60655
-1.10705
-1.20299
-2.4895
0.71117
2.35769
0.236521
0.931648
0.739881
-147.626
0.179771
1.15322
-2.29549
0.797663
-26.711
-0.619565
2.17351
1.90661
5.37747
-0.86212
8.32239
-0.885422
4.17359
7.44236
0.0798746
0.92249
0.254861
-61.5674
1.12522
-1.05977
1.51711
-0.344954
0.38046
-1.21582
0.375814
0.132944
0.373468
0.886736
0.0984318
13.8935
-1.3008
-0.49374
0.234027
-2.13295
-0.106008
6.07101
-0.321471
2.46395
-0.0950162
1.77712
-1.6049
0.911871
0.539291
-1.71542
8.69611
0.759062
1.91204
-0.505797
-1.00583
-1.71695
0.607158
-3.68399
0.473336
-8.7926
-0.439008
-151.548
-10.3951
-1.06805
-0.296479
0.487332
-1.04748
-0.316932
0.211556
-1.82689
-0.399413
1.39157
2.18129
1.88554
-0.336033
-0.139119
-0.250995
-11.2742
0.861082
0.0269347
-0.547809
-4.61744
-3.92548
-0.121536
-0.0829537
-0.821715
0.297054
-3.77718
-0.789408
0.381911
-1.30056
-0.297175
-0.716348
-1.39136
-0.050558
-0.139549
2.36391
-3.16768
-15.0807
0.329263
-1.57111
-71.2456
-0.885249
-0.0687633
2.4888
-0.483136
-0.999566
0.366098
2.29075
3.91064
2.92047
-0.100802
-1.05972
0.462246
-0.477944
11.0021
0.987728
0.406383
-0.609867
-1.20035
-1.12618
-0.959127
0.023551
-0.855701
-1.06228
-1.69085
1.46385
0.629637
-0.621694
-24.5059
0.669576
-3.45574
0.64787
-5.19652
0.365405
0.291434
3.09432
0.430159
0.883255
-1.35077
-1.46735
-0.139411
6.67445
-2.1394
-0.140195
0.821189
-1.97065
-6.42497
-0.826053
-0.864925
-0.893137
0.140212
-4.61568
-5.74207
0.367793
0.43969
-0.144225
-1.39571
-0.85788
2.17741
-0.481153
0.0222118
0.866231
-16.8758
-1.49896
-0.580598
-0.0671259
0.330337
-1.69188
-5.30402
-0.00617807
0.604647
-0.508824
3.21886
1.31386
-0.545437
0.39777
0.582175
-1.08336
9.96056
-0.417557
0.0207054
-0.0579576
2.77365
0.550769
0.101846
-0.173972
0.0837286
0.685301
9.87226
-0.581375
-1.03685
0.795697
-0.545522
0.172142
-1.86353
-0.187792
-0.608224
23.1159
9.75103
0.416331
0.903767
-0.707841
0.34946
-1.43658
-0.186987
14.869
0.289018
-0.125609
-1.28975
0.556343
-2.28451
0.587501
3.56427
-0.46846
-17.4495
0.99623
-0.516695
-3.52178
1.11427
-0.731738
-0.452042
-1.97401
-1.14851
9.58456
12.7518
28.4097
-0.129507
0.33794
0.221619
-0.228596
4.78998
1.44059
-0.0301503
0.527262
-69.1448
4.90535
-5.30527
2.56576
-0.663893
1.48308
0.529186
0.167612
0.269873
0.173425
0.511428
-0.114647
-42.884
0.738874
-0.632642
0.209333
0.783808
4.498
-0.59724
1.65034
1.23052
0.773813
2.79393
-0.123225
2.01466
0.511391
-11.0366
-0.167904
0.071755
3.01775
-1.85929
0.273229
-0.593779
0.0475909
-10.7484
2.34187
6.18994
-0.000596917
1.05783
15.3963
0.0422391
-0.135295
-6.09626
4.37682
-2.86409
-0.108295
-1.52763
-0.928102
-3.15834
-0.286596
1.32294
10.1054
0.654819
1.7013
-1.05948
3.85125
-3.6553
-12.5726
0.470873
3.76906
0.832908
0.119276
-0.0576748
-0.39796
-0.658264
-1.79601
-1.07055
-1.54697
-0.59598
-1.34781
0.181605
0.421301
-1.04434
-0.399996
-1.14446
-0.369051
-7.20115
-1.28394
-1.42035
2.31668
-5.10373
-0.536712
-1.39348
-0.418834
-1.17907
-2.64217
0.908342
-1.51638
0.86118
-0.201403
0.494874
-0.644663
-0.845008
0.0492979
-1.7981
0.260815
6.77394
-0.732154
-2.51887
-1.73338
-0.969415
0.605216
-0.722717
0.133869
-0.697433
7.48144
0.327241
-0.714955
-0.604964
-2.02018
-1.28675
-5.06914
0.780798
-1.17535
-0.117802
5.66768
0.580384
0.122969
-0.284408
0.239548
-2.10499
3.05405
-9.33513
3.04136
0.376459
-1.14546
0.114668
1.0272
0.570887
0.210591
2.21105
-19.2427
5.87362
16.3154
0.957421
-0.836095
0.967798
-2.88429
0.347632
0.29117
0.316014
-2.19385
-0.670585
6.80863
-0.835443
-0.260662
0.299116
-2.88181
1.18275
-0.456846
-0.91887
2.62081
20.1297
0.375534
0.556477
3.83507
275.341
-0.0902436
-2.54023
-8.77157
-0.187579
-118.815
1.15787
0.288234
2.11011
0.534159
1.50092
4.83963
1.53962
-64.3093
2.65533
2.1172
-0.923839
1.17518
0.110131
0.875539
-0.191975
-2.77507
0.0576692
-0.680374
4.82009
-51.0302
-5.01126
0.63007
-0.674983
2.69161
0.378843
0.0243683
-0.00666807
1.23666
-1.06361
0.545722
-0.883428
0.0829392
-0.939086
-2.70752
0.911248
-2.26574
-0.212695
0.345629
-0.0133415
0.250455
1.57179
-9.58772
0.205429
1.98936
-0.498079
0.105763
-0.371078
-0.744619
-18.5239
-0.7018
-0.2324
8.01131
0.458967
-0.255782
-1.21148
67.6182
0.781326
-0.78158
31.4728
-1.1463
-0.512108
0.867647
-3.8346
-1.78682
0.597428
-0.499545
2.18466
-0.515804
-2.26604
-1.61545
-0.427975
1.13212
-3.00439
-0.313257
-0.415826
0.0120936
1.20727
0.102387
5.46896
-2.26698
-2.5339
2.83915
5.20615
-1.0799
10.2144
-0.812637
0.612742
0.619878
1.43515
0.0181882
0.135664
12.0419
-0.173998
12.7524
-0.555255
1.99394
1.17538
-0.235018
-1.31539
-0.877536
-3.84091
-0.616663
-1.5758
1.19626
-0.362593
1.18944
-0.298046
0.165325
4.56713
0.403908
2.97964
-0.805279
-1.22159
-0.203073
10.8266
-0.29686
0.097589
-1.32896
-0.572282
0.467017
6.51949
-2.17969
-1.58461
0.148005
-0.472682
0.0451046
-0.721928
1.55886
0.510514
-1.52555
-1.43352
1.03117
-1.56863
-0.17442
-1.64357
-0.672353
0.624743
0.156218
-0.763448
1.6556
0.377898
-0.0745854
-0.851229
0.0278025
-24.5019
0.864871
-0.375246
-0.362999
-0.728869
1.43409
-6.27829
2.20455
-0.35793
-3.15693
-0.916511
23.6509
1.81166
5.9349
-1.19193
4.02768
0.698187
2.25422
0.456461
-1.87262
-2.79475
0.792025
-7.26232
5.49812
-1.17735
-0.291419
-5.42447
-20.5097
-2.5439
-1.14927
-0.0219485
3.60329
3.03412
-8.67532
0.189313
0.0152432
0.0369893
2.37231
5.71753
1.20992
1.21388
-0.680127
1.12344
-1.31294
0.0280065
-3.84041
-0.0179662
0.980686
-1.48808
-1.732
-0.525073
0.718308
-27.9939
-1.0211
-1.05693
11.1694
-0.187829
-2.08252
0.64915
0.505136
-0.842119
2.4367
0.394195
-5.52171
-2.27056
0.68539
-5.14896
0.424692
21.6206
2.71972
-3.65771
2.94821
-2.4091
-1.61589
0.450844
-2.51509
0.408083
0.595775
0.338802
0.539887
-0.405865
1.59942
1.08424
-3.01164
-11.5237
-0.888796
3.69516
1.19568
0.773632
0.411273
-1.21834
-2.48489
-0.810864
-2.81286
-5.32992
0.961177
0.677708
6.85505
-0.194809
1.89663
1.55128
0.480766
4.19287
-0.720906
-1.95115
-6.99825
1.34153
0.229291
0.0930917
2.78644
-2.03119
-1.14528
-1.38922
0.756796
-0.306863
0.851614
-3.42061
-0.671588
1.25662
1.12522
-1.04198
0.216124
-1.15283
-12.6521
0.405003
-1.56886
0.937483
0.836263
4.14607
-0.0444583
0.105015
0.349634
-0.892533
-0.456048
1.90155
-3.78003
-1.02884
4.69642
-2.03783
-0.389874
-0.27069
-0.14717
-0.463642
-1.21896
2.19191
-0.0993482
1.42455
-4.0297
0.550726
-0.427826
0.649767
8.83291
7.07468
-5.10833
0.293328
-14.538
2.50993
-0.704519
1.74587
513.52
1.28389
1.8944
-0.170008
0.337034
0.372328
-0.27561
-1.32617
1.90151
1.06066
-6.87501
1.37105
-1.56192
0.192314
-0.648932
-7.33285
-0.581646
4.1673
-8.92699
0.690636
2.26507
-0.0278055
-0.12635
0.786637
0.860088
-0.422675
1.1689
-0.246499
-2.2806
-0.957336
-2.71636
0.712518
0.293874
-0.535447
3.58952
1.49915
0.473311
-4.56424
0.606767
0.752226
-0.520572
0.188326
5.0148
10.5479
-1.70974
4.53621
1.50558
-0.74676
0.0423267
0.0522569
0.808426
2.59326
-0.465631
0.838912
9.17813
0.0785026
-0.013398
-0.148737
-0.0521369
-0.692675
0.332844
-0.572836
-16.1071
-1.24541
-248.771
-2.63145
-0.3405
44.2976
117.201
2.94655
25.0022
0.045713
-1.6855
0.752644
-66.0267
-0.215234
16.7535
1.08762
0.00169327
0.509479
-0.770481
0.656406
0.876093
-0.323749
-0.537715
-0.721881
2.11708
3.3382
0.759556
5.56403
0.208071
0.844911
6.46562
0.14842
-0.0493504
4.40969
0.473074
-3.41874
-2.00419
0.0542254
2.15589
24.4116
0.973122
-0.797796
1.4263
1.46335
-0.44064
0.147579
0.826638
-0.160102
9.86867
-0.4667
1.05366
-1.25262
1.9515
-0.294821
-0.454428
-1.06261
0.642639
-5.72289
-2.35043
0.26508
0.407429
-1.03605
1.2727
0.0448598
0.51445
0.378685
1.36918
-0.400691
-0.0837557
0.485116
-0.194466
1.46252
0.479475
-4.39698
1.07324
4.42458
2.8895
-1.47164
-0.0972279
1.25453
-2.26221
1.80741
2.26942
-1.61138
-3.83888
-4.11831
-9.00671
3.97238
1.10344
8.24761
8.3046
1.49694
-0.488731
-0.227604
-0.467133
0.52206
-0.214557
9.06066
-2.3578
-0.329005
-27.7272
2.66085
-9.97609
3.2832
2.63822
-0.0348184
0.593653
-1.56698
0.117722
7.16508
1.62412
0.220965
1.69895
1.60828
-0.510854
-0.885374
1.25562
2.07433
-0.0489531
-2.3697
1.35655
4.96588
-3.65798
-0.282557
-24.1834
-8.11763
-0.0654518
-3.34758
0.385437
-1.61711
-2.36392
0.47028
0.509349
1.13334
1.45785
-0.221514
-0.434131
0.896768
1.58149
-3.39048
6.01706
3.64966
1.43791
0.369149
-1.50362
1.93557
1.70204
0.630509
0.394217
0.433535
0.0290424
3.95509
-1.27726
0.0987573
-0.810445
7.77537
0.945633
0.255066
-1.4663
-0.131556
0.335091
1.68631
-1.15709
-0.538351
-0.0589418
-4.93758
-1.2187
0.928586
-4.03454
0.332999
-1.01408
1.13617
-19.5649
-4.03516
1.32197
-7.56679
-0.922695
-11.1593
-0.570876
9.34537
2.41647
-0.217126
1.15766
-0.379114
1.38633
-2.37462
0.530408
0.817859
0.864224
0.449241
-0.741313
4.69486
-0.0901562
0.0142712
-2.77915
-3.03212
-1.39031
-0.968836
-0.134016
1.5547
0.364208
-0.0740879
-0.740146
-0.525502
0.339353
-0.955053
-2.57715
0.525986
-6.92849
-52.7852
1.04027
-2.71456
-3.58672
-1.90504
0.490255
-0.790133
-5.46471
-3.82675
-5.3431
0.840831
2.55651
-0.48983
1.03773
-0.412759
1.58807
0.50856
0.078898
0.322226
1.92687
-24.2172
15.6162
1.03682
0.118233
0.116894
0.302652
0.839834
0.581111
-1.62252
-0.893706
3.19385
0.537685
-1.20226
0.241467
0.462735
2.98739
-1.1262
-0.559252
1.9163
-0.764377
-0.956467
2.10016
0.149334
0.759134
11.2319
2.57126
-1.03467
-6.14269
8.34446
-0.391315
0.283513
0.906959
0.478955
-0.418843
0.685383
0.429818
-204.997
1.31591
4.19499
7.97312
2947.13
14.4019
-1.04303
-10.1279
0.488132
-0.044932
1.81501
0.883948
-0.505784
0.392758
4.95881
0.130801
-0.714052
1.45168
-0.0288785
0.433667
39.0239
1.59269
-0.491672
-0.317901
-0.933671
-3.68122
4.95659
0.519065
2.63736
-1.39391
-0.246008
-0.363074
6.91805
0.0795849
-7.40334
0.254975
-0.559844
0.264847
0.947255
-1.10887
-0.407535
0.180991
-5.19527
-1.05244
0.734382
112.019
1.273
0.338563
-0.746991
-0.626344
-0.18906
0.482087
-1.91154
-1.5619
1.18174
-1.95735
0.194102
-9.64969
2.03304
2.08461
0.28138
12.7355
5.33703
-13.3061
-0.922952
-9.51294
3.1458
-0.0827175
-0.563703
1.82957
-0.241003
4.36208
-1.89214
1.16719
-0.829118
0.282899
0.232912
-0.080107
1.27407
0.624034
0.234016
-1.40129
0.00668331
5.78164
-0.610008
0.811567
0.176038
0.458758
0.532117
31.4761
0.258385
0.647796
1.02272
0.658354
-1.11745
6.65946
0.330224
-0.531234
-0.0816638
3.11363
-0.518781
-0.323936
-0.802813
-0.226629
0.115611
-18.6089
-1.04335
0.534454
2.10727
0.715358
-3.5365
-0.429259
0.0445997
0.37458
-1.3559
0.402368
0.904298
2.24539
-1.36577
-1.01342
0.269486
-0.263349
-4.6796
-2.23057
-1.33244
1.26162
-0.122723
1.46668
15.038
13.2342
-4.10078
0.00532297
-178.332
-4.74142
252.204
0.292107
0.00955856
1.09895
-9.80888
0.3848
-4.0823
0.286403
4.71843
-3.45635
0.617944
-0.615067
1.74374
-2.3453
0.201502
20.878
2.07127
0.876057
-0.0653992
-0.579293
-0.664782
-2.97406
-0.766103
-2.17983
-0.512001
0.549502
-0.0117941
65.1185
-0.0514295
0.607181
-0.0779759
-0.35226
3.85296
0.770032
-1.51254
-0.269022
-0.108929
-7.50435
-10.781
-0.150608
-0.423404
-2.28309
0.20965
5.29074
1.2678
-0.504972
-0.277722
-1.70383
-3.59192
-4.74563
-1.26128
1.00243
-1.45355
0.0646585
-8.00079
-1.02628
-0.341615
-1.73178
-3.85239
-14.056
3.81169
-0.273427
-4.97248
4.56659
0.240868
1.54259
-0.343624
-0.133627
0.0329503
-0.729226
1.39047
0.261763
0.278599
-0.0870537
16.8584
-1.3715
3.76907
-1.61386
-0.745406
-3.13013
0.597369
-0.717447
-0.0516617
0.801984
-0.457768
-1.93578
0.783226
-1.30361
-0.87192
-11.3254
2.68145
-0.358728
-0.520986
-6.23013
-3.03681
-1.62434
2.28171
-7.40108
0.122651
21.5148
1.93193
2.07006
-0.691881
5.76702
-2.00252
1.44189
1.00827
0.360269
2.90912
0.946455
1.05926
3.78906
0.471411
-0.343356
-0.782813
0.222467
5.70979
0.183642
2.12463
0.426654
0.652321
2.00925
0.697935
2.43994
-0.607281
-0.610957
1.50866
-0.479742
1.0735
-0.0403505
-8.27825
0.982224
-0.948985
3.9151
0.332968
-1.17103
0.916161
-1.29573
0.247297
-4.03696
0.00845748
-0.200782
-0.240176
-0.95028
1.05714
-1.29794
0.24709
-1.18089
-0.764363
-0.348674
-0.804112
-0.281853
2.55646
1.67368
0.801365
-0.546612
0.0489111
-1.67198
-3.19203
0.166405
7.08704
-0.964439
1.81034
-2.75804
-0.685062
3.26525
-0.683489
0.0484593
-0.0713468
1.5723
-0.03066
0.637591
-0.320687
-0.783621
-2.93144
-0.213269
0.0548418
2.15197
-0.0489057
4.63525
-1.19988
0.723857
1.81889
-2.42022
-1.15279
-0.0179505
-0.32435
0.298565
-3.10756
-0.226596
3.02245
4.90442
0.0364354
0.784841
-0.950342
-19.3511
0.34904
0.515191
-0.112788
-16.7874
3.05998
0.776739
1.02316
-0.22317
-0.0551208
0.236694
3.23143
0.0573566
0.043872
3.49235
2.71771
-0.64612
1.79012
-2.43907
0.689388
-10.0614
0.80839
-1.0039
1.53311
-0.505475
0.0800548
-0.849473
-0.663911
0.328585
-0.50318
8.78787
1.81814
6.03161
-0.271362
3.56138
31.8182
0.751613
-3.58901
-0.37311
-0.334102
-0.152443
-3.83239
-0.0937606
-3.02917
-0.0416863
1.33565
3.53877
0.535949
2.55475
-1.57593
-0.661233
-2.34495
0.127348
-0.371521
0.320206
-0.151161
-5.54854
1.35433
4.07777
-7.07
2.57813
0.536483
-4.28557
-0.134065
-2.2659
-2.11674
0.665104
-2.59887
-1.4252
1.46513
0.0360772
-1.32304
4.49087
0.0812438
-1.75709
0.136594
0.342376
-1.25749
0.0652892
0.0707162
27.8027
-3.92834
-2.26453
0.214193
1.29974
0.735194
0.708823
-3.37434
-0.883908
-1.35691
0.89712
-5.80823
-0.39393
-1.70201
-2.84618
1.32283
1.94764
-3.11677
-0.632142
-4.10886
0.292779
0.26792
-1.5783
-0.40027
1.59866
1.45416
-0.565834
2.86237
-0.967169
0.11356
0.557076
-1.79738
0.617485
4.77385
0.740439
2.1916
1.57977
0.685104
2.09488
0.525905
-1.03099
0.435906
0.502599
-0.354573
2.21269
3.86544
1.09802
1.50209
-3.0323
0.14518
-0.198818
2.9673
0.599818
-1.04842
-0.203349
-0.235692
-0.133133
-7.63342
0.0528395
0.170986
-1.16327
1.30525
-2.04472
-0.908281
-3.20502
-6.45471
-0.409106
-15.8925
-0.0848355
6.10941
-0.719296
-0.191947
-54.6443
-1.97882
1.12853
-0.527195
-0.180161
0.0560872
-1.00285
0.651601
6.10828
1.05211
-2.13472
-10.0806
0.873234
-0.838292
4.73811
12.7187
-0.0200865
0.720693
1.12959
1.17065
0.614283
1.07257
-0.294227
-9.44788
-5.16916
0.364039
-2.43577
-8.24142
0.960975
0.0990627
1.13522
0.461913
-0.806104
-0.553353
-2.37585
18.7355
2.65245
2.24251
-0.0213358
-3.06349
-3.23533
-0.445947
-0.762269
0.488695
-1.5037
-1.02389
0.686094
1.4179
-0.637535
2.01252
0.00646801
0.0296687
-2.4658
-0.85811
1.67894
1.72521
-0.0627814
-0.288121
1.15362
-81.1585
0.477569
5.89529
-0.49939
-0.291083
-0.766131
3.44847
-9.46232
-0.675634
-0.282484
-2.11848
-0.0943187
1.9447
-1.00211
0.614916
2.25038
1.2303
-6.3918
-0.808706
-0.389337
0.601048
0.876064
-0.453204
1.15995
16.5369
7.76792
-1.3164
-0.514801
-0.0376187
2.52131
0.854721
-0.914285
-2.19075
-2.49
-0.757859
0.607954
-0.601248
-0.383962
-5.0173
22.8945
-4.47465
-0.52215
-0.346527
-1.54846
0.625648
0.284978
0.411111
-1.53723
-0.269493
-0.109905
0.954393
0.687566
1.59767
8.8099
-20.9043
-0.650141
2.95552
-3.45136
1.81464
1.48501
-0.65691
-0.946916
-0.486396
0.0315139
0.0681426
3.04647
-0.626798
15.0153
-1.62338
1.2258
1.16725
-0.434444
-1.60679
-1.1919
-0.596364
0.79639
0.218809
3.81193
-663.583
-1.12228
-0.955988
2.29028
1.15666
1.62529
3.9901
0.524138
-0.797591
0.487403
0.189853
1.40912
-0.317234
-3.76684
-1.48452
0.509561
-170.158
-2.4218
0.499685
0.258775
0.875877
-1.08054
-11.0507
1.48707
-0.797711
-1.39826
-2.53872
7.6668
0.303127
1.11141
2.94147
-12.7954
0.31156
0.46086
0.950232
-0.152976
2.22748
-0.74904
-0.340685
-5.04878
0.668421
-0.187827
-47.9291
0.521041
-1.26764
1.15017
-0.412793
-1.23328
-0.984811
0.772315
1.7033
-7.84346
-1.73745
0.253862
1.24724
1.5253
5.51883
8.25691
-8.90679
0.800172
-4.33224
0.478221
1.00307
-0.026667
-0.390395
-0.898079
0.620218
0.707433
-2.57064
-1.50369
1.25741
0.35618
-0.781069
1.8503
6.13349
0.90192
1.56231
-2.73127
3.75791
-2.03964
0.0835848
0.0518092
-0.649405
0.637976
-0.599071
-6.43798
1.00043
-0.680586
32.978
-3.75842
-0.231413
5.55646
-0.298202
0.409493
2.52442
2.24382
-1.11295
0.619471
75.8214
-1.2091
-0.605701
-2.07138
13.3744
0.446065
2.13648
-0.819378
-1.54803
-2.54545
0.809674
0.508183
-2.06196
-0.174328
0.705132
-0.308306
-0.877267
1.09613
-0.461216
1.95562
-0.582474
-1.42309
0.995386
2.4062
2.62743
0.782003
-3.18101
-20.0519
0.887371
-4.26271
0.330675
-0.463709
-1.57199
0.205483
2.59903
2.49826
-108.416
0.419865
-0.0684401
0.962886
-0.0500683
4.46374
1.2571
-2.06925
-2.14055
-4.41693
0.630881
-10.6039
2.32299
-5.11285
-0.38547
2.73765
-2.50891
0.140008
-1.05048
3.40324
-3.26711
17.0718
2.8756
-0.840845
3.891
-4.06539
-0.275283
0.075287
-1.10154
-2.34993
-0.470188
-0.525414
0.268336
1.34593
-0.815226
-0.408584
10.0695
0.242628
0.594914
-2.08554
3.88957
0.25197
-0.113353
-0.111391
0.591829
0.173529
1.58421
0.0489353
-1.10922
-2.04994
7.20302
-0.460682
-0.744436
1.72097
1.18387
2.20219
0.38217
0.603315
1.51879
0.696977
0.391063
0.64496
-2.49206
-6.79775
-0.224186
0.00192616
1.32856
-0.807927
-0.0802333
0.785015
2.6198
0.368027
0.276608
-0.683861
1.40982
7.20581
1.3734
0.596024
1.25181
-0.304597
-5.53822
30.5644
-1.43589
-0.8158
-0.49322
2.95536
0.828044
-1.10216
0.242068
0.274851
2.01383
0.151035
0.652967
3.24831
-0.736264
0.521221
-4.56541
0.375466
-1.08292
-0.59435
-1.26325
-0.511859
-1.12276
0.52118
1.66144
75.1895
-1.05359
-0.10038
-0.151266
0.477241
-6.70964
0.873472
1.24703
0.519768
-0.913179
-3.64319
-1.30362
-2.46478
0.086239
0.526169
-0.502407
-0.439089
-16.2572
1.39673
-1.1789
-8.03891
-0.842455
-1.10516
1.10633
-0.923183
4.22172
-3.69021
0.230854
0.0795509
0.302311
-0.865015
5.36422
3.68172
0.209363
-0.930575
8.07518
0.571243
40.0274
-2.36122
0.21656
-1.06801
0.15502
0.769347
0.0336632
0.386258
0.275889
0.996154
-1.01981
0.527637
0.294694
1.478
1.76608
-0.750675
0.569474
1.35932
-0.173095
-0.576566
-1.81171
2.2633
0.911429
-1.10356
-33.2759
-1.45866
-0.454293
-0.579469
-0.826409
-6.86221
1.83293
-1.40476
-2.50923
-0.771469
-0.0259663
0.626726
-0.310973
1.51487
-0.892124
-1.5944
-0.180263
-0.39615
-0.401529
0.630351
1.81632
-1.91125
0.0295322
-0.10423
-0.251381
-0.546163
20.5999
0.050889
5.57053
-5.65431
-4.54905
-1.32293
0.814364
2.67442
0.573894
-5.51972
-1.35019
3.3814
-1.14276
-4.29795
-0.184114
2.27084
0.36844
-0.899407
0.608568
-1.98497
0.941135
2.52647
2.46369
-0.515323
0.30843
0.97912
-2.02447
-0.887398
0.686758
-0.46245
8.60409
-0.343414
-0.534787
0.775348
-3.46255
-0.71181
-1.15326
-0.228323
-0.253161
0.366352
-0.410115
2.71803
0.82473
1.25247
-0.710906
0.627676
-1.41524
-1.13898
2.64201
-3.33674
-0.568235
1.37192
0.773933
-1.28471
1.45653
0.6322
-0.297723
-0.716805
14.0975
-0.483541
-0.139943
-5.26544
-1.41907
-0.586733
-1.37255
-1.38087
-3.24734
-1.26782
0.196352
-5.58498
-3.53359
-1.207
3.26547
3.4931
-1.13775
2.90782
0.86607
-0.648182
-3.08139
0.57617
-1.44749
1.95989
-1.14115
-0.376058
-3.25266
-0.343145
1.66809
-1.62616
0.184777
1.66792
-0.0539299
0.78634
-0.429991
13.9502
18.9363
1.0998
-0.158783
-0.38534
-1.22449
-1.02172
23.8988
0.522639
-1.29505
0.187843
0.465334
-0.509212
-0.226429
-0.258019
7.8329
-0.388384
0.276637
2.25814
3.91403
-2.17851
1.48988
0.739682
-2.08018
-0.409245
-1.29504
0.299367
-1.75911
-0.37229
-75.7356
-0.550474
-0.965248
-0.674048
-0.689803
-0.0359112
9.35407
-5.30857
-0.841152
-0.755808
1.00214
0.0835245
-9.70505
-1.65396
0.949003
-1.80066
-0.657803
4.41968
-0.654463
-0.397569
-0.699554
2.18884
-1.02601
16.5539
1.71964
-0.883457
-0.0113935
-18.9097
0.982276
0.100226
-0.68833
0.415206
-0.759595
-0.243862
-0.439622
-0.37074
2.1752
2.07423
-0.624239
0.310176
-5.42674
-0.338346
-1.15747
2.57146
0.410288
2.14132
3.18078
0.281027
-2.09801
-8.44632
-0.0163961
0.172492
-0.357277
-1.39737
-1.22218
-4.01945
1.55934
-0.141899
-1.51291
1.82713
1.37449
-0.808363
-2.09103
-5.92666
-0.0825567
-5.73819
0.689883
0.566322
-1.666
0.180506
-0.647331
1.28932
-1.52866
-1.68507
0.487829
19.0209
2.12758
-1.77028
-0.170461
-0.666682
-3.6538
0.849631
6.41926
-0.422073
-2.08854
2.63917
-0.206267
0.5449
0.592424
0.300775
-0.24768
2.96995
-0.943496
37.155
0.620898
-0.0459254
0.623669
-1.43587
-1.05423
4.42167
0.848133
7.86222
4.01072
3.22616
-1.32048
-4.2654
0.450069
0.447594
-133.874
1.80104
1.00435
-1.65185
0.859033
-1.20537
-1.13502
0.487483
-3.3063
0.201244
1.77987
1.23231
-1.15753
0.107522
-0.799296
0.608151
1.40673
-1.74798
-0.167534
0.706597
-0.439616
1.4337
-0.433142
0.3481
-0.231696
0.0182756
-6.52142
1.12128
-7.02215
-0.634923
-0.20828
1.55707
-4.70271
-1.51214
-53.3387
-3.66848
0.841268
-0.134671
-1.22247
0.703815
248.252
-0.0896651
0.748768
-1.09352
1.58844
31.6007
0.470224
0.0661095
-0.618124
-0.675475
-0.134494
1.9595
-1.79998
-2.09816
0.238459
-0.373097
-0.0381458
-9.19805
1.32383
-0.408126
0.614711
71.1185
1.31131
-1.45051
-1.29298
0.420435
-0.38011
1.95227
-0.273569
1.77911
4.60007
-1.44331
-8.92006
-0.365651
1.44967
-6.08873
0.174993
2.18333
1.44131
-3.14137
1.57506
0.88937
-2.14378
-3.40623
0.189832
-3.66232
-1.34901
10.3242
0.221527
3.59944
0.531038
14.6492
140.869
-2.86421
-1.92932
1.28728
1.79348
-3.14479
-0.516416
-0.373036
-1.34986
1.44898
1.94085
2.20069
2.34984
-2.72876
6.4416
0.921394
0.951995
-0.372869
-3.64819
0.203335
0.110474
-0.127778
0.524071
0.664795
0.409302
-17.284
-0.279747
12.9862
0.395825
1.71772
3.09333
17.2347
-3.65763
1.09694
-0.987535
0.435327
15.8596
-2.20734
0.698848
-7.75061
-4.37395
-0.687608
-5.93673
-1.7686
0.0638548
6.70375
0.602776
0.0471866
-1.6325
1.24409
0.428921
3.22672
-0.0113987
0.369687
2.27051
-3.4347
-2.45657
4.40116
1.87135
0.0971746
0.330861
-0.047468
7.15977
5.96203
-1.54028
-1.46717
-1.17865
3.12571
0.291549
-0.510965
0.138472
-0.485639
0.94562
-0.0892945
-3.15283
0.341105
0.294481
0.00758933
-19.6577
0.363115
1.66884
0.112464
1.31321
28.8411
-0.996098
-3.86829
-1.0651
-0.164848
-0.15394
9.53452
-1.586
-0.551152
-0.314223
-2.66333
-1.69437
0.331605
3.59923
0.793504
3.32994
23.7075
-2.60271
-0.662406
0.940321
0.999873
-0.0847321
0.0393112
-19.9356
-1.68933
-0.00466735
0.824376
2.23808
1.05106
-0.398226
0.658384
0.725824
26.8386
-5.53554
0.618403
0.778706
0.113066
-2.09788
0.0965642
0.92977
-0.855402
2.56043
-0.0190543
531.432
-4.8132
0.125441
7.25232
-1.28704
5.88266
0.255341
-1.5975
0.629559
0.910839
0.604594
0.343876
-0.452575
1.16418
0.0789235
-0.468533
0.863846
-1.12708
7.44369
0.24787
-0.594933
-6.18524
0.0807204
4.11261
-2.8746
-0.411571
7.79126
0.862401
-0.230019
-9.75887
1.40615
2.53716
-0.621222
0.173444
1.91297
1.52077
1.4327
-0.245074
0.573929
3.53846
-30.5357
0.284701
-1.53168
0.194773
-0.882694
1.11253
0.372563
-2.58052
-2.02112
0.885183
0.611526
-0.69025
-92.4615
-6.43878
-0.969235
0.44314
8.83852
0.550201
1.29199
6.62532
-0.86358
0.296001
17.161
5.4335
0.0887756
-1.07251
2.14482
0.109503
0.142719
0.2989
-0.190074
0.461019
-5.40035
-0.518027
-0.382147
0.455471
-91.2928
0.639276
-0.904601
-0.664977
-0.160129
0.366219
-0.312115
0.109443
0.0620396
-0.274482
-0.255044
-0.695256
-1.77081
0.00461597
-9.79281
6.63339e-05
0.120369
-0.694535
-1.25503
1.12968
0.192042
-2.69133
3.31781
0.97994
0.229903
0.913035
-7.15227
-0.0841947
-0.676916
-4.55147
0.0188792
3.48872
-0.720626
3.52516
-1.03059
-0.761667
-0.400669
0.00420202
0.501646
-20.3679
-0.473486
-2.16628
-1.45828
-0.132214
2.57764
0.66839
0.552015
-0.166673
1.06921
1.51541
-1.45146
-65.5157
1.94798
0.252567
-0.33246
0.0547007
0.364797
2.52043
-0.606218
-0.900789
-1.34116
0.46727
1.22261
0.0788873
4.67746
1.22581
0.463274
1.39144
-0.320318
-9.63437
-0.491639
-0.680824
-2.61002
-0.872677
-0.89048
-1.42915
-10.2574
-16.3735
-0.668282
-9.82396
-2.52058
15.1734
0.0440933
-58.7784
0.0924384
-0.55927
0.403555
-4.26925
0.359969
-0.181706
2.34835
-0.825761
-0.351607
-0.0197521
-1.15503
0.846495
34.2922
-0.545801
5.8753
0.387219
-0.0170051
1.10916
-0.719092
49.3845
-1.65523
-0.435538
-5.61016
-0.183905
5.12836
0.0104968
0.213601
-0.153003
-2.53234
1.36014
-2.42559
0.267552
-0.231954
-0.399231
-0.179632
-0.228456
-0.274293
-1.52772
0.0146242
-0.32976
-0.750158
0.540987
0.708134
-1.66712
-0.964792
-0.756163
-0.616223
0.179109
-0.908511
0.562125
0.836156
-12.0945
-4.39708
-0.72748
2.09806
0.516795
-0.0255132
1.33554
0.99002
-0.140022
-0.735493
0.128427
1.45223
0.481993
2.01924
0.477501
0.0542071
2.4597
1.44664
0.805822
17.8206
0.048357
-2.05081
-1.85965
0.79572
-0.54922
1.77904
-2.20712
-0.967849
-0.357522
0.91516
2.26678
-1.34833
-0.185884
0.339084
-1.53995
1.59403
-2.09516
5.15185
7.59226
-0.489829
-2.66899
-0.689764
-0.0439901
0.215358
1.66706
-0.0504773
0.168927
3.04146
-0.737906
3.73179
0.833265
-2.76989
-2.40836
-1.26823
-4.43615
3.54923
0.125369
0.144025
-3.39832
-11.3752
1.30001
-0.464972
-1.66265
-7.64665
-2.66589
-0.897398
-2.69435
-0.0936632
-0.33925
6.21072
1.91387
-0.871262
-0.588273
-1.25304
-2.29148
-4.23474
-1.30625
1.04943
1.0931
-1.00055
4.02229
-0.597121
16.0695
-1.73375
0.713728
1.23832
-1.10659
-2.58124
0.0338984
1.26158
-0.898634
-2.05996
-1.28407
0.741803
-2.01738
1.0604
-0.56251
0.598096
0.520607
-4.91464
0.0459557
-0.646871
3.21705
-0.625746
-1.57273
2.07745
0.663262
0.821056
0.823204
0.835597
-3.62528
-3.52335
0.76564
-2.36705
-0.502043
-1.00822
0.0236282
-1.9979
-18.134
-1.97255
20.3054
-0.355865
0.415513
1.19332
0.0676733
7.35108
2.66491
-0.308335
5.28396
-3.10058
2.49946
1.74049
-2.72549
0.338353
-1.28705
0.162177
-0.765514
-0.54587
-0.508867
1.23187
-0.0994331
1.68275
3.05534
3.55272
1.85701
-1.57089
3.65238
-0.25558
-1.60348
0.125848
-0.655197
-2.25857
-1.79154
0.0383108
1.69823
-0.121705
5.57431
1.10132
-2.28298
-5.93845
2.03699
55.9307
0.642007
-0.985034
-0.93366
-8.0269
-12.9141
4.37699
1.12905
-0.441145
1.63877
0.496851
0.305408
-0.468769
-5.38992
2.15993
-1.6219
0.17541
1.94987
-8.41474
-21.2221
1.09699
-1.1537
-0.584183
-4.85788
0.565227
-0.259436
0.0895826
-0.512858
0.902946
-1.09835
0.779103
1.01373
0.566638
-1.36544
8.2301
0.0987889
-0.497069
-0.219741
-4.49079
-0.941381
-0.0830824
0.996511
7.10215
-0.443285
-0.211075
-3.01491
-0.385652
-0.456488
-0.159977
-1.01211
1.07174
0.0174847
-0.135225
-1.05828
-0.0972632
-8.99452
-1.2682
-0.806933
-2.9389
-2.3597
0.0236366
0.277783
-0.259508
-10.1726
0.595382
-0.0688665
-2.15711
-0.0421221
0.132771
1.94454
-3.84273
-3.05631
-10.5168
0.457959
0.161991
-0.651606
-4.37869
3.56572
-0.793473
0.237306
-2.62505
0.537023
2.09574
0.864572
-0.62537
6.25327
1.50662
23.2286
-0.0328054
0.175998
-0.418027
7.9343
-0.0924114
-0.476775
-0.817809
-0.421888
-3.12845
-0.464332
1.11269
0.0477522
0.254326
-0.271125
1.12712
0.763406
0.520421
0.106579
9.24961
0.0777303
2.76104
8.01682
-2.43181
0.786342
0.761366
-0.251055
0.668442
-1.61748
-1.23558
-1.33776
-0.920395
296.33
-15.9232
2.63531
-12.718
0.236831
-0.0680416
1.11373
0.399871
0.0194243
-0.235011
2.805
-1.02903
0.0195128
0.169189
-0.858948
1.33861
-0.326368
-0.580567
3.12677
-0.490582
-5.57444
-0.897793
-1.32051
0.586246
0.166997
-0.262452
3.77498
-199.432
-10.6491
-2.35441
-0.470256
0.269122
-3.23863
0.820693
0.391307
-0.36267
0.264526
0.802337
-69.965
-3.86016
-2.43487
-0.65184
0.485106
4.09617
0.364671
-3.20183
-1.11122
-1.33188
0.184102
0.152592
1.35346
-1.24789
-1.7459
-0.0495412
-0.467876
-0.367858
1.42018
0.795378
-9.89149
21.5885
-1.90802
0.26039
0.857876
0.543698
-0.898164
3.21219
-2.67791
0.693134
-0.230523
-0.694562
