0.860332
1.14541
0.97288
1.00087
0.931974
1.03579
1.11435
1.10199
1.08406
0.992534
1.25479
0.982197
0.954067
1.0629
0.932501
0.994249
0.924917
0.897481
0.859156
0.953729
1.13484
0.8225
0.888177
1.063
1.04345
1.2461
1.08835
1.05025
1.04479
1.08816
1.15786
0.913093
0.929492
1.05721
1.0495
0.902816
1.0426
0.931055
0.867724
1.12258
0.909291
1.11355
0.974752
0.998256
1.04782
1.08968
1.19148
0.980384
1.08915
0.91754
0.922839
0.933363
0.87321
1.0276
0.857577
1.01492
0.939979
1.00612
1.00364
0.886852
1.02318
0.978025
0.920712
0.999471
1.03842
1.01852
0.975449
0.973638
0.968974
0.968023
0.995323
1.16024
1.05951
1.01951
1.03478
0.915614
1.02124
0.859364
0.992736
1.08935
0.856571
0.929372
0.897893
1.06201
0.935824
1.19897
0.937942
0.846877
0.925759
0.966191
0.95946
0.97012
1.07002
0.829581
1.04751
1.14639
1.023
1.10433
0.894082
1.12739
1.0851
1.0072
1.07181
1.0184
1.07959
1.16999
1.06905
1.13775
1.21728
0.919745
0.935597
1.19277
0.875701
0.970344
1.15247
0.954926
0.903051
0.934992
1.09357
0.889352
1.21244
0.895259
1.00128
0.942762
1.14266
0.969052
0.966325
0.912946
0.715619
0.966419
1.02453
0.876374
1.18866
1.10197
0.984977
1.03987
1.05402
1.04649
0.961249
1.02771
1.05649
1.27294
1.26118
0.967651
0.998355
1.08676
0.879668
1.11392
0.994279
0.927456
0.925943
1.12349
0.993241
0.967207
0.829777
0.9684
1.02947
0.910836
0.977178
1.06338
0.992106
1.09471
0.98777
0.993213
0.897502
0.954419
1.05213
1.01821
0.86027
0.99908
0.838127
0.933872
1.08925
1.19031
0.947758
0.96493
0.924369
1.05672
1.16011
0.969258
0.975222
1.0952
1.04439
1.0528
0.777375
1.15823
1.08788
0.840794
0.887864
1.11248
1.03515
0.941426
1.00438
0.94381
0.946809
0.897354
1.05225
1.0688
1.05377
1.01659
1.01042
1.00463
0.967702
0.989727
0.94539
0.971726
0.818462
1.02828
1.10755
1.09194
0.98101
0.969658
1.09729
0.828654
0.843644
0.93557
0.83207
1.03876
1.13617
0.912536
1.04945
1.17005
0.847833
0.923912
1.12845
1.07638
0.923607
1.06927
0.855573
1.05161
0.889307
1.12231
0.91655
0.902563
1.12927
1.02916
1.00687
0.926033
1.03883
1.10321
1.05922
0.993157
1.04338
0.943771
0.965982
0.927352
1.02151
1.02353
0.91963
1.06775
0.92969
1.06527
1.00444
0.997891
0.965307
0.994145
1.06095
1.19685
0.946
1.317
0.990378
0.92863
0.996901
0.950063
0.97479
1.00249
1.00871
1.09358
0.862939
1.04273
1.0633
0.817703
1.1562
1.04243
0.953477
0.912201
0.95796
1.01168
0.979492
1.01796
0.973292
0.868751
0.904927
0.994943
1.10624
0.865381
1.03477
1.06643
0.846681
0.931264
0.998838
0.967214
1.06776
1.04495
0.858444
0.914455
1.01778
0.893359
0.905938
1.1382
0.897831
1.04816
1.00488
0.881743
1.05482
0.807649
0.766935
1.01687
0.919663
1.09862
1.09776
1.05866
0.972034
1.09018
0.9361
1.04451
1.00121
0.911509
1.16492
0.968086
0.924741
0.972752
1.02711
0.897415
1.0632
0.967333
0.969226
1.05641
0.991398
1.05948
0.996374
1.08313
1.00177
0.990425
0.890746
0.907514
0.924055
0.998429
0.954453
0.860941
1.15975
0.923343
0.795507
1.05579
0.85371
0.818736
1.1151
1.08811
1.22825
1.18742
1.09013
0.867252
0.933781
1.04276
1.05051
1.03933
0.950823
0.884555
1.11119
1.08351
1.09817
1.03319
0.861503
1.04708
0.96185
1.18672
0.892368
0.888209
1.02379
0.892712
1.21954
0.93616
0.968767
0.955451
1.08209
0.983004
1.20647
1.0652
0.880488
1.12022
0.766477
0.925016
1.15521
1.11404
0.97387
1.04322
1.00969
1.03837
0.840105
1.01267
0.969507
1.05958
0.998322
1.306
0.976648
0.828039
0.989756
1.01137
0.964842
0.966261
1.09748
0.878403
1.15223
0.921378
0.900661
1.0772
0.898742
1.0118
0.822134
0.96559
0.978215
0.964369
0.966506
1.2097
1.12924
1.06657
0.901674
1.03219
0.883649
0.918171
0.983734
0.856727
1.00827
0.964588
1.0006
1.07003
0.973768
0.88049
1.04373
1.01064
1.05779
0.969964
0.910456
0.930559
0.968211
0.868843
1.11547
0.845304
1.00937
0.852397
1.07802
0.833268
1.10248
1.09433
0.957515
1.01645
0.953261
0.984152
1.20285
1.04641
0.917526
1.00916
0.940938
1.16133
1.10533
1.00108
0.990897
0.88363
1.08084
1.00707
1.1064
0.935307
1.08604
0.977679
0.984284
0.97737
1.08942
1.14001
0.932824
1.24665
0.859889
0.941123
1.08232
0.850199
0.857141
0.864142
1.00983
1.02292
1.0267
1.21342
0.930696
1.04967
0.890232
0.898642
1.03568
1.09338
0.937583
1.10904
0.909938
0.843712
1.12425
1.03199
1.14229
1.07503
0.868434
0.892992
1.03387
0.958823
1.04864
1.06033
0.996374
1.00018
1.09166
0.959188
1.02055
1.16091
0.949578
0.893191
0.999748
1.05605
0.84986
1.17711
0.847953
0.977664
1.119
0.92835
1.05077
1.23333
0.994985
0.971446
0.848116
0.976578
1.07888
0.988926
1.00453
1.07558
1.02227
1.10018
0.872994
0.845148
0.950264
0.942993
0.883936
1.13227
0.957747
0.836949
0.840789
0.970887
1.17437
0.929438
1.34498
1.00711
0.826436
0.949943
0.90211
1.01159
0.913061
0.951408
1.00409
1.06559
0.864954
1.16638
0.989659
1.03548
1.00482
1.02406
0.988756
0.907325
1.05016
1.10617
1.01639
1.00976
1.01839
0.864084
1.06718
0.897264
1.0145
0.947405
1.03667
0.817655
1.01167
1.01513
0.95934
1.05046
1.02408
1.16931
1.03013
1.0078
1.04658
0.931978
0.914181
0.80577
1.07788
0.863392
1.14484
0.966307
0.95976
0.960268
0.807184
1.03245
0.885772
1.29766
1.23597
1.02018
0.9491
1.14457
0.996114
0.958159
1.14596
0.972087
1.02656
1.07003
1.22741
1.01437
1.0036
1.03329
1.05795
1.08197
0.809417
1.38529
1.21379
1.12247
0.939407
1.15764
1.05797
0.979404
1.14355
0.972664
0.980753
0.995224
1.15271
1.03494
1.02764
1.12411
0.95399
0.871972
0.996305
1.05513
1.14008
0.989575
0.965723
1.06047
1.23857
1.01246
0.878497
1.00102
0.84781
1.14794
1.08113
0.950356
1.12471
0.98085
1.2031
0.84948
1.13045
0.951742
0.818264
0.801833
1.12395
1.0198
1.05982
1.12669
1.09952
0.999941
0.899492
1.20492
1.0652
1.05378
0.868503
1.00021
0.889144
1.16848
1.15518
1.13541
1.00673
0.971376
0.940689
1.07962
1.03558
0.989169
0.975565
0.963014
0.827409
1.11588
1.10415
1.14192
1.12542
0.948981
0.893609
0.955535
1.03236
0.867207
1.04362
1.02805
0.948436
0.845849
1.02727
1.11741
0.949148
1.19443
0.885855
1.08395
0.962559
0.997899
0.891034
0.892409
1.00117
0.981627
0.81042
1.157
0.924318
0.89624
0.959374
0.972489
0.993163
1.0653
0.912677
1.12934
1.03266
0.986988
0.870718
0.989226
0.865269
1.15183
1.01743
1.10668
1.15558
1.01887
1.13769
0.972737
0.875033
1.12539
0.94688
0.914925
0.997555
0.991215
1.05106
0.932947
1.00293
0.960783
1.05464
0.926934
1.09961
0.994272
0.960602
0.927201
1.04191
0.990353
0.883724
0.959272
1.16844
1.02547
1.17652
1.00392
0.870427
1.04345
0.938218
0.922386
1.18492
0.990435
1.00664
1.12921
0.976704
1.14017
1.12692
0.875116
1.08693
1.17031
1.03071
1.04968
0.91931
1.03741
0.970508
0.966424
0.858439
1.09909
0.925441
1.03685
1.13391
0.977001
1.16667
1.08916
1.00022
1.05023
0.930457
1.04753
0.90635
0.887132
0.911589
1.03636
0.973044
0.944778
0.911837
1.05699
1.03301
0.930558
1.04253
0.861137
1.06799
0.977474
1.00964
1.07429
0.94978
1.03705
0.917865
0.976907
0.960254
0.947364
1.09722
0.910258
1.05069
1.0318
1.02287
0.88133
1.02875
1.25083
1.05232
0.93065
0.981569
0.977759
0.91772
0.952692
1.00939
0.925353
1.05287
0.74494
0.939118
0.934177
1.05782
1.00865
1.17238
0.983588
0.873286
0.907524
1.08819
0.92446
0.942761
0.856446
0.843025
0.977974
0.894959
0.939047
0.901554
1.00143
1.11043
0.860737
1.0689
0.887614
0.912192
0.990616
0.825376
1.13868
1.02006
0.924635
0.929123
0.928871
0.834243
0.997937
0.886643
1.00979
0.971097
1.05515
1.15991
1.02256
0.824204
1.00212
0.92317
0.915301
0.89929
0.966408
0.943413
1.03947
1.10079
1.06201
0.998077
0.947195
0.8717
0.959088
1.00135
0.96662
1.03325
1.00186
1.0669
1.01068
0.917233
1.20323
0.940455
1.13094
1.03927
0.957427
0.974178
1.0274
1.04796
1.18246
1.15592
0.854109
1.03598
1.13526
0.914361
0.824995
0.968709
0.888439
0.869639
0.847704
0.862796
1.09806
1.04545
0.959986
0.806117
1.08879
0.984021
1.1021
1.07453
1.06534
1.19618
0.995565
1.06736
1.02721
0.984271
1.07617
1.01732
0.840821
0.874783
1.16172
1.02988
0.888339
1.12301
0.994011
1.0526
1.02442
0.857317
0.746209
1.05061
0.980728
0.996706
1.00062
1.08633
1.10951
0.946943
0.851889
0.934645
0.924425
0.885478
0.854249
0.968951
1.0065
0.91343
1.12627
0.992449
0.925564
1.12434
0.879932
1.11796
1.03248
0.944904
1.18668
0.993693
0.950039
0.980415
0.93036
1.04088
1.05721
1.05514
0.917569
1.02407
1.0844
1.02061
1.17333
0.940645
1.05344
0.980073
0.978308
0.974247
0.907067
1.01462
1.0551
1.04802
1.02633
0.920169
1.0658
0.964388
1.0919
0.911404
1.227
0.971524
0.916278
0.979547
0.885406
0.906058
1.11311
0.992545
1.12228
0.959134
0.959045
0.95336
1.08948
1.0737
0.96575
1.05699
0.922547
0.929151
0.886018
0.899889
1.0016
1.11956
1.10005
0.959728
1.25436
1.09573
0.963671
1.15862
1.02281
1.05106
0.944865
1.06426
1.06896
0.987918
1.08139
1.11651
1.0391
0.897727
0.889569
0.929062
0.915067
1.02885
1.11149
0.897825
1.23481
0.87425
0.821117
1.16801
1.17962
1.15897
0.939988
1.06313
1.02761
1.09351
0.91457
0.961865
1.27394
0.921171
0.935016
1.05454
0.933871
0.827201
0.89124
1.11235
0.982307
0.84713
0.978532
0.996811
1.04618
0.84531
1.16954
0.924179
1.13127
0.957264
0.7732
0.986492
0.838018
0.863431
0.86743
0.931091
1.03013
1.11306
1.00979
0.846754
1.03016
1.07079
0.936815
1.07303
0.915978
1.05431
1.27178
1.05995
0.984261
0.852442
0.977069
1.06428
0.956799
0.982994
0.756404
0.894075
1.05662
1.00294
0.87013
1.05527
1.06503
0.995992
1.00138
1.09373
0.921551
1.0594
0.998286
1.08658
0.90137
1.07625
0.972705
1.11838
0.947609
1.06244
0.801386
0.932964
1.00223
0.938164
0.980588
1.01091
1.16072
1.03649
0.91365
1.15582
0.924511
0.978968
0.938481
1.02183
0.952638
1.00558
1.12474
1.03097
0.975682
0.992069
1.10876
1.07245
1.08854
1.07527
0.911583
1.2864
1.02947
1.21102
0.873554
1.11058
0.902051
0.966187
0.827342
1.00387
1.1532
0.926089
0.983527
1.0863
1.20088
0.855191
0.903788
1.05146
0.996729
1.02445
1.04759
1.03803
0.947019
0.974538
0.927885
0.989071
1.02072
0.934106
1.08132
0.925821
1.00737
1.00389
0.800114
0.98345
0.840002
1.19042
0.936864
1.03357
1.0028
1.02718
0.993919
0.881485
0.847896
1.01371
0.957354
0.976331
1.10045
0.984864
0.947511
0.984687
0.966188
1.04285
1.12124
0.863434
0.909675
0.794124
1.07291
1.01933
0.934086
0.892989
1.0738
1.05272
1.00833
1.10653
1.10829
1.00689
0.93788
0.924993
1.04598
1.03507
0.938477
1.05827
1.02099
0.835943
0.982371
0.991859
1.0599
0.948949
1.15347
1.0304
1.12719
0.868232
0.928578
1.1588
0.971937
0.951215
1.03379
1.04914
1.16603
0.964704
0.944021
0.894397
1.24826
1.04181
0.962635
1.05022
1.08484
0.844562
1.0138
0.976524
0.944112
0.870771
0.980086
0.897446
1.08637
0.952135
0.847074
1.09982
0.924774
0.99117
1.09599
1.03855
1.30664
1.12372
1.13109
1.22591
0.774498
1.01316
1.01197
0.960899
0.798416
0.979119
0.875823
0.840366
1.09818
0.952329
0.981189
0.862001
0.937985
0.959044
1.10189
0.991434
0.950135
1.04079
0.968633
0.940258
0.830102
0.968587
0.919627
0.847809
0.922173
1.09656
1.04428
0.981825
0.901243
1.10816
1.23201
1.0307
0.893683
0.800587
0.884215
1.05764
0.88529
0.99508
1.1668
1.12208
1.14731
0.92468
0.832174
1.16261
0.911205
1.07285
0.950761
0.934019
0.972675
0.950342
1.11523
1.1465
0.90827
1.13891
1.01258
1.0433
0.998903
1.03411
1.0681
1.02041
0.960986
1.04278
1.16754
1.04933
0.974792
1.23915
1.09351
1.12558
0.935168
0.986896
0.882383
0.892898
0.970214
0.928094
0.922451
0.969059
0.999687
0.936391
1.23435
1.00628
0.942922
1.16139
0.969381
0.881521
1.18868
0.960499
0.97485
1.08718
0.862022
0.864321
0.982274
0.983268
1.03169
0.868938
0.890201
0.966502
0.854691
1.09009
0.877045
1.04164
0.879328
1.07059
0.917381
0.805727
1.05426
0.912112
0.883149
0.995135
1.02961
0.892032
1.13994
1.0809
0.971189
1.07334
1.01699
0.913833
1.14488
1.01847
1.09318
1.04944
0.975018
0.929187
1.14341
1.08444
1.0757
0.913899
0.82986
0.957441
0.911734
0.855989
0.955001
0.855192
0.980631
1.10518
1.03869
1.0534
0.99197
0.985532
0.914675
1.06958
1.125
0.995448
1.23668
0.869968
0.693765
1.03064
0.872605
0.967862
0.816845
0.869932
0.94108
1.03036
0.995865
0.876288
1.13041
1.11675
1.21057
0.884016
0.939967
0.908045
1.03509
0.930128
0.770647
0.976609
0.850206
1.0805
0.880605
1.21087
1.08589
1.14424
0.832922
1.08121
0.840245
0.972075
1.05619
1.01199
1.21026
1.02623
1.01929
0.920093
1.14303
1.03659
0.820555
0.932269
1.22211
0.862349
1.1392
0.898596
1.11066
0.85659
0.985191
0.966669
0.970065
0.96433
1.00717
0.904676
0.848188
0.943258
0.953201
1.17945
0.991401
0.845465
0.960067
1.12083
1.0171
0.856463
1.01858
1.21733
1.00072
0.979916
0.799422
1.09885
1.13265
1.10144
1.05568
1.05211
1.15193
1.22848
1.03553
0.885508
0.956085
1.0484
1.06411
0.964974
0.98209
1.04686
0.896027
1.09834
1.01617
0.900953
1.10052
1.03992
1.09404
1.01846
1.09861
0.978059
1.06185
1.2872
0.911085
1.14666
1.09348
1.03686
0.968441
0.883955
0.981985
1.02485
1.03825
0.930611
1.03646
0.939641
1.07928
0.881227
1.07927
0.935657
0.922045
1.08446
0.844473
1.06079
1.01213
0.870576
1.05889
1.14911
1.06833
0.88352
1.23247
0.986881
1.01077
1.07026
0.883626
0.863363
1.02699
1.01087
0.98993
1.08111
1.06896
0.912195
1.14923
0.951819
1.2168
1.17319
0.853035
1.02742
0.964003
0.949489
1.20032
0.948507
1.04093
1.01506
1.03334
0.85318
0.829129
1.14009
1.11158
0.893795
0.933354
0.936571
0.878608
0.820861
1.27025
0.963084
1.03151
1.02003
1.04468
0.886772
1.17573
1.26484
1.07484
0.985784
0.826173
1.05978
1.07432
1.00251
0.912523
1.0904
0.952823
0.884378
1.02711
0.890455
0.915286
0.881276
1.01972
1.07351
0.996608
0.908155
0.917799
0.801184
0.796532
1.16944
0.970837
1.13424
1.12869
1.13686
1.01419
0.957143
1.0306
1.02212
1.14006
1.00061
1.11324
0.951615
0.998923
1.1431
0.992023
0.992205
1.02111
1.06008
1.00483
1.15661
1.09931
0.94703
0.947126
0.873418
1.01293
1.01241
1.1433
1.02026
1.15241
1.18403
1.12848
0.978251
1.02373
1.01978
1.06973
0.996655
0.788783
1.04881
0.933598
1.07756
0.863758
1.18925
1.00754
0.960115
0.992663
1.00096
0.858581
0.868317
0.98946
0.922513
1.03959
1.03372
0.950247
1.01581
0.92888
0.895733
0.874051
0.921362
1.11505
1.0572
1.06724
0.9361
1.01889
1.02031
0.969549
0.975973
1.02623
1.08394
1.27503
1.13498
0.946884
0.880011
0.830423
0.948651
0.967113
1.02838
0.889428
1.09199
1.01616
1.09046
1.03933
1.03562
1.11947
0.96322
1.04235
0.84915
0.990398
1.03401
1.07986
1.05444
1.15582
1.02508
0.868827
1.13493
0.937631
1.05318
0.978665
0.870897
0.941458
1.01603
0.886955
0.967342
0.995385
0.860887
0.922658
1.26563
0.894732
0.986934
0.876317
1.01115
0.888603
1.05527
1.11472
0.800152
1.1279
0.793697
1.07012
1.13103
0.876833
1.05589
1.13545
1.19971
0.957445
0.886467
1.07559
1.07522
0.870289
1.07106
1.12836
0.89062
0.983872
0.768223
1.04667
1.08708
1.02742
1.08671
0.89452
0.984775
0.892297
0.882105
1.08924
1.05037
1.1981
0.83788
1.01932
0.980116
0.939768
1.09307
0.95335
0.914248
1.21319
1.05279
1.02582
1.13106
1.02783
1.09382
0.952494
1.04563
0.919581
1.00066
1.05385
1.03417
1.04578
1.00373
0.92232
0.888067
0.97383
1.02714
1.04499
1.23313
0.960071
1.03518
1.01426
1.03969
1.02765
0.763767
0.83821
1.06755
1.04986
1.23715
1.00115
0.788861
1.03562
1.08581
1.00778
0.945767
1.06314
0.980957
1.16842
1.02005
1.00404
1.03593
0.97332
0.978967
0.941149
0.981178
1.10436
1.03576
0.847015
0.97095
1.06521
0.982483
1.02863
1.05104
1.20335
1.04273
1.07038
1.03141
1.05281
0.994352
1.15817
1.096
1.05684
0.98415
0.991174
0.988149
0.924072
1.03265
0.962866
1.13422
0.958021
0.844082
1.09941
0.93318
1.09497
1.02157
0.835772
1.00216
0.958234
0.899079
0.950212
0.828149
1.06714
0.995178
0.937712
1.02153
1.03682
0.896342
0.978428
1.08622
0.869838
0.934759
0.989181
0.994535
1.10002
1.09276
0.909151
0.970258
0.968305
1.06912
0.944592
0.80589
0.991619
0.989101
1.24248
1.07535
0.89475
1.11679
0.742674
0.826451
1.16694
1.03287
1.02616
0.926036
0.955538
1.01337
0.989973
1.05226
1.18577
1.05272
0.994742
1.27045
1.00767
1.01834
1.10204
0.886006
1.1181
0.90291
1.07493
0.965329
1.07254
0.946111
1.05951
1.25302
0.897533
1.03363
1.07599
0.945076
0.886648
0.881722
0.845821
1.03765
0.845143
1.13564
1.0299
1.03113
0.977266
1.17025
0.802898
1.11111
0.995173
1.02266
1.12734
0.827587
1.1102
0.932724
0.924954
1.00208
0.93806
1.03516
1.10106
0.85716
0.890863
0.979342
1.07467
1.2203
0.952147
1.01554
1.0679
1.00113
1.07912
0.893924
0.845816
0.948882
0.90468
0.919424
1.01181
0.965083
1.10948
1.06203
1.14618
1.04419
0.899984
0.945389
1.07312
0.910428
1.03167
1.06813
0.902563
0.94973
0.960913
1.11862
0.984935
1.02058
1.05531
1.11917
1.03988
1.12605
0.932377
0.963299
0.91711
1.02548
1.1065
1.05126
1.04909
0.969148
0.898297
0.829845
1.03201
1.04888
1.02143
1.03485
1.02512
0.99001
1.04893
1.1643
0.843734
1.05706
0.918037
1.10325
1.02234
0.937894
0.88924
1.00275
1.01607
1.074
0.98608
0.954959
1.15419
1.0804
1.00591
1.03183
0.764311
1.18721
1.03734
0.977426
1.16718
0.83485
1.07808
0.935283
1.04941
1.05731
1.03043
1.16028
1.00155
1.21354
1.16761
1.05068
1.02632
0.960278
1.16583
1.05974
0.886021
1.22985
1.07843
0.988683
1.07073
1.00389
0.96341
0.929709
1.13661
0.910689
0.889242
0.976036
0.903914
0.905356
1.02586
0.890837
1.16551
1.13878
1.0265
0.959588
0.89657
0.909663
1.0055
0.948586
0.901996
1.1161
0.980686
0.965365
1.12593
0.884282
0.940921
1.04176
1.07797
0.997106
0.940659
0.965658
1.18723
1.02212
0.920236
1.02105
1.08387
0.954776
0.990821
1.16275
0.996401
0.982162
1.03249
0.869673
0.859587
0.992315
0.93232
0.835476
1.02608
0.999059
0.871332
1.0941
1.01392
0.845344
1.04431
0.891069
0.944459
1.00119
0.879346
0.945594
1.04262
1.03643
1.04856
1.15399
1.08558
0.987853
1.00384
1.02183
1.06611
1.08098
0.948875
0.940457
0.996198
1.02626
0.846271
0.943552
1.04113
1.13875
0.942962
0.856677
1.1583
0.941907
0.914397
1.02639
0.865436
0.985116
1.14184
0.99533
1.05271
1.04943
1.13487
0.939217
1.04606
0.902984
0.878744
0.892259
0.939677
1.00333
0.940403
1.05466
0.986897
1.06344
1.13571
1.01314
1.13901
0.837005
0.895851
1.10881
1.02012
1.14645
0.990515
0.911019
0.944904
0.871851
1.09593
0.993095
0.969145
1.20352
1.10413
0.861178
1.11747
0.92074
1.04903
0.980775
0.930006
0.960302
1.10518
1.03176
1.24759
1.07016
1.01125
1.01677
1.10844
0.975621
0.962364
1.22947
0.928467
0.94946
0.968501
1.0196
0.954507
0.86061
0.963255
0.984718
1.07493
1.03221
0.999858
0.957076
1.15708
0.974176
1.17554
1.01481
1.00222
0.999453
0.941375
0.934763
0.885679
1.05421
1.10933
1.22966
0.915654
1.05711
0.836828
0.76809
1.01242
0.90653
1.00081
1.13607
0.904242
0.926582
1.00561
0.932642
0.928721
1.00637
0.987608
1.07956
1.01619
1.02742
1.2996
1.09733
0.996099
0.978935
0.840112
0.83692
0.933941
0.973592
0.998479
1.08868
0.834696
0.905259
0.915377
0.953662
1.17814
1.03172
0.969683
1.02415
1.01135
1.13302
0.998983
0.907705
1.21505
0.919638
1.00075
1.0641
1.00877
0.975449
1.06531
0.98051
1.07157
1.04499
1.14222
1.03071
0.97863
0.947546
1.13032
1.19816
1.06282
1.03067
1.10725
1.0832
1.01593
1.01714
1.04555
0.969043
0.929701
0.996572
1.03181
1.01411
1.0373
0.938246
1.18363
0.944368
1.01224
0.859398
0.966181
1.02132
1.01488
1.03967
1.08098
1.0526
1.17701
1.01573
0.999553
1.01893
1.003
1.05409
0.820317
1.09467
1.17264
0.937208
0.974965
0.939108
0.98181
0.936075
0.939652
1.08183
1.0709
1.03217
1.05946
0.919448
0.991715
1.04639
0.975572
1.02054
1.23473
0.978027
0.933246
0.974167
1.05772
1.07423
1.02474
0.897024
1.00115
0.928298
1.06661
1.20622
1.10759
0.980634
1.03764
0.981025
1.12515
1.04757
0.968811
0.924278
1.086
0.853845
1.12984
1.2436
0.854705
1.01757
0.993745
0.8915
0.947021
1.12331
0.934561
1.0104
1.0013
0.976526
0.953648
1.09518
0.757329
0.933493
0.962893
1.11166
0.80988
1.18228
0.998806
0.870274
0.89899
1.02296
1.03542
1.21881
0.970834
0.996236
1.07794
0.938219
1.15899
1.03603
1.00088
1.15271
1.01447
0.880674
0.946455
1.01917
0.89663
1.01528
1.28074
1.02124
1.04016
1.21162
1.12566
1.07833
0.93196
0.912865
0.984775
1.17431
1.00285
0.867479
1.03337
1.08854
0.948449
0.776182
0.911734
1.00795
1.01996
0.911886
0.952533
0.955887
0.806256
0.883531
1.00059
1.05219
0.993338
1.02499
0.944084
1.00332
0.789735
0.965807
1.073
1.05435
0.829394
0.934096
1.09276
0.919323
0.938211
0.959258
0.930402
0.982732
1.11216
0.947169
1.06733
1.02768
0.939726
1.0203
1.10731
1.04825
0.975314
1.17225
1.01946
1.08461
1.1277
1.0437
1.03098
0.973631
0.886031
1.21017
1.09969
0.915735
1.07266
1.03178
0.891763
1.14628
0.907767
1.09369
0.940819
1.08789
0.958908
1.06524
0.89912
0.952882
0.847301
0.935741
1.07539
1.14598
1.06806
1.17995
1.02257
0.842675
0.875682
1.05715
0.942059
1.21214
0.988657
0.993658
0.87072
1.01139
1.05383
1.01101
0.937422
0.891605
1.02494
1.04109
1.04914
0.956951
1.0828
1.04931
0.968572
0.83076
1.04182
0.989326
0.864614
1.01275
0.993394
0.83012
1.10007
0.828594
0.976446
0.923727
1.23423
1.01086
0.931629
1.2618
0.962466
0.900569
0.806679
1.1159
1.04029
1.13959
1.09888
0.874847
0.881028
1.09473
0.857149
0.852584
1.0074
0.964398
0.93284
0.945921
0.888734
0.91175
1.18858
1.12607
1.02694
1.16719
0.816742
0.973514
0.827404
1.12092
1.08531
1.05404
1.10401
1.11344
0.969575
1.0062
0.882127
0.975852
0.943441
0.867027
1.08613
1.05007
0.887084
1.07517
0.833113
1.0911
1.04123
0.988254
0.997234
1.09644
0.993621
1.04666
0.894345
1.01577
1.0204
1.02945
0.89972
0.897043
0.822476
0.889242
1.05126
1.0074
0.98077
1.10859
0.998041
0.98084
1.08229
0.972658
0.978745
0.97174
0.818509
1.10332
0.969525
1.03853
0.963277
1.07071
1.18326
0.913309
0.990655
1.22838
0.886517
1.15942
0.768442
0.870484
0.902677
0.801466
0.969749
0.836191
0.994878
1.07337
1.07033
0.868249
1.12941
1.0205
1.1441
0.876487
0.898505
0.907151
1.08971
1.11957
1.00405
1.33662
1.03225
0.918154
0.89812
0.965839
1.05228
0.937851
1.06382
1.08792
1.0691
0.999427
0.978222
0.960035
0.871126
0.996617
0.950792
1.11791
0.916563
0.92185
0.825501
1.00905
1.15137
0.883203
0.99848
0.944364
1.07943
1.09545
0.984883
0.89263
0.815301
1.21537
1.05914
0.98798
0.862375
1.09059
1.03251
1.27878
0.953832
1.04599
0.998231
0.888884
1.15416
1.12834
0.904887
0.92699
1.1703
1.20023
0.846323
0.97395
0.856907
0.790889
1.08691
1.00444
1.11535
0.990528
0.92165
1.07937
1.10299
0.821719
1.10947
0.968531
1.09721
1.02882
1.04473
0.828675
0.91741
1.03345
0.902678
0.901615
0.936854
1.14904
1.06114
0.920089
1.09148
0.95289
1.22136
0.977896
0.833722
1.01701
0.99951
0.966899
1.07953
1.07861
0.97684
1.04539
0.86795
0.928892
1.04416
1.026
1.00033
1.06473
0.945115
0.959716
0.948069
0.950727
0.927488
0.941406
1.13193
0.836448
0.996139
0.876449
0.964553
0.848682
0.933897
0.935256
1.11395
1.08425
0.887662
0.965871
0.985214
0.921815
1.02237
1.00249
0.877616
0.894818
1.09037
0.893741
1.18923
0.855352
0.924742
1.00948
0.840553
0.971992
1.04025
1.03386
0.855644
0.981345
0.919318
1.03407
0.91061
1.0185
0.922606
0.913643
0.902732
1.04078
0.84326
0.815247
0.982026
1.06656
1.08174
0.896685
1.01994
1.02278
1.05501
1.0695
0.831396
1.0682
1.00159
1.20933
1.18026
1.12767
0.896683
1.14809
0.955305
0.864841
1.00221
0.954656
0.95243
0.906575
0.871874
1.09334
1.09962
0.987684
1.30456
1.00748
1.06239
0.962382
0.884092
1.08722
0.959585
1.10481
1.09557
0.917318
0.982644
0.910894
1.05341
1.034
1.07645
1.06629
1.10583
1.0718
1.02784
0.986596
1.21263
1.08864
0.954623
0.981015
1.0432
0.903116
0.986891
1.1137
0.922864
0.972471
0.9573
0.997808
0.956883
0.924806
1.01923
0.917447
1.10032
1.08142
1.00634
1.02082
1.00264
0.982211
1.02373
1.01553
0.943787
1.02359
0.960962
0.959641
1.1134
1.0905
1.05657
0.898017
1.03541
1.15044
0.916251
0.975282
0.995981
0.983461
1.15179
1.16664
1.08164
1.26928
1.08593
0.94179
0.920828
0.956811
0.950465
0.826361
1.11406
1.08142
0.964998
1.06459
1.19512
0.964281
1.09496
0.903279
0.931332
0.958703
0.842842
1.02341
0.928712
0.941971
0.959473
1.00247
1.09288
0.970947
1.06858
1.00835
1.09487
0.87485
0.856572
0.902112
0.976802
0.847363
0.951579
1.04279
0.984508
0.924004
1.02203
1.20948
0.978445
0.82836
1.14895
1.1504
0.85254
0.846558
0.939501
1.00991
0.845926
0.840756
0.856436
0.769173
0.997454
0.979397
0.983229
0.836396
1.07205
1.12478
0.938887
0.974375
0.953662
1.04277
0.832155
0.985416
0.968146
0.897344
1.15621
0.988666
0.898705
0.858814
1.0319
1.05224
1.20084
0.986302
0.995001
1.04518
0.854423
0.916928
0.999868
1.07465
1.14228
1.07083
0.869924
0.987927
1.07129
0.886158
0.84548
1.0382
1.11043
1.20754
0.95374
0.894139
0.953768
0.829883
1.0288
1.18471
0.946429
0.778794
1.17094
1.00063
0.930355
1.09305
0.991297
0.992716
1.058
1.06705
0.985395
0.967122
1.03753
1.05627
0.812027
1.08707
1.06964
0.994848
1.0473
0.892951
0.913357
0.894336
1.1204
0.905409
0.97398
1.05102
0.888631
0.947953
1.06658
0.885142
1.0581
1.03888
0.856103
0.879946
0.885402
0.981123
0.923831
1.0377
1.0516
0.827226
0.961649
0.943583
1.06437
1.01877
0.923678
0.97074
1.08694
1.12572
1.06978
1.02131
0.834207
1.10015
1.03037
0.85894
1.11513
1.1654
1.07232
0.974639
0.901812
0.813249
0.824247
1.03062
1.19549
0.831638
1.03019
0.918432
1.01236
0.787932
1.05421
1.03716
1.06521
1.09629
0.958001
0.984265
1.06797
0.98417
1.17258
1.22094
0.863766
0.970871
1.07058
1.13601
0.907052
1.11786
0.855601
0.955148
1.11111
0.968819
0.972172
0.945417
0.768245
0.910011
0.771352
0.941029
1.08621
0.90599
1.13781
0.868505
0.938187
1.09988
0.889589
0.917357
0.818735
1.06267
0.97746
0.928013
0.888798
0.899486
0.944388
0.868192
1.08277
0.998878
1.02744
1.05518
1.05663
1.14427
1.11817
1.01411
1.05623
0.969753
1.06545
1.09589
1.06889
1.08419
0.872694
1.0005
0.841622
0.93221
0.877814
1.0466
0.903567
1.03751
1.07228
1.13683
1.10749
1.22362
1.16228
1.15357
1.06259
0.801022
0.881199
1.14225
0.971301
1.00483
1.01337
1.09501
0.789234
0.940503
0.902207
0.957228
0.889995
1.04331
0.99361
1.05971
1.13556
1.04364
0.865307
1.03798
0.920386
0.909431
1.06353
0.96875
1.00761
1.02636
1.05785
1.00379
0.964696
0.960668
0.874212
1.06217
1.02415
0.927965
1.03592
1.01671
1.13939
1.03703
1.09296
0.875054
1.07772
0.951745
0.99125
1.12152
1.0491
0.918659
1.05797
1.11815
0.951232
1.00925
1.13096
1.05311
0.908399
1.10696
1.08117
0.943319
0.968682
0.856078
1.03236
0.884266
1.02161
1.00981
0.979218
1.03319
0.88937
0.885642
1.12708
0.98404
0.956429
1.17904
0.96992
0.853369
0.893375
1.04982
0.939308
0.91911
1.09327
0.922492
1.00889
1.08337
0.916927
0.945273
1.00933
0.963821
0.932891
0.976411
0.904935
0.911047
0.95487
1.0637
0.99375
0.92335
1.19603
0.894364
0.985134
0.963346
0.952946
1.0379
1.04017
0.914585
1.04472
0.929041
0.973539
0.866605
0.835378
0.920499
0.96976
1.04362
0.943018
0.97199
0.958219
0.925549
1.03395
1.19139
0.951256
0.981397
0.8643
0.996274
0.833345
0.989601
0.814696
1.00959
1.03058
1.00789
0.969383
1.02475
0.965702
0.956107
0.799784
0.739674
1.1535
0.889867
0.879104
1.07982
0.829091
0.922674
0.921605
0.939765
0.997385
1.07631
0.840595
1.05479
0.921144
0.940224
1.06677
0.953999
0.995763
1.08723
0.944528
1.14864
1.17176
0.9718
1.02685
0.869049
1.07621
1.07437
0.902635
0.947908
0.969226
1.0967
0.870861
0.949169
1.08497
0.910544
0.826058
0.94964
1.13116
0.928856
1.01931
0.832851
0.99464
1.08083
0.997784
1.04689
0.835954
0.987933
0.915507
0.860303
1.18286
1.04633
0.858712
1.00691
1.08202
1.14439
1.0264
0.965239
0.903888
0.860406
0.944384
0.955634
0.985489
0.964903
0.893858
0.990008
1.00081
1.07038
0.863499
1.02752
0.929395
0.914428
1.27086
0.821662
0.972801
0.959886
0.959712
0.909336
0.898514
0.978218
0.957078
1.03344
1.06571
1.26391
1.06454
0.944382
0.970261
1.03655
0.777253
0.951996
0.935663
0.950711
0.813672
0.885376
0.993128
1.01324
1.08574
1.1319
0.966256
0.913585
0.930262
1.08319
0.986974
1.06452
0.971385
0.976745
0.938609
1.04649
0.971357
0.93897
1.05261
1.06921
1.10231
0.94701
0.821207
0.869346
0.956896
0.849708
1.24738
0.881883
1.22159
0.80011
0.958474
1.14492
0.928925
0.940302
1.22995
0.970202
1.02852
0.802886
1.02304
0.981589
1.02079
0.966614
0.891769
1.05619
1.00776
0.952038
0.772821
0.750194
0.793623
1.12118
1.06812
1.02762
0.861688
1.03387
0.952578
0.950297
1.02756
0.942988
1.17548
0.778942
0.925768
0.862961
1.08602
1.00177
0.8607
0.982865
0.951935
1.12261
1.00054
1.01285
1.05807
1.07119
1.05596
0.931757
0.907368
0.959709
1.01695
1.09466
1.06683
1.01545
1.0592
1.03071
0.935193
1.18098
0.90765
1.11059
1.03986
0.935855
0.969604
0.995309
1.08827
0.767152
1.29524
0.903352
1.04823
0.971267
1.2214
0.924703
0.942485
1.03417
1.04647
0.844157
1.14312
1.20315
0.966282
0.848373
1.06381
0.857016
0.962651
1.42367
1.01884
0.879387
1.13077
0.910127
0.878568
0.919694
1.17801
1.17505
1.08531
1.04158
0.946148
1.19796
1.06166
0.813396
0.926162
0.947074
1.1775
0.853249
0.911216
1.09564
1.10888
0.958694
0.964333
1.03136
0.950483
0.923895
0.940046
1.03723
0.926392
0.877258
0.99824
1.01579
1.03582
1.07081
0.95904
1.08504
1.07949
1.01077
1.0216
1.05109
0.937701
1.1737
1.09753
0.983025
1.09149
1.13033
0.819513
0.857747
1.02436
1.04828
0.956818
1.11951
1.04245
1.02422
1.08802
0.928641
0.912413
0.896702
1.06211
1.12994
1.10163
0.897811
1.00205
0.962241
0.989709
1.10307
0.943673
1.0154
0.994547
1.12869
0.983708
1.03848
0.957606
0.900324
1.09874
0.965653
0.911972
1.01832
0.745182
1.0175
1.12073
1.18151
0.971943
0.973188
0.981665
1.03884
0.939354
0.97051
0.872184
1.04012
0.921273
1.05381
1.14578
0.953389
0.938305
0.726652
0.911534
0.959738
1.04016
1.10894
1.07563
1.14682
1.00724
0.880101
0.972287
0.806753
1.17426
1.01471
0.928345
0.926775
1.10161
1.08479
0.95209
1.14658
0.84338
1.00798
0.939744
1.02298
0.889979
0.99
0.822406
0.94226
1.07195
1.05148
0.968859
0.908259
1.04236
0.984567
1.0317
0.879513
1.11715
1.15325
1.15748
1.03618
1.08969
0.939946
1.09734
0.91557
1.01766
0.913809
0.902602
1.06133
1.1728
0.873759
1.19093
0.977053
1.22618
1.13606
0.977539
0.783315
0.883896
0.920911
1.04013
0.994662
0.873133
0.909994
1.0496
0.941664
1.21834
1.11541
0.92079
0.984454
0.839701
0.7496
1.04187
0.965097
1.1186
0.82393
0.94347
1.05563
1.11896
1.04753
0.934412
1.0668
0.95576
1.10378
0.901916
0.917702
0.953756
1.13571
1.25123
0.851228
1.0461
0.945434
0.775555
0.940329
1.13888
1.10092
0.863723
0.990693
1.22945
1.10409
0.893896
0.901921
0.85777
0.908269
1.04959
0.947121
0.96748
0.910452
1.0383
0.938639
1.07989
1.12502
1.03463
1.1218
1.01864
1.1233
1.05701
0.978398
1.07414
1.02621
0.896275
0.861097
0.836191
1.10773
0.861251
0.923013
0.888532
1.13311
1.09194
1.08106
0.939833
1.06683
1.09981
0.963378
0.828229
0.876497
1.0162
0.831931
0.951133
1.01598
0.957943
1.01103
1.04742
1.13066
0.968022
1.01256
0.986555
1.03138
1.08384
1.05145
1.00263
0.912105
0.938691
0.779109
0.949906
1.11658
0.967272
1.12573
0.752288
1.10513
1.09279
0.946002
1.1377
1.04074
1.06241
0.946105
0.931743
1.05342
0.788417
0.933759
1.00751
1.00512
1.04099
1.01854
1.14141
0.978679
0.927687
1.09028
0.883415
0.993586
0.950283
1.10799
0.856352
1.10592
1.00753
0.97838
0.915428
1.14834
0.914223
1.06719
1.11412
0.884868
0.890744
0.991536
0.90672
0.940137
0.942894
1.04175
0.929791
0.934834
0.863435
0.984349
1.07259
0.927179
0.955141
0.813743
0.96147
0.956452
1.1231
0.99661
1.10818
0.991893
0.823149
1.075
1.14464
1.12548
1.05523
1.06439
0.897741
1.09197
1.01235
0.866733
0.98952
0.884638
1.15541
1.04452
1.08364
1.01699
0.892586
1.0313
1.13516
0.880327
1.15642
1.02634
0.929354
0.81641
1.04861
0.853014
1.03078
1.13396
0.835125
0.882244
0.955329
1.14933
1.01979
1.02591
1.07956
1.02657
1.01744
0.888294
0.994296
1.05351
1.09604
0.843436
1.10307
1.11983
1.01625
1.14582
0.796348
0.952943
1.26995
1.04928
0.946579
1.07792
0.917168
0.892223
0.880102
0.92658
0.925591
1.06267
1.07842
1.04151
0.884399
0.861007
0.975733
0.981327
0.970929
0.962757
1.1339
1.0353
0.996206
0.962186
0.958245
1.01237
1.12102
0.895932
1.18595
1.0649
0.951026
0.77505
1.03294
1.01581
0.890632
0.942146
0.905656
1.16384
0.980312
0.836763
0.972663
1.0393
0.954786
1.13426
1.07621
1.09977
0.94708
0.884067
0.992681
0.991818
0.889964
1.08423
0.789287
0.909115
0.977625
0.996139
0.950489
1.05427
1.06619
1.00507
0.916835
0.693284
1.08181
1.03844
0.855378
0.911532
1.01101
1.10943
0.963284
0.978996
1.02143
0.962633
1.15354
0.865028
1.04326
1.0177
0.908557
0.871171
0.830949
0.919281
0.898454
0.981559
0.90662
0.909501
0.900898
0.957612
1.01505
1.04489
1.10569
0.824113
0.856451
0.86543
1.1555
1.12136
1.09942
0.856579
1.04515
0.876979
0.924736
0.992272
1.05777
1.01482
0.948842
1.0143
0.87149
1.04963
0.959142
1.15041
0.93897
1.04285
0.961478
0.915258
1.04458
1.24656
0.995516
1.00083
1.07259
1.04945
0.945805
0.817113
1.02276
1.07492
0.953101
1.00795
1.13073
1.14181
1.01499
0.870819
0.834354
1.02106
0.910137
0.99033
0.902036
0.918264
1.07725
1.06176
1.07813
0.962141
1.02245
1.02582
1.09939
0.937215
1.1412
1.00021
0.953922
0.953628
0.936334
0.972107
0.85101
0.921587
0.930013
0.870239
1.00022
1.03784
0.890605
1.10033
1.14533
0.952986
0.946884
0.861252
0.992106
0.98668
0.919278
1.14381
1.20627
1.19816
0.944406
0.886421
1.03102
1.0027
0.961393
1.09167
1.04449
1.02182
1.06531
1.1277
1.31957
0.936146
1.17309
1.17201
1.06526
0.990933
1.13942
1.13652
0.95471
0.9193
0.987893
1.07989
0.863926
0.974508
1.00431
1.10895
0.905882
0.976488
0.856206
1.08801
0.959605
0.949456
0.973713
0.957445
0.928873
1.2219
1.08024
1.03012
0.948254
1.11385
0.912401
0.878514
0.873175
0.927714
1.01476
1.15539
1.18443
1.11442
1.22171
1.025
0.947059
1.08437
0.990319
0.985847
0.968897
1.01128
1.09438
0.849368
0.960615
1.08235
0.890878
1.0898
1.02044
0.916002
0.854274
1.04057
0.994133
1.07325
1.05841
0.792488
0.94497
0.994038
0.944668
0.90222
0.932823
0.907775
0.838123
1.06389
0.864942
0.86276
1.10095
0.880026
0.980195
1.02191
1.26046
1.028
1.02877
0.985817
1.16062
1.03536
1.10663
1.0941
1.20503
1.08687
0.981394
1.20519
0.962484
0.852899
0.904427
1.03046
1.18553
1.17226
0.961864
0.800054
1.122
1.09421
1.00802
1.14075
0.824539
1.02067
1.01392
1.10336
1.05818
1.09581
0.970329
0.907971
0.941849
0.881145
0.979198
0.911441
1.09765
0.918849
1.10229
0.953916
0.976681
1.1665
1.05453
0.988163
1.06272
1.1041
1.15928
0.942312
0.89874
1.03548
1.02145
0.924048
0.963517
1.06866
0.929017
1.04111
0.944839
0.874188
1.10058
0.912064
0.938908
0.976486
0.930643
0.873192
1.04616
0.964643
0.949921
1.08091
1.11725
0.895691
1.09818
0.950942
0.954643
1.01949
1.03526
1.13893
1.00192
0.989732
1.02389
1.01799
0.787683
1.04815
0.869434
0.808757
0.986599
0.903654
1.04684
0.924159
1.18103
1.02329
0.99367
1.13528
0.977609
1.06944
0.937428
0.917694
1.0439
1.04455
1.02413
0.999952
1.08671
0.871259
1.03044
0.92193
1.14143
1.11616
0.893454
0.856549
0.903201
0.967299
0.914249
0.803353
1.01225
0.909339
1.26628
0.83263
1.00664
0.972682
1.11095
0.978743
1.02044
0.956157
1.187
0.926861
1.09321
0.884357
0.858402
1.17628
0.910188
0.971123
1.01344
0.93662
0.992907
1.21746
0.869431
0.866451
0.920639
0.856015
0.906196
1.03259
1.09413
1.01762
0.762583
1.0242
1.22495
0.965561
0.939643
1.11287
1.00326
0.969522
1.04016
0.967785
0.945814
0.980746
1.08429
0.987042
1.21625
1.00469
1.00112
0.979967
0.913278
1.00911
1.11162
0.968898
0.98624
0.920264
0.935025
0.925034
0.947655
0.859246
1.04646
1.09121
0.952393
1.1441
0.969408
1.01834
1.0119
1.02694
1.02004
1.0259
1.00832
1.03391
1.14818
1.30316
0.98555
1.00609
1.06089
0.96264
0.913709
0.850337
0.888922
1.05783
0.659035
1.10327
0.995086
1.06637
1.0655
0.970609
1.04485
1.01623
0.999663
0.896825
1.05225
0.987492
0.960576
1.01525
0.954278
0.9927
0.894066
0.895601
0.924743
0.97636
1.16176
0.997581
1.08242
0.895216
1.07193
0.908571
1.0102
1.10005
0.875267
1.04111
1.05564
0.860309
1.00957
0.991004
0.87743
0.983272
1.0768
0.908578
0.96356
1.05848
0.991034
0.94134
0.962213
0.976017
0.887421
0.996855
0.931147
1.04149
1.0771
0.994519
0.940014
1.04319
1.08129
1.00903
1.23477
1.20868
1.11551
0.999017
1.16373
0.981892
0.886138
0.965752
0.989791
1.05416
1.04814
0.9204
1.00031
1.08288
1.13021
1.08446
0.967683
0.942832
1.06166
0.954758
1.01073
0.969545
0.949462
0.778181
0.980705
1.15574
0.920129
1.19069
1.02173
0.917063
1.06908
1.0833
0.7825
1.11109
1.25128
1.04132
0.920392
1.06452
0.938596
1.03525
0.908556
0.916694
1.08773
0.925425
0.909381
0.818861
0.947834
0.998875
0.953199
0.944521
0.982175
0.910303
1.31035
1.11321
0.961359
1.09076
0.995646
1.06555
0.950121
1.05443
1.03382
1.05166
1.11872
1.128
1.05741
1.00228
1.21295
0.909716
0.848393
1.02191
1.00387
0.917528
1.02671
0.95124
1.03458
0.994808
0.955264
1.11232
0.981008
1.10897
0.936748
0.980329
0.925519
1.06458
1.1596
1.07573
1.05485
0.99571
0.926784
0.928247
1.04464
0.857665
0.866304
1.04204
0.979976
1.05991
0.895781
1.10408
0.950858
1.01081
0.993944
0.978073
1.03538
1.02629
0.993086
1.18424
0.918211
0.908302
0.916982
0.914635
1.06519
1.01979
0.951607
1.13238
1.13253
0.904092
1.05552
0.884542
1.00625
0.930228
0.992876
0.959348
0.939349
0.92233
1.12369
1.10483
1.01364
0.981888
1.05857
0.940563
1.16225
0.87093
0.865207
1.11267
0.871209
0.895358
0.988364
1.00787
1.00146
0.836307
0.80495
1.05402
0.90733
0.980813
0.88847
1.01501
0.942911
0.982606
0.97999
1.15498
1.11667
0.918722
1.07397
0.989606
0.857683
1.12822
0.978429
0.94679
1.05357
1.0733
1.03982
1.09306
1.02133
1.02372
0.898245
0.9554
0.885741
1.00914
1.0062
0.873914
1.21964
1.12531
1.0213
0.93666
1.0406
1.00416
0.997065
1.16357
0.94419
1.00267
0.904442
0.940837
1.00833
1.00003
1.0883
1.00297
0.953759
1.06972
1.05257
1.0083
0.9815
1.038
0.969752
0.889862
0.994494
0.994526
0.872306
0.790634
1.10363
0.930965
0.967726
0.975815
1.09261
0.939506
0.775013
1.14754
1.143
0.982212
0.981377
0.871471
0.87773
0.947449
0.971855
0.993563
0.984911
0.970016
0.920113
0.892623
0.962077
1.16733
1.02476
1.07032
1.07575
0.975932
0.970885
1.13308
1.04565
0.805878
1.02097
1.0981
1.01839
0.993456
1.07017
0.850762
0.94881
0.957244
0.931211
0.949753
1.07064
0.873056
1.02824
0.977711
0.886395
0.984013
1.13956
1.10415
0.976738
0.840753
0.955551
0.983036
0.952692
0.936262
0.961212
1.02501
1.12033
0.95346
0.952036
1.0466
1.28264
0.927631
0.838572
0.883413
0.886315
0.937614
1.13454
1.04632
1.02739
0.913057
0.956653
1.07806
1.05853
0.967678
0.809816
1.08445
0.923851
1.05835
0.849835
0.984852
0.919769
0.917872
1.15221
1.09449
1.07509
1.0609
0.957547
1.11816
0.933102
1.06952
1.00866
1.03423
0.989427
1.03494
1.25351
0.936675
0.967075
1.0616
1.05699
0.937933
0.998899
0.974883
0.935906
0.986885
1.03353
1.19695
0.902064
1.02394
0.899886
1.06252
1.04633
1.135
1.16682
1.08267
1.03119
0.94789
0.946504
1.03243
1.13308
0.989038
0.981203
1.07668
1.14347
0.883419
0.850428
1.03591
0.936502
0.821834
1.19366
0.863079
1.15529
0.977873
1.05097
1.09909
1.05287
1.15566
1.03093
1.07846
1.02796
1.06386
0.884964
1.19999
0.921546
0.823069
1.11038
0.890038
1.09423
0.974106
0.841129
1.07713
1.12675
0.928442
0.962928
0.980372
1.18328
1.0873
1.07367
1.13543
0.830938
0.949585
1.00788
0.767265
0.993926
1.17023
0.915808
1.06523
1.04536
0.837492
1.18777
0.974868
1.15413
1.0372
0.983521
0.97771
0.872344
1.043
1.03682
1.02939
0.994598
1.05073
0.881516
0.860353
0.915045
0.960695
0.981326
1.01943
1.03317
0.993615
0.848052
1.05721
1.00871
1.00853
0.869225
0.913887
1.21764
0.943372
1.11589
0.948667
1.08968
1.00065
1.20438
1.02354
1.15654
1.04079
1.06253
1.01377
1.02056
1.11595
0.746152
1.07623
0.975793
1.03223
1.08198
0.991589
1.00141
1.02438
1.03242
0.841194
0.940428
0.99323
1.30589
1.02769
1.05628
0.889644
0.96204
1.1407
1.01777
1.02574
1.10596
0.934271
0.787272
0.994509
0.912094
1.13457
1.07589
0.90756
0.997262
1.04966
0.975614
0.924772
0.9164
0.996519
1.04499
0.995557
0.90778
0.833309
0.984469
1.06242
0.996189
0.938592
1.14356
1.18137
1.08979
0.911376
1.07822
0.882739
1.09114
0.800665
0.927524
1.07758
0.875464
0.963264
0.992795
0.974827
1.16802
1.01198
1.11981
0.879752
1.06138
1.06538
1.04702
1.00029
0.975648
0.779906
0.909405
1.10878
1.1517
1.10315
1.04018
0.901223
1.0119
1.04873
1.07899
1.07823
0.853384
0.922629
1.10185
0.999979
0.948631
0.993746
0.822775
1.07545
1.00744
1.00155
1.03868
1.19824
1.00743
0.7898
0.994795
1.05248
1.06747
1.13718
1.06228
0.940925
0.962587
1.04824
0.843883
1.05115
1.02483
1.07365
0.917571
0.974146
1.0294
1.02474
0.982827
1.13387
1.3129
0.889417
1.09032
1.0888
0.95317
1.17802
1.12224
1.12725
0.925838
0.809077
0.924899
1.19198
1.05554
0.958715
0.909274
1.18137
1.00314
1.07041
0.975044
1.1357
0.828927
0.930636
0.968843
1.00487
1.01361
1.12349
1.04418
1.01312
0.936908
1.07195
1.18627
0.945851
1.16548
1.00817
1.13669
1.05773
0.889218
1.18356
1.00269
0.980309
0.957216
1.01258
1.01214
1.04391
1.07131
0.852903
0.853602
1.02895
1.00617
1.05697
0.992222
0.953946
0.907632
1.06826
0.985494
1.01902
0.835769
1.03145
1.23208
0.827948
0.931032
0.968947
1.13431
1.01152
1.03108
1.05337
1.01403
1.08518
1.08207
1.26999
1.03918
0.975729
0.871577
1.04308
0.908186
1.13974
1.00196
0.936219
1.0436
0.995128
0.970931
0.977848
1.02675
0.933165
1.0381
1.00939
1.03264
0.812634
0.946708
1.02327
0.874049
0.876213
0.853004
1.18897
1.09975
1.16267
0.912091
1.0892
0.77647
0.920452
0.945473
1.02982
1.04934
0.916989
1.04023
1.16669
0.875396
0.953569
0.844382
1.03266
0.971338
0.907896
1.05419
0.897363
0.815692
1.17591
1.05488
0.98436
1.04009
0.924552
0.92443
1.07346
0.942
1.01876
0.972789
0.862793
0.81204
1.09224
0.936619
0.969351
0.897586
0.981008
1.01839
0.743504
1.02506
0.979601
0.907639
1.11498
1.00869
0.971193
0.941877
1.01075
1.07312
0.911831
0.989124
1.0116
0.984813
1.18254
0.956357
1.00744
0.916277
0.92564
1.15163
1.13396
1.08847
1.04203
1.21981
0.966275
0.994437
0.943561
1.24184
1.01653
0.999516
0.94463
0.888704
0.975225
0.990396
0.917047
0.827965
1.07696
0.961445
1.16087
0.918714
0.976694
0.952732
1.18247
1.00394
0.933236
0.988422
0.831477
0.956876
1.03862
0.931873
0.966267
1.00257
0.969024
0.888283
1.14643
1.06134
0.918527
0.958767
1.06738
0.870456
1.09844
1.25911
1.10278
1.03795
1.23113
1.03411
0.896013
0.936434
0.993899
0.866535
0.913713
1.07532
1.0267
0.923343
0.803232
1.11194
0.925877
0.936166
0.96202
0.972599
1.05123
0.93783
0.892957
1.00606
0.96837
0.896378
0.851205
0.915236
0.955001
0.950404
0.998198
1.03178
0.955171
0.9046
1.03847
1.04965
1.0746
0.894663
0.83644
0.841539
0.775528
1.03174
0.921236
0.880178
0.932397
0.947432
0.838286
0.947266
1.15159
1.09372
0.763211
0.906954
0.982265
0.996565
0.952844
1.02789
0.997802
0.833968
1.2243
0.992424
1.02902
0.923442
0.850468
0.914222
0.941739
0.930054
0.998516
1.08911
0.999485
1.12033
1.0811
1.18597
0.767198
0.951725
0.912704
1.02438
1.09756
0.961584
0.961533
1.02684
0.863
1.00523
1.05698
0.960393
1.02127
0.989228
1.00264
1.0436
0.839145
1.00852
1.00202
0.988342
0.975132
0.812339
0.856197
1.08555
1.05516
1.07583
0.934752
1.08857
0.914877
0.995415
0.956586
0.994829
0.897
1.00976
0.993109
1.12995
1.06166
0.862325
0.966373
0.991793
1.02414
1.14882
0.923456
1.01989
1.0312
0.884405
1.12626
0.880311
1.01733
0.89313
0.967706
1.00388
0.987933
1.05398
0.866478
1.16397
0.964274
1.12218
0.848938
0.924397
1.18042
0.898566
0.950667
0.823102
0.956099
1.05178
0.849807
0.995451
1.04108
0.986583
1.06474
0.948032
1.2081
1.05053
0.818849
0.914408
0.818165
1.1174
1.00844
0.948724
1.03248
1.05263
0.965553
0.870993
1.13448
1.09982
0.929231
0.989448
0.918956
1.13949
0.972453
0.864042
0.947052
0.985131
0.925238
1.00015
1.03904
1.01879
0.862415
1.09779
0.92124
0.931842
1.01268
0.995353
0.927446
0.941689
1.07078
0.911319
1.15234
1.16669
0.974028
0.869186
1.07594
0.89423
0.87616
0.989553
1.12554
1.05684
1.1018
0.965501
0.954159
1.15845
0.987583
0.872586
0.962638
1.06023
0.788936
0.991949
1.1505
0.996004
1.04926
0.967018
0.83661
1.04457
1.11896
1.01003
0.965603
1.08307
1.0757
1.01494
0.964838
1.06811
0.983593
0.967726
0.941556
0.831888
0.975903
0.980918
0.76763
1.0174
0.972413
1.15942
0.948782
1.06826
1.03591
1.03353
1.19008
1.11853
1.09515
1.09251
1.17514
1.04099
1.09849
1.09699
0.891014
0.9554
0.867612
1.02609
1.07045
0.968563
1.12093
0.925525
0.952454
1.05558
0.829857
0.981679
1.06364
0.89775
0.831634
0.981496
1.02992
1.01585
1.03426
0.933424
1.04627
1.00457
1.19256
0.872813
1.03127
0.88376
1.03002
0.891239
0.930761
0.834258
0.824353
0.777429
0.820178
1.10939
1.0041
0.977463
1.24028
0.98952
1.10111
0.944751
0.885733
0.987351
0.855818
0.958958
0.977353
0.81338
0.893056
1.02267
0.921526
0.951778
0.990438
1.02169
1.04991
0.793223
0.723202
0.92284
0.798983
1.019
0.947426
0.940066
1.19022
0.963858
0.926508
1.00933
0.896839
1.04732
0.970977
1.148
0.874542
0.831168
1.02637
1.10272
0.959196
0.962975
0.947774
1.12305
1.21483
1.07882
1.07491
0.952439
1.16818
1.09876
0.931717
1.11228
1.11707
0.953668
1.13623
1.00795
1.01598
0.987979
1.0966
1.0059
1.17476
0.894752
0.923028
1.07497
0.886605
0.901508
1.00599
0.862312
0.987228
0.960383
0.995619
1.00566
1.21114
0.861717
0.930167
1.18961
0.939807
0.957199
1.05599
1.00723
0.997441
1.03503
0.969412
0.875986
0.853005
1.05782
0.948092
1.01685
0.928285
1.07203
0.883503
0.951698
0.960933
0.947042
1.15761
1.00483
0.83029
1.01684
1.19614
0.921942
1.07109
1.07894
1.16796
0.931461
1.00023
1.20329
0.851189
0.878375
0.780731
1.00253
0.891736
0.879409
0.960891
1.19075
1.05385
1.11571
1.06223
1.13372
0.970447
1.21567
1.00334
0.873525
1.11532
0.960446
1.03452
0.987112
0.925815
1.02018
1.00127
1.05439
1.07151
1.26014
0.919999
1.04762
1.0096
0.973297
1.10647
0.988701
0.982593
0.959544
0.868222
0.999299
0.856017
1.04028
0.910296
1.01272
1.03318
0.831796
0.922691
0.966464
0.98944
0.815794
0.882211
1.00871
0.837612
0.904324
0.979508
1.01742
1.05624
1.04891
1.01154
0.999886
0.995544
1.04709
1.22341
1.05158
1.00358
1.0316
1.1383
1.07904
1.01177
1.21881
1.13049
1.16937
1.10602
1.05108
1.09616
0.891552
0.910117
0.952497
1.09887
0.924227
0.933576
1.02045
0.912318
0.904037
1.04064
0.952513
0.970279
0.972265
0.952126
0.915141
0.805271
1.02786
0.915911
0.988532
1.14319
1.12008
1.01483
1.09239
0.723586
0.89276
0.970798
1.09769
0.924997
0.979097
1.09332
1.04353
0.982925
0.888338
1.0541
1.04002
1.10243
0.993632
0.873771
0.892112
0.958755
0.916798
0.997826
0.97016
0.980977
1.09394
0.723836
1.03157
0.98311
0.911534
0.816776
0.951722
0.892915
0.979554
0.932481
1.10288
0.784991
1.07706
1.0854
0.878852
1.05542
0.915291
0.840375
1.02191
1.03042
1.1546
0.968965
0.861894
0.906137
1.00167
0.815614
0.966463
0.891016
1.18542
1.00189
1.00528
1.06204
0.952576
1.00874
0.959228
0.959486
1.17849
0.853539
0.901766
1.01769
0.906208
1.01452
0.795461
0.999282
0.911115
0.840772
1.02098
0.8845
0.949781
1.03788
0.888014
0.956522
0.989873
1.01452
0.811174
1.2137
0.7779
1.01743
1.03562
1.01371
1.10494
0.809149
1.08024
1.24198
0.86483
1.0731
0.923114
1.18242
0.985517
1.01404
1.02176
0.908808
0.999531
0.963238
0.927073
0.954559
0.787247
1.00142
1.10626
1.07144
1.10047
1.10425
1.10072
0.906292
0.948094
0.982533
1.04785
1.03169
0.949359
0.851393
1.03595
0.843306
0.91938
1.05119
0.997924
1.1489
1.09594
1.06848
1.13149
1.07987
1.10182
0.825221
0.89832
1.02014
1.06432
1.03147
0.977301
1.06637
0.902137
1.14659
0.918921
0.983193
0.946841
0.918938
1.06129
1.07675
0.98125
0.939014
1.07947
0.936954
0.962595
1.16566
0.832516
1.05343
0.926157
0.894549
0.99857
0.944979
0.987744
0.933695
1.03106
0.985235
1.0202
0.792129
0.946121
0.966936
1.22808
1.02191
1.22335
1.00653
0.952072
1.10218
0.983946
1.10838
0.867839
1.08717
0.899407
0.935022
1.0634
0.950879
1.01315
0.930643
1.00689
1.00485
1.1901
0.953693
0.917768
0.968406
1.06139
1.08655
0.924914
0.936443
1.12392
1.12487
1.02027
0.940805
0.996716
0.969003
0.858104
0.915048
1.02485
1.14544
0.957292
0.951914
0.844219
1.06772
1.15214
1.03568
1.00569
0.864263
0.806018
0.919596
1.25231
1.02949
1.06006
0.992307
0.897067
1.04449
0.931205
0.840254
1.09534
0.977935
1.02917
0.862525
1.00087
0.863886
0.880649
0.994349
1.02358
0.999436
0.871376
1.06178
0.931361
0.934231
1.08259
1.02318
1.25197
1.14595
1.00534
1.16472
0.812603
1.11364
0.819311
1.04196
0.869381
1.10559
0.932877
1.05998
0.959028
1.01487
0.908326
1.25006
1.0043
0.822302
1.20179
1.13681
0.858903
1.01846
0.946724
0.951995
0.999039
0.837483
0.893651
1.05373
1.14725
0.821388
0.874417
0.957455
1.12702
1.06609
1.10775
0.886685
1.23439
1.05289
1.0107
0.999693
0.766346
1.04071
0.869473
1.00325
1.07199
1.11287
1.00471
0.89466
1.05262
1.05728
0.884991
0.876316
0.958156
0.953544
1.14199
0.883221
0.937002
1.00118
1.09792
1.068
0.835044
1.08413
0.849462
0.925809
0.95533
1.08586
1.18168
0.98172
0.941971
1.02003
0.960045
1.07891
1.2392
1.20298
1.13818
0.959219
0.851428
1.00804
1.0524
0.822474
0.9973
0.964207
0.871212
0.876949
0.894191
1.01028
0.895863
1.07576
1.03468
1.04849
0.926289
1.20073
1.16232
1.10728
1.21708
1.05621
0.953201
1.08381
0.930288
1.03286
1.0239
0.8236
1.15291
0.974084
1.04503
0.959784
1.00358
1.03086
0.957794
0.987924
1.13174
1.16733
1.09018
0.950644
0.978898
0.955541
1.02448
1.07214
0.884612
0.944429
0.917256
1.0708
0.868286
0.946622
1.03087
1.08009
1.07167
0.90465
1.0143
1.15798
0.95244
1.01611
0.889034
1.13263
0.985139
0.914536
1.10044
0.995849
0.82824
0.921746
0.859696
1.03826
0.845016
1.02209
1.0257
1.17727
1.06113
0.994707
0.90219
0.95259
0.967166
1.07884
1.03656
0.884715
1.21353
0.914581
0.839013
0.998836
1.05085
1.03857
1.01992
0.933378
1.04506
0.919637
0.899682
1.12961
0.855822
1.06652
0.857921
0.966579
1.19601
0.88519
0.9168
0.944568
1.03892
0.930718
0.961976
1.07012
0.985071
0.895249
1.04065
0.999943
1.01013
0.941572
1.1458
0.836192
0.978162
0.938536
1.12937
0.984288
0.915515
1.0409
1.00067
0.903867
0.985864
0.954831
1.07487
0.848193
1.04479
1.14488
0.852134
0.937962
1.08144
0.991172
0.932289
1.10287
0.958943
1.04529
1.12842
0.968653
0.885434
1.00188
1.07048
0.982402
0.949102
0.910529
1.06171
1.0906
0.965863
0.997991
0.887045
0.924706
0.757926
1.21754
0.915542
1.16254
0.844673
1.11739
0.863612
1.18616
1.42425
0.892855
1.06484
1.04663
1.16812
1.03043
1.05487
1.12044
1.18207
0.910622
1.22917
0.875458
1.06097
1.04087
1.05299
0.921693
1.10626
1.03228
1.09604
1.11531
0.937975
1.13813
1.07523
1.18886
1.13355
1.15067
1.16425
0.870695
1.11448
0.880186
0.982745
0.992588
1.10531
1.02936
0.921541
0.890193
0.97921
1.03085
0.994165
1.09521
0.897708
1.02505
1.18351
1.01081
1.20152
1.14771
1.14885
1.07203
0.88301
0.995377
0.993022
0.883071
0.994015
0.849211
1.01433
0.980088
1.1001
0.915464
0.947599
0.934617
0.811704
0.980838
1.09569
1.15316
1.02849
0.951135
1.03254
1.07831
0.887028
1.0597
1.02034
0.968641
1.10464
0.984429
0.947707
0.90146
0.905277
0.819675
1.10694
1.08796
0.870237
1.02773
0.795824
1.18154
1.12535
0.923046
1.01616
1.06191
0.918236
0.861646
1.02622
0.872505
0.969223
0.995616
1.10352
0.924557
0.957166
0.977032
1.04111
0.989068
1.01272
1.03325
1.09299
1.03327
0.93557
1.02725
1.0156
0.941023
1.09737
0.839306
0.949809
1.18581
0.848968
0.84296
1.01216
0.976518
1.43438
1.01702
0.925333
1.00984
0.890848
0.955716
1.09674
0.896638
1.02506
1.19599
1.002
0.967344
1.06181
1.04016
1.11426
0.942952
0.841487
0.975726
1.04624
1.21065
1.02867
0.746474
0.945487
1.07783
0.861443
0.960495
1.0921
0.870293
1.04109
0.973778
1.22652
1.04851
1.0156
1.00894
0.975398
1.08166
1.07183
1.13229
1.0306
1.09829
1.0879
1.12026
0.986389
0.794193
1.02275
0.985993
0.918859
0.888997
0.929029
0.946602
0.773832
0.931375
1.02495
1.06874
0.972167
1.0142
1.19104
1.17225
0.902985
1.13508
0.882782
0.983646
1.12165
1.03114
1.03002
1.14386
0.892391
0.996633
0.931314
0.957359
1.06188
0.862594
0.851669
0.890895
1.10449
0.948097
0.987671
0.826882
1.00976
0.855027
1.26477
0.91597
0.979394
0.946768
1.0407
0.926601
0.998822
1.03872
1.01104
0.93152
0.971702
0.936117
0.92653
1.10318
0.87975
0.901551
0.969951
0.913983
0.979001
0.945048
0.696559
1.09258
1.07917
0.854329
0.961431
1.1669
0.890269
0.938048
0.870728
0.830244
1.07579
0.975093
1.11573
1.03693
0.915394
1.09284
1.14036
0.952077
1.09614
0.875353
0.915634
0.885908
1.06172
1.14815
0.798924
1.00686
0.944309
1.18449
1.11682
0.881602
0.930156
0.986649
1.11222
0.957392
0.904202
0.873339
1.10549
1.06932
1.23636
1.08906
0.922554
0.947378
1.04984
1.00104
0.823466
0.890399
0.962347
0.889218
1.0289
1.00196
0.877977
1.06968
0.79837
1.06787
0.932023
0.866296
0.951319
1.03748
1.16574
1.28654
0.856318
0.949183
0.988034
0.924257
1.35206
0.908531
0.961105
0.834196
0.953224
1.03214
1.04287
0.911964
0.993099
0.992221
1.03836
0.956507
0.966996
1.02244
0.85473
1.0086
0.825005
1.01687
0.970587
1.11811
0.893783
0.910501
1.0123
1.04745
0.9156
0.87777
0.987689
1.16841
1.04187
0.889277
1.0078
0.999995
0.848036
1.08735
1.02808
0.927088
1.24678
0.915051
1.07892
1.03146
1.15202
0.968526
0.940753
0.931758
0.961819
0.923435
0.862627
0.853954
0.960759
0.887044
1.0078
0.937916
0.859628
1.08861
0.897685
0.958103
1.1612
0.997087
0.86414
0.981084
1.00082
1.14499
1.13607
1.02046
0.990025
0.960782
0.988776
0.896785
0.874371
1.08016
1.03409
1.11441
1.00777
0.932789
1.07735
1.05745
1.00157
0.96357
0.907725
0.943265
1.03032
0.927492
0.937503
1.01894
1.04411
1.05993
1.09034
0.98944
1.04647
0.927439
0.882237
0.921481
0.978296
0.8279
1.06797
0.994079
1.06782
1.07612
0.917679
1.02019
1.16422
0.907132
0.867783
1.04377
1.01389
0.936229
0.996728
0.878683
0.853142
0.906469
1.27705
0.957175
0.983044
0.863102
1.00788
1.06319
0.953871
1.14765
1.05909
0.959369
1.00806
1.0622
1.07614
0.853332
1.07421
0.843979
0.958929
1.16197
0.948031
1.10934
0.890142
1.074
0.88672
0.932076
0.976942
0.931684
1.19523
1.00495
1.14241
1.1971
0.72773
1.08017
0.907835
0.927025
0.738362
1.11945
1.09072
1.24472
0.939802
1.05419
1.16513
0.840037
0.843213
1.03795
0.940405
1.09508
1.07909
1.00934
0.900802
0.912578
1.0629
0.738476
1.01027
0.931723
0.770107
0.967143
1.08298
0.908749
1.11671
0.865833
0.947171
0.907932
0.962922
0.939987
0.880468
0.971758
0.951747
0.946759
1.09636
1.00507
1.19452
1.02744
1.194
0.976931
1.17672
1.05657
1.04253
0.94375
1.01201
1.26441
1.19985
1.01455
1.19476
1.06765
1.15344
0.935078
1.12963
1.01993
1.06553
0.955145
1.20051
1.01363
1.04244
0.886295
1.18408
1.18843
0.995286
0.91347
0.946045
0.89907
1.15076
1.13907
0.99718
0.916784
1.07449
1.09066
0.982054
1.01835
0.821001
1.00863
1.01058
1.08161
1.11137
0.825546
0.838947
0.775113
0.970576
0.838457
1.08753
1.25043
0.982135
0.924983
0.925992
0.855146
0.819248
0.947349
0.971868
0.976238
0.955074
0.996705
0.974098
1.20454
0.961221
1.01437
0.990831
1.32304
0.968181
1.01889
0.848715
0.93538
0.902027
0.742883
0.857429
1.01124
0.986054
0.865001
0.974983
0.943045
1.07377
1.07203
1.15104
1.0163
1.16793
0.875922
1.01319
0.919353
0.948463
1.00194
0.870674
0.928394
1.05958
1.14208
1.15661
0.900396
0.982201
1.07675
1.04726
0.952312
0.912212
0.857151
1.12031
1.0403
1.17711
0.840357
0.966622
0.96351
0.882451
1.16583
1.02538
1.20682
1.06679
1.03982
1.09852
0.789217
0.979587
1.00523
1.04613
0.865433
1.0866
1.10899
1.0419
0.960714
0.977049
1.04152
0.931338
1.06683
1.0426
1.03759
0.993695
0.994411
1.09865
1.01519
1.11276
1.18436
0.933384
1.02633
0.983852
0.938321
1.01513
1.00324
0.982674
0.983473
1.25924
1.02869
1.27805
0.797458
0.927391
0.955654
0.969018
0.926747
1.01359
0.845906
0.944493
1.06726
0.967454
1.11357
1.18362
0.95633
0.861135
0.97358
0.895638
0.718457
0.934541
0.950552
1.18635
0.840137
0.976568
1.14938
1.06532
0.93841
1.20538
1.09612
1.017
0.937747
1.038
0.998161
1.0812
0.929137
1.01202
0.927799
1.04586
1.05149
0.974937
1.13835
0.902309
1.06393
1.19534
1.09696
1.0376
1.23003
1.05874
0.940686
0.739008
1.09136
1.14663
1.00573
0.779917
1.00854
0.963753
1.04884
1.08121
0.919525
0.970403
0.83717
1.0439
1.00874
1.06426
1.01439
1.10755
0.992141
1.05633
0.94295
1.00524
0.865691
0.681938
1.29072
0.990831
1.08025
0.883332
0.965651
0.782586
0.99218
1.12974
0.966634
1.09451
1.0952
1.05236
1.04635
0.988509
0.903118
0.839089
0.949671
0.984859
0.866734
1.0287
1.02194
0.938567
1.00682
1.15303
1.02855
1.04711
0.981592
1.02621
1.04139
1.18693
1.00379
0.809495
1.04148
0.943061
1.00818
0.984175
0.915421
0.90198
1.02695
1.00203
0.944335
1.02285
0.807125
0.904814
0.960163
0.888249
0.843214
0.88307
0.938719
0.907066
0.973997
0.896918
1.13275
0.999952
1.05541
0.923929
1.10053
0.84938
1.04124
0.905848
1.11543
0.876355
0.860908
1.00317
0.937867
1.02529
1.09794
1.04555
1.03082
0.926678
1.03369
1.08265
1.10494
0.977425
0.945493
0.963705
1.02123
1.05599
0.983994
0.92746
1.04907
1.00123
0.964277
0.932606
1.09977
0.996891
1.17247
0.985705
0.948783
0.940584
0.929375
0.904489
1.06096
1.18317
1.23729
0.881495
0.897273
1.01424
1.06632
0.888284
1.17835
1.0228
0.983912
0.990837
1.01225
1.02332
1.04537
1.01448
1.11899
1.05106
0.931369
0.901919
1.15943
1.00653
1.03555
1.00745
1.04132
0.819916
0.946306
1.18817
1.20143
0.950283
0.99977
0.944843
1.00721
0.897152
0.990239
1.02038
0.973521
1.0387
1.27652
0.932204
0.914982
1.12155
0.970838
0.807696
1.09715
1.07585
0.889001
1.08984
0.971953
1.00786
0.939494
0.998754
1.01283
1.08836
0.913817
1.26282
0.958245
0.986217
1.07718
0.945056
1.1732
0.9709
0.994616
0.968676
0.991622
0.980015
1.01871
0.931831
1.02853
0.92246
1.07997
0.933133
0.903076
1.0831
1.09163
0.992046
0.946818
1.00663
0.943002
1.11821
0.906297
1.14163
0.95162
0.997494
0.99632
1.18797
1.05848
0.949568
0.869236
0.969478
0.888381
1.04465
1.16369
1.02164
1.0079
1.12276
0.961553
0.889666
0.856944
0.919225
0.852798
0.984061
1.11593
1.09891
1.09558
0.8964
1.12632
1.01169
0.836164
1.02137
1.08825
1.13999
0.873264
1.05262
0.839631
0.844454
1.05905
1.01856
0.940661
1.0523
0.858197
0.827887
1.00918
1.12613
0.986064
1.08627
1.05359
0.983186
1.01064
1.02038
0.917393
0.843635
1.01176
1.08318
1.00908
0.855657
1.02793
0.957141
1.05979
0.964675
0.886865
1.07465
1.08044
0.986777
0.86291
0.920384
1.15365
1.07967
0.817795
1.01159
1.04761
0.918275
0.7969
0.935508
0.965295
0.914488
1.17505
0.950698
1.03848
0.912767
0.838745
0.871465
1.13504
1.10513
0.909074
1.14684
0.973487
1.1075
0.995369
1.04639
0.904837
0.878095
1.00068
0.963011
0.959794
1.0456
1.03867
1.01409
1.01661
1.16476
0.822441
1.24719
1.07257
1.21592
1.12712
1.03357
1.00678
0.903147
1.04069
1.11965
1.06828
1.09437
1.25594
0.925359
1.05541
1.12481
0.943676
0.945952
1.01022
1.02803
1.10266
0.998919
0.971107
1.06707
1.08426
1.05291
0.967383
0.884721
0.933461
1.00094
1.05435
0.883635
1.15459
1.01624
0.982619
0.99859
1.01883
1.06378
1.14665
0.941562
1.00711
0.97842
1.03342
1.06867
1.21708
1.15725
1.17169
0.880266
0.964794
1.0767
0.945176
1.02566
0.983638
0.98887
0.972401
1.08602
1.17598
1.09439
1.02134
1.1645
1.00141
0.97738
1.07564
1.1105
0.947342
0.919887
0.807144
1.01049
0.787748
0.964682
0.818346
0.833087
0.959271
1.05022
1.20268
1.17735
0.851335
1.12241
1.11478
1.01169
0.988172
1.08625
0.984264
0.88773
0.972981
1.09139
0.948584
1.10188
1.16468
0.954485
1.04072
1.136
1.06564
1.10652
0.997427
1.04286
0.851742
0.959872
0.977453
1.0631
0.846617
1.0656
0.949678
0.983624
1.14379
0.914229
1.07773
1.0504
0.912482
0.887874
1.07386
1.01077
0.942072
0.886671
1.06072
1.08321
1.06833
1.07629
1.23532
1.10452
1.1149
1.12582
1.01536
0.96754
0.952393
1.01121
0.903919
1.05392
1.05235
1.1622
0.993765
1.04403
0.93813
1.08473
0.948103
1.06006
1.06151
1.04093
0.90053
1.04457
1.0171
0.910214
0.934539
0.943793
1.08029
0.985723
0.874163
0.82042
1.0757
1.06953
0.92639
0.919537
0.930604
1.01926
0.970877
1.16537
0.79065
0.901375
1.05855
0.982322
0.904475
0.928928
1.01572
0.927291
0.96134
0.927851
1.03021
0.79418
0.780697
0.98388
0.947102
0.861216
0.973932
1.02775
0.945535
1.01095
1.0671
0.947536
1.07109
1.09878
1.08836
0.965691
1.1286
0.900271
1.00979
1.03283
1.04189
0.870248
0.929796
1.13594
1.04477
1.03586
0.95235
0.874025
1.05841
1.12162
1.06652
1.07043
0.969731
1.04484
1.03799
0.823954
0.959115
1.003
0.995206
1.04026
0.857227
0.887053
1.0886
1.11715
0.998595
0.941916
0.98341
0.806393
0.74287
1.06637
0.985587
1.00853
0.885352
1.01098
1.0959
0.930197
1.11071
1.05613
0.897753
1.07372
0.96443
1.00539
0.868763
0.943604
0.800111
1.22801
0.954523
0.896142
1.0686
0.877548
0.8785
1.10137
0.790114
1.1019
0.9513
1.09767
0.805509
0.979561
0.822429
1.09232
0.944253
0.969229
0.884347
1.18581
1.08472
0.849299
0.960811
1.09375
1.06368
1.17732
1.15586
1.09585
1.1349
0.961135
1.09775
1.12431
0.905328
0.995337
1.03305
1.1345
1.06069
0.879171
1.0555
1.04231
1.12593
1.0424
1.08403
0.91732
1.13272
0.961612
0.842351
0.854635
1.08032
0.930871
1.07876
1.05773
0.971694
1.10205
0.858884
1.07599
1.16182
0.911793
1.09449
1.02732
1.04943
0.930273
1.06199
1.03533
1.1781
0.941145
0.887337
1.05353
1.06859
0.927389
1.19345
1.01137
0.938772
0.919473
0.922276
1.21144
0.920965
1.12207
0.939143
1.17215
1.14749
0.898835
1.0836
1.0671
1.08774
0.95676
1.03406
1.15664
1.29926
0.851244
1.0915
1.01162
0.888453
1.08167
0.938808
0.977614
1.10849
0.949249
1.06045
0.939012
1.06983
1.20547
1.00156
0.967173
0.865748
0.94173
0.888738
1.02898
1.16834
0.967974
1.04017
0.912263
0.985894
0.894043
0.94532
1.03722
1.04539
0.879741
1.06115
0.989942
0.876662
0.906856
1.04591
1.08011
0.915249
0.875364
0.969884
0.926215
1.1598
0.98624
0.820293
0.942847
1.02388
1.06202
1.02692
1.11602
0.978379
0.969211
0.919096
1.03439
1.1082
0.894816
0.940245
1.06767
1.03501
0.9883
1.13184
0.916694
0.983466
1.22952
0.967669
1.03219
1.03912
1.19015
1.03909
1.16302
0.93182
0.817724
1.01165
0.965113
0.94276
1.05012
1.2072
1.06208
1.00255
0.926573
1.15851
1.0049
1.1539
1.19107
1.01673
1.24085
0.995853
0.986337
0.940928
0.953673
1.00586
1.06337
0.88108
0.958598
0.965991
0.958411
0.952803
1.10351
0.855578
0.950644
0.985965
0.828948
0.99202
1.00041
1.09168
1.06749
1.05157
0.909424
1.09921
1.11194
1.02794
1.01046
1.02827
1.03594
0.881852
1.0341
0.929279
1.05371
0.973387
0.915995
0.952576
0.930737
1.0091
0.805696
1.2239
0.907413
1.10783
0.879937
0.946554
1.01
1.06065
0.879957
0.876776
1.03141
1.0751
0.934255
0.933346
1.01703
1.09357
1.20261
0.891036
1.03569
1.00265
0.984711
1.07103
0.899569
0.916178
0.774522
1.08662
0.929945
0.870644
0.866639
1.01144
1.08242
0.996084
0.99136
0.955286
0.885397
0.85594
0.957494
1.0437
1.07863
0.968714
1.04685
1.06136
0.872385
1.11277
1.12585
0.856737
0.929756
0.907046
1.21677
1.10737
1.03374
1.0454
1.00844
0.850861
1.06349
1.05078
1.1038
0.879015
1.01626
0.990673
1.05689
1.06252
1.00394
1.22591
0.927569
0.854621
0.909507
1.06535
0.971888
0.818103
1.00208
1.01347
1.00932
1.02098
0.90643
0.953441
0.870068
0.983227
0.986888
1.15825
1.1269
1.06297
0.773745
0.930447
0.971169
1.01324
0.90499
0.898253
1.02537
0.887437
0.86931
0.893063
1.05644
0.944182
1.14763
1.2845
1.08147
0.942003
0.940947
0.897244
0.972406
1.07001
1.02529
0.793722
1.07656
0.977682
0.907866
0.89973
0.936685
0.993466
0.921687
0.95934
0.951079
0.978822
1.03043
0.900273
1.00834
0.978741
1.03823
0.987882
0.99901
0.993586
0.928434
1.06
1.0862
1.01485
1.13183
1.07885
1.03412
1.01388
1.1108
0.945717
1.03529
1.01196
1.0279
0.970529
1.08237
1.07961
0.864893
0.859865
0.706741
0.941796
1.06664
1.03845
1.08328
1.01106
0.637894
0.91736
1.17393
1.1526
1.12496
0.969233
1.06952
1.05368
0.939117
0.944563
1.0886
1.07701
1.1402
1.0452
1.0413
0.842413
0.968233
1.02361
0.805058
0.968808
0.818513
1.10171
0.865983
0.980523
0.835359
0.946234
1.16466
0.966824
0.894817
0.957554
0.915977
1.03386
0.810479
0.937213
1.00933
0.898387
1.17083
1.06469
1.0274
1.0251
1.06781
1.07523
1.10822
0.776214
0.920816
1.0253
1.05828
1.23085
0.801923
1.07697
0.895072
1.02028
1.09184
0.977509
1.08817
1.1899
1.15233
1.04308
0.94134
0.919957
0.904613
1.11336
0.691869
0.913677
0.775962
1.07613
1.01576
1.00783
1.03402
0.929187
0.920825
0.961342
1.05469
1.01288
1.22644
1.01272
0.98135
1.00088
1.01676
1.00015
1.15805
0.94502
1.01377
1.04264
1.11985
1.07482
0.993577
1.12361
0.830098
1.07751
1.08615
1.04839
1.00304
1.15358
0.984905
0.856384
0.979078
1.0494
0.912333
0.889545
1.08082
0.915809
0.933973
1.01883
1.02117
0.885312
1.0503
1.1127
1.08981
1.0906
0.98319
1.15145
1.144
1.02675
0.840075
1.08919
1.18804
1.0456
1.00711
0.925289
0.895102
0.854907
1.10242
1.12206
1.05382
0.956141
0.987975
0.919999
1.00633
1.05635
0.984303
0.923859
0.971683
1.01852
1.11293
0.960975
1.02967
1.11006
1.03015
1.08512
1.02947
0.940996
1.03428
1.09226
0.956565
1.02162
1.05489
0.967173
0.978699
0.962971
1.26719
0.963263
1.03572
0.948696
0.956122
0.925098
0.991505
0.981068
0.944443
0.989517
0.921894
0.956525
0.928907
1.09478
1.10042
1.08888
0.977126
0.933314
0.948373
1.01108
1.06793
0.946067
0.967275
0.899851
1.06305
0.963238
0.86358
1.04571
1.03183
0.963356
0.958798
0.971977
1.04502
0.764743
0.957247
1.09342
0.978112
0.998655
0.905463
0.976535
0.923956
0.973193
0.902986
1.06261
1.11094
1.11999
1.01094
1.21198
0.816477
1.10702
1.12136
1.12663
0.960166
1.07734
1.02194
1.10452
1.0109
1.01706
1.06416
0.876533
1.06629
1.00849
0.963457
1.16083
1.05059
1.00865
0.955686
1.14335
1.1839
0.9115
0.913912
1.05621
1.13519
0.984873
0.962919
0.911769
1.03445
1.04286
0.916555
0.938281
1.08195
0.856998
0.919958
0.97931
0.937223
0.989503
1.10392
1.02863
1.06324
0.898355
1.1464
0.876062
1.06327
1.02972
0.943427
0.91539
0.928566
0.938647
0.935893
1.06832
1.03945
0.993834
0.98347
1.19989
0.989224
0.974542
0.887639
0.7786
1.04013
0.949244
0.866137
0.913407
0.992118
0.896067
1.0991
0.83425
1.11104
1.12161
0.923299
1.03049
1.01769
1.12358
1.06171
1.15784
1.16076
1.04951
0.964999
0.994319
0.942034
1.13173
1.01856
1.03293
1.00061
1.06263
1.0178
0.951848
0.942716
0.852231
0.973758
0.990521
1.09729
1.08364
1.08328
0.964567
1.01318
1.25436
0.981947
1.01341
0.95325
1.05061
1.12327
1.07179
0.925706
1.04304
1.03341
1.03678
0.849329
1.02136
0.846249
0.91938
0.933922
1.01175
0.949357
1.00276
1.01484
0.89532
0.984908
0.99222
1.03644
0.966927
0.950553
0.989314
1.09642
0.946719
1.01303
1.07067
1.14194
1.01305
1.14228
0.976265
0.898489
0.943284
1.06653
0.877451
1.0215
1.00266
1.16916
0.749956
0.955331
1.11753
0.900692
1.0551
0.969958
0.934637
0.870434
1.00479
1.12838
1.12492
1.15766
0.900022
1.13099
1.14112
0.908683
0.89467
0.996027
1.03167
1.06289
0.997543
0.946771
1.26892
1.05958
0.999006
0.881962
1.01411
0.98154
1.15798
1.0959
0.987788
1.15968
0.927757
1.11161
1.02089
0.997627
0.897055
1.13666
0.84979
1.0699
0.995697
0.94482
0.969125
1.11045
0.885072
1.11658
1.01844
0.998923
0.872822
1.02565
1.00553
1.08464
0.999869
1.07804
1.07628
0.91357
1.21472
1.04845
0.965959
0.958041
0.949809
0.943892
1.03299
1.04763
0.93289
0.980837
1.06447
1.07735
0.961969
1.02685
1.00767
0.976846
0.991404
0.829605
1.02362
0.762209
1.1321
1.06555
1.04036
1.11058
1.1678
0.815499
0.999229
0.902259
1.15604
1.00184
0.920685
0.955888
1.04179
1.03582
0.884329
1.03781
0.990819
0.998376
1.05084
1.16808
1.28402
1.09073
0.915801
1.01176
1.0824
0.772008
1.02953
1.19349
1.01677
1.10509
0.976255
0.948351
0.834567
0.868507
1.06369
1.15909
0.861235
0.841986
1.06828
0.927849
1.00337
0.93292
0.934805
1.11899
1.15834
0.958202
0.939811
1.17002
1.18854
1.04168
1.09585
1.05369
0.927593
1.10668
1.0849
1.10954
0.852052
0.96713
1.2172
1.01794
0.985625
1.06731
0.924618
0.939865
0.983003
0.82076
0.908454
1.14288
1.06394
0.981876
0.940676
0.838013
0.954797
0.880802
1.10153
0.923405
0.894129
1.0514
0.96023
0.89952
0.887688
1.01391
0.926484
0.955643
0.943488
1.0079
1.04386
0.974305
0.856939
0.972361
0.955756
1.18359
0.914339
0.918606
0.957938
1.15633
0.975853
1.00599
1.00562
1.04072
0.963109
1.00453
0.96361
0.907231
1.03071
0.84868
1.07232
1.00062
1.08818
0.961309
0.969211
0.922287
0.962933
0.995943
0.964794
1.00393
1.00496
1.00672
1.07282
1.00969
1.08125
1.04094
0.989372
0.928533
0.885545
0.838657
0.95774
0.962989
1.21632
0.80879
1.12984
1.17604
0.922933
1.02689
0.982737
1.03354
1.16996
1.11472
0.99943
1.12718
0.825143
0.938226
1.05763
0.968406
1.09272
1.06673
0.973029
1.02543
0.881312
1.05703
0.995566
0.981111
1.12668
0.955804
0.980764
1.00615
1.01768
1.15508
1.03024
0.856805
1.01872
1.00525
1.17172
1.11934
0.962079
1.09037
1.02131
1.02013
1.10143
0.755977
0.91131
1.14746
0.951965
1.08638
1.01583
0.826994
1.0144
0.819144
0.857227
0.93697
0.995477
1.0378
0.975977
0.906939
0.985357
0.871115
1.07113
0.912646
0.961795
1.1143
0.960265
0.925928
1.07902
1.09936
1.12389
0.947397
1.15576
0.930629
1.07606
1.03861
0.944956
1.12139
1.03988
0.935579
0.899525
0.838278
1.04906
0.90286
0.895722
0.964068
0.916728
0.954143
1.19277
0.977206
1.14437
1.01535
0.855505
0.979464
0.958011
0.877379
0.88124
0.873741
1.06441
0.961403
1.15336
1.00998
1.07458
0.828647
1.03324
0.956053
1.02363
0.890415
0.948666
0.966787
0.982218
1.00206
1.16628
0.867725
0.811034
1.09958
0.959924
0.974183
0.85643
0.88033
1.06491
0.907221
1.02705
1.11456
1.08951
1.06664
0.879955
1.09169
1.03265
1.07414
1.15357
0.805128
0.886696
1.03771
0.931406
1.00221
1.13429
0.910005
0.901835
1.06608
0.909625
1.14726
1.13959
1.07112
1.0341
1.05464
0.95562
1.06447
1.0058
0.840989
0.847556
1.16013
1.05916
0.878625
1.04015
0.882392
1.01248
1.09819
1.02778
0.9749
0.943374
1.07123
0.99895
0.909785
1.04993
0.98961
0.929739
1.05746
0.970107
0.910028
1.07841
0.709054
0.943996
1.11992
0.967307
0.99086
1.03886
1.03844
1.03595
0.852047
1.0031
1.00872
1.19452
0.983121
0.991196
1.05189
0.90921
0.908694
1.04923
1.01198
1.02674
1.02971
1.13984
1.17161
0.876562
0.964957
1.15455
1.25201
0.955514
0.98205
0.975522
1.15459
0.931874
0.856948
0.984787
1.00769
0.99702
1.07636
1.10918
0.992844
1.00753
0.945271
0.935236
0.846227
0.993758
0.946598
0.99251
0.865356
1.05462
0.972164
1.08208
1.18218
1.00119
0.917193
1.05677
1.0713
1.09885
0.921682
0.858397
1.15315
1.17522
0.981389
1.09913
0.878539
0.909072
1.02652
1.0037
1.02502
1.00929
1.01112
1.2059
1.03331
0.985233
0.980851
1.00304
0.926367
0.904618
1.11772
1.12099
1.1105
1.03964
1.00373
1.02738
1.05515
0.92953
0.92236
0.924975
1.11504
1.04344
1.01167
0.97377
0.91146
1.02091
1.06594
1.18215
0.923975
0.997875
1.05807
0.966545
1.01492
1.0732
0.943763
1.23048
0.955768
0.874655
0.661243
0.787974
1.03856
0.935027
1.13493
0.931722
1.03094
0.861045
0.932015
0.985096
0.971863
0.988683
0.99013
0.848364
1.09559
1.14234
0.960157
1.08688
1.10327
0.952003
1.01075
0.937133
1.07653
1.02012
0.982152
1.10409
1.05601
0.879317
1.00534
1.16647
0.915966
1.02965
1.01171
0.925625
0.849779
0.943036
0.848033
0.952215
0.838908
0.940061
1.05003
1.10655
0.988296
0.988556
1.06804
1.05682
1.01121
0.965244
0.90173
0.857458
0.944778
0.824626
0.977186
1.10665
0.953522
1.23338
1.05675
0.853546
0.941534
0.970311
0.979472
0.918829
1.04733
0.939588
1.19329
1.15734
0.953294
0.984636
1.07084
0.910913
0.993137
1.23577
0.977855
0.882158
0.937644
1.07117
1.15413
1.0614
0.825683
1.06125
1.08002
1.2829
0.918123
0.839715
1.00914
0.951309
0.989238
0.928374
1.05333
1.00133
1.00568
0.967983
1.02238
1.01169
1.19841
1.01425
0.961067
0.945017
0.826082
1.05146
1.03603
0.87478
0.894701
1.01846
1.02786
0.971157
1.03353
0.978562
0.862191
1.03059
0.859816
1.07094
1.15476
1.0059
1.00316
1.06652
1.04777
0.923596
1.02659
1.22243
1.05935
0.922366
1.1601
1.06329
1.12752
1.03518
0.884058
0.922817
0.965896
1.04824
0.986065
0.969247
1.25699
1.18124
0.916042
1.00034
1.079
0.963173
1.02229
1.08144
1.04407
1.04158
0.773969
1.15747
1.01351
0.902711
0.924975
1.03881
1.05132
0.920417
1.01779
0.81761
1.08235
0.954977
1.06224
1.01634
0.948344
0.911367
1.04444
0.97162
0.870002
1.05061
1.08101
0.888452
0.969754
0.930915
0.987142
0.970153
1.12052
1.06533
0.881368
0.841901
1.06747
0.917352
1.07178
0.996428
1.22129
1.02689
0.848181
0.938591
0.816273
1.10632
1.07195
0.930718
1.03596
1.17675
0.957946
1.00303
0.997165
1.1737
0.931009
0.8997
1.15073
1.00041
0.972422
1.06139
1.11254
0.92807
1.20794
1.01427
0.798958
1.09306
1.04715
1.06842
1.0684
1.06681
1.17576
0.970585
0.844351
1.17945
0.945261
0.888661
1.07509
0.868008
0.862293
0.849493
1.11617
0.980623
0.891872
1.03124
0.972525
0.964387
1.01867
0.899541
1.14574
1.05075
1.21003
1.02795
0.890261
1.04918
0.882089
1.09933
1.10842
1.02772
1.05799
0.84861
1.23418
1.02299
1.05107
1.01372
1.00302
1.06993
1.10123
1.21713
1.07482
1.01061
0.937182
1.03105
1.02153
1.13196
1.08988
0.853593
0.854743
0.853937
1.01954
0.864569
0.816136
0.982626
1.04801
0.991281
0.95333
0.86376
0.877565
1.06427
1.11725
1.1256
1.00583
0.987411
1.00247
1.07695
1.14655
1.10973
1.02993
1.08806
0.813786
0.99484
1.13859
0.891194
0.997752
0.964682
0.935976
0.922335
0.98119
0.957927
1.09011
0.98668
0.98341
0.933017
0.953496
0.880137
1.14221
0.999471
0.724721
0.968564
0.85275
1.0072
1.24246
1.04543
1.06646
0.984545
1.10686
1.14888
0.913307
1.05352
1.0382
1.07496
1.01759
0.931235
0.973435
0.878216
0.995001
0.995928
1.02335
1.01491
1.06375
1.11159
1.08819
1.05213
0.951964
1.08344
1.00452
0.918319
1.04007
0.981141
1.00744
1.14881
1.07514
1.02511
1.02383
0.914449
1.16089
1.12912
1.0689
0.951514
0.898452
1.04468
0.924726
0.869089
0.843761
0.961204
1.00806
1.06146
0.793292
1.00184
0.850216
0.860729
1.0225
0.950656
0.993117
1.05057
0.814224
1.03081
0.834114
0.998465
1.14673
1.03511
1.03488
1.1084
1.0634
1.06176
1.0072
1.02238
1.0408
1.02749
1.01174
0.770988
0.851074
1.04546
1.15368
0.949646
0.938276
1.00327
0.881963
0.971244
0.963174
0.996908
1.01822
1.0875
1.20957
0.981442
1.08093
1.08272
0.91673
0.921111
0.8151
1.11124
1.13281
1.05316
1.17611
1.10755
0.926344
0.833997
1.03065
1.05796
0.990902
1.11214
1.09617
0.984238
0.876734
0.964586
0.949177
1.13146
1.05097
0.81534
0.984059
0.943455
1.00031
1.0297
0.904152
1.11527
0.961007
1.07431
0.980538
0.967345
0.971555
1.20981
1.0036
1.12914
0.888688
1.14399
0.991508
0.948695
1.05392
1.15942
1.06636
1.02528
0.952234
0.907212
1.03217
1.04878
1.03882
0.964288
0.998061
0.95198
0.921883
1.09826
1.05979
0.935946
0.884495
1.20296
1.10425
1.22548
0.975084
1.00341
1.13966
0.992925
0.958758
1.07128
1.04334
1.00624
1.01882
1.0839
0.948807
0.842199
1.15891
0.862303
0.926966
0.845388
0.948677
0.948794
0.989192
0.904934
0.907378
0.991692
0.946903
0.999883
1.15699
0.893202
0.932602
0.949867
0.925414
0.907613
1.18541
0.964404
0.924262
0.861552
0.96015
0.914228
0.926861
1.19908
0.9894
0.941483
0.88808
1.1053
0.954133
0.91351
0.954443
1.08258
0.795456
1.00542
0.967749
0.946387
1.3092
1.14796
1.18316
0.918964
0.902337
0.854644
0.870612
0.977698
1.05287
1.1347
0.963346
0.873101
1.07658
0.946946
0.906334
0.910222
0.964792
1.06248
1.01326
1.12265
1.0021
1.01156
0.971654
1.0372
0.951964
1.08542
0.950857
1.06667
0.9643
0.844683
0.933512
1.03913
1.02523
1.04619
0.940202
0.857598
0.964057
0.919012
0.933415
0.959848
1.07007
1.05103
0.996326
0.966748
1.02329
0.988423
1.04019
0.882059
0.929267
0.829475
0.81974
0.976367
1.03336
1.09583
0.914321
1.15291
0.972195
1.09473
1.17034
1.12343
1.00135
0.940775
0.943463
1.14992
1.03336
1.03363
0.91625
0.901406
1.07425
0.978301
0.865003
0.879569
0.943159
1.14683
0.953073
1.10288
0.867907
0.979265
1.01901
0.880012
1.11082
0.845544
0.966952
1.01847
1.08208
1.05136
1.03462
1.03164
1.0237
0.914541
0.92489
0.974011
0.842708
0.876885
1.10744
1.02896
0.847
0.99574
0.987365
1.01835
0.881853
0.990075
0.972313
0.922877
0.996116
1.03779
1.01223
0.943454
1.01079
1.02984
1.14038
0.932756
0.944705
1.1904
1.05516
0.963305
1.14875
1.10035
1.06878
1.04117
1.04848
1.21611
1.10079
0.910465
0.959975
0.881921
1.01493
0.992273
1.03321
1.0401
0.979327
0.965485
1.11114
0.973897
1.02033
0.907198
0.904779
0.850071
0.865483
1.25828
0.977725
1.03922
0.997244
0.96814
1.06353
0.889276
0.95944
0.861005
1.00818
1.1673
0.943302
1.11361
1.02517
1.21707
1.16682
1.19926
0.875241
1.02921
1.08087
0.959592
1.15082
0.90276
0.809594
1.20417
0.859955
1.20074
0.945817
1.02966
1.01004
1.01745
1.20746
0.988531
0.836898
0.934154
1.13434
1.24389
1.13413
0.88977
1.15048
0.816922
0.993089
1.02075
1.02816
1.06703
0.813978
0.968436
0.930508
1.01865
0.908587
1.09517
1.01714
0.980409
0.978145
1.01944
0.927974
0.994139
0.941332
1.14421
1.09494
0.855991
0.88517
0.88817
0.987778
0.981988
1.04937
0.965173
1.20885
0.875408
1.1206
1.08632
1.09965
0.980057
1.07368
0.97332
1.19461
1.02055
0.951816
1.11317
0.960283
1.03369
0.89799
0.94534
1.11177
0.986246
1.06162
1.01898
0.916354
0.981868
1.01083
1.11016
0.987132
0.913538
0.865665
1.10503
1.05571
0.8906
0.93664
0.987575
1.08812
0.962228
0.955821
0.988985
0.961818
0.851722
1.06069
0.693745
1.14291
1.12791
0.923214
0.963019
1.12874
0.915024
1.03871
0.963343
0.997331
1.01223
1.00657
0.938192
0.85429
1.03206
0.970635
0.932134
1.07066
0.99862
1.09874
0.910198
0.999717
0.906235
1.01647
1.05719
0.995288
0.897681
0.896526
0.88315
1.09875
1.12052
0.934026
0.968946
1.03013
1.00202
0.830428
0.899552
0.984627
1.01443
1.05489
0.923231
0.919496
0.969778
1.17031
1.20999
0.955342
1.107
1.17807
0.956813
1.03653
0.912229
0.964946
0.837191
0.993741
0.916364
1.03957
0.84136
0.99239
0.956301
0.942633
0.971877
0.803764
1.08225
0.946009
0.866082
0.87521
0.862332
1.03349
1.00385
0.993402
1.14942
1.08534
0.955856
1.17636
1.05738
0.782522
0.999841
0.866821
1.02888
0.937262
1.27206
1.00983
0.957368
1.07982
0.99356
0.739525
0.926638
1.21221
0.901725
1.01041
1.06568
0.849345
1.06083
0.980415
0.966294
0.861773
1.01446
0.910541
1.03144
0.798256
1.2123
1.08415
1.09677
1.12123
0.977605
0.949809
0.897947
0.899474
1.04265
1.05498
0.826875
0.875333
0.953303
0.905777
0.976507
0.998689
0.89702
0.980509
0.928707
1.07338
1.01374
0.991081
1.07
1.00561
1.0123
1.10428
1.01372
0.868355
1.1391
1.00668
0.933878
1.0506
0.985998
0.904727
0.942057
0.909022
1.20442
1.12351
0.973857
0.86458
1.04527
0.991548
0.995485
0.779915
1.02696
1.04675
0.983231
1.06278
1.09969
0.992761
0.993603
0.845107
0.947643
0.857358
1.00326
1.08523
1.18906
1.11901
1.03896
0.896016
0.772043
1.01253
1.11908
0.978539
1.0674
0.97142
0.965258
1.29299
0.989258
0.962858
0.908691
0.928377
0.930147
1.03114
1.03702
0.923533
0.901262
0.967665
0.906118
1.03629
1.16501
0.91074
1.01045
0.981358
0.843845
1.00159
1.00659
1.06435
1.11058
0.977217
0.707354
1.02854
0.972599
0.811777
0.883458
1.01154
1.00608
1.0508
1.03131
0.854829
0.997631
0.813978
0.997146
0.823147
0.968223
0.867034
0.970652
1.06318
1.01129
0.962055
1.09277
1.13386
0.790324
0.96389
1.19231
1.00583
1.14204
1.1343
1.03355
1.15362
0.900836
0.958366
1.06583
0.967735
0.989581
0.988431
1.03168
1.03167
1.00702
0.979831
1.08419
1.16102
0.899309
1.17576
1.1236
1.05599
1.10758
0.935517
1.00463
1.01741
1.06456
0.848527
0.993279
1.00921
0.908031
1.00506
1.07119
0.901741
1.03879
0.897454
0.966191
1.06484
0.90773
0.944252
0.954699
1.14783
1.16398
1.01381
1.09182
0.920266
1.13614
0.902288
1.15919
0.951907
0.973273
0.985107
0.969885
0.896297
1.14935
0.905652
0.953027
1.04969
1.03097
0.969566
1.15691
1.03896
0.910557
0.969767
1.10241
1.10245
1.09435
1.01665
1.01501
1.26956
0.991573
0.943542
0.962877
0.984808
0.943587
0.984177
0.924597
0.969669
1.00653
1.02345
0.923666
1.07219
0.898319
1.07187
0.839871
1.08341
0.967239
0.922327
0.963958
1.06644
0.753786
1.0738
0.995547
0.9828
1.01982
1.03437
1.10436
0.858494
0.980601
1.01125
0.934768
1.00276
1.00543
1.18696
1.04498
1.05244
1.05923
1.04057
1.10207
1.15806
0.961208
1.04923
1.10338
1.08841
1.00184
0.908453
1.15455
0.933393
0.952003
1.0606
0.84307
0.951634
1.13661
0.931746
0.960431
0.927713
0.927425
0.941497
1.08222
0.907887
1.04156
1.04816
1.13037
1.14657
0.948427
0.888389
0.895243
1.04939
1.17015
0.944208
1.11448
0.911575
1.02272
0.90514
0.906357
0.985403
0.870161
1.19239
0.996586
1.22672
0.866341
1.03794
0.914541
0.805495
1.11602
0.885143
1.10177
1.00917
1.06037
1.0152
0.888319
1.1186
1.05001
1.04691
0.983102
0.935971
0.782654
0.920001
0.879327
1.07654
1.07903
0.919774
1.48764
1.04107
1.03194
1.05738
1.04584
0.997667
1.00326
1.13448
0.919815
1.02911
1.05559
1.11911
0.992471
0.895507
1.10387
0.875964
0.940659
0.978833
1.00167
0.952701
0.887027
1.10589
0.770735
1.02694
0.883065
0.913395
0.987225
0.953271
0.944926
0.915786
0.85818
0.85786
1.07682
0.938859
1.1227
1.00106
1.22613
0.945815
1.15016
1.05334
0.91964
1.01494
1.20078
0.973825
0.905728
0.797622
0.933053
1.03746
1.08339
1.08529
0.987343
1.05039
1.19794
1.03271
1.15333
1.07596
1.10713
1.14067
1.12041
0.995312
1.0636
1.02383
0.884815
1.03911
0.827067
1.08244
0.9922
0.91297
0.964389
1.09206
1.1369
0.836968
1.0104
0.988796
1.06164
1.09271
1.05488
0.997092
0.927978
1.21672
0.950438
1.01533
1.00518
1.01485
1.14659
1.0391
0.946941
0.864752
0.884258
0.850147
0.813972
0.913629
0.895828
0.78325
0.948721
0.998349
1.08625
0.977461
1.12552
0.987803
1.11979
0.998889
0.937086
1.00721
1.1261
1.03829
0.990312
1.22847
0.872148
1.09426
1.0794
1.05226
1.08519
1.00351
1.17449
0.964209
1.04422
0.867078
0.937263
1.10977
1.13696
0.960572
0.905549
0.908498
0.904411
0.895513
1.01475
0.834336
0.951984
1.33121
0.939229
0.897062
0.932721
1.1671
0.79741
0.962543
0.92501
0.938714
0.892695
0.786492
1.11391
0.97907
0.969343
1.20638
0.855751
0.849069
1.08765
1.02081
1.04933
1.02481
0.976167
0.963537
0.88838
0.935226
0.968749
1.07995
0.982832
0.872041
0.924061
1.0519
0.979694
1.02215
0.891574
1.16798
0.945647
0.977231
0.893769
0.897951
1.04864
0.935741
0.869823
0.886981
0.87433
1.08294
0.878169
1.07031
1.06945
1.002
0.895688
1.0693
0.92104
0.99802
0.979297
0.97439
0.889448
0.930274
0.965637
0.844614
0.886653
1.03624
0.858293
0.83022
0.96487
1.02369
0.916215
1.10672
0.936312
0.896404
1.07997
1.21048
1.11472
1.13496
0.994366
1.04198
0.936324
0.982153
1.03953
0.889228
1.0451
1.16024
0.9432
1.1426
0.927338
0.878847
0.749371
1.09226
0.927794
1.28232
0.870783
0.882589
0.996768
1.1407
1.03878
1.11883
1.07963
0.922544
1.11285
1.02458
1.08828
1.0479
1.02886
0.995852
1.07106
0.874825
0.955675
0.997348
1.07717
0.87764
0.997853
0.852976
0.825363
1.02754
0.93761
1.05422
1.01904
0.9294
1.15259
0.929794
1.03243
0.996869
1.07207
0.963968
0.998897
0.887958
1.06003
0.97808
1.06581
1.05141
0.934576
0.889198
0.870587
0.994646
1.08102
0.824406
0.894619
1.07362
1.14233
1.06717
0.899964
1.01066
0.973733
1.09176
0.943059
1.25545
1.09181
0.914601
1.00064
0.90891
0.832529
1.15931
0.868663
0.933376
0.878035
0.864085
1.16992
1.03135
1.10376
1.04767
1.06732
0.947317
0.944654
0.963216
0.818513
0.960755
0.849281
0.933811
1.22804
1.08143
1.14418
0.904226
0.940551
1.10375
0.951099
1.14062
1.33793
0.84383
1.19436
0.994169
1.06727
0.972231
0.969067
0.952395
1.03214
1.07807
1.05132
1.19288
0.98729
0.974542
1.13141
0.920177
0.971452
1.01692
0.921125
0.962307
0.887514
0.957162
1.13289
0.974281
0.962725
1.17752
1.0575
0.947997
1.07735
1.11494
1.02741
1.03922
0.935028
1.13005
1.02603
0.955224
1.00414
0.95499
1.03934
0.936281
0.870666
0.886265
1.03432
1.18253
0.994422
1.03969
0.954562
1.15119
0.981695
1.1387
1.12029
1.02274
1.03528
1.10984
1.0325
1.00051
1.00542
1.15126
1.03497
1.00087
1.18635
1.17516
1.1159
1.05251
1.0274
1.05039
1.00582
1.17011
1.12113
1.03739
0.850376
0.805328
0.771454
1.07591
1.18857
0.919418
0.886777
1.29317
0.943498
0.948558
0.894769
1.00978
0.977163
1.13773
0.913884
0.940985
1.17203
0.997831
1.01832
1.09686
1.12303
0.86442
1.06604
1.45713
0.869068
0.895309
1.13857
0.988073
1.21426
1.08573
0.93257
0.909741
0.900132
1.05794
1.04184
1.00194
0.953392
0.896415
1.03873
0.905955
1.27284
0.978752
0.973364
0.914761
1.02556
0.923332
0.950559
1.06227
0.884881
0.879204
1.02618
0.847624
0.809095
0.885938
0.974944
0.889288
1.00247
1.05706
0.863863
0.897464
0.899296
1.22909
0.931996
0.998094
1.06109
0.898087
1.09565
0.992065
0.975505
1.05845
0.98233
0.994879
0.988083
1.02886
0.957661
1.03066
1.23269
1.07248
1.12563
1.3152
0.999586
1.12287
0.989374
1.00835
0.990831
1.02044
0.908138
0.89664
1.01536
0.970919
0.900787
1.09892
1.13615
0.879816
1.10098
0.802385
1.04879
1.15861
0.832981
1.08748
1.12274
1.19095
1.02415
0.93832
1.19994
1.0081
1.04039
1.04558
0.927071
0.90142
0.909291
1.26019
1.01256
0.898401
1.18338
0.961861
0.911947
0.8422
1.00783
0.930313
1.01947
1.01439
0.964172
0.997228
0.927414
1.01304
0.978284
1.0029
0.813486
0.997703
1.04685
1.04682
0.896028
0.863648
0.962123
0.963864
0.894576
1.03461
1.03397
1.08344
1.12095
1.07424
0.886148
1.07774
0.866564
0.96216
0.977507
0.805198
1.07076
0.990761
1.03164
0.816746
0.841068
0.86656
0.931229
0.897562
1.08273
0.986705
0.895214
0.956509
1.03315
1.27043
1.04487
0.956313
1.00455
1.09884
0.986504
0.952641
1.09257
1.18519
1.18601
1.12779
1.08153
0.987037
1.06521
1.04829
0.917158
1.12303
0.949009
1.12237
1.35984
0.925985
1.18311
1.04787
0.914114
1.13522
1.0129
0.877291
1.02343
0.943786
0.959831
1.23187
0.882793
0.866613
1.03753
0.993255
0.969769
0.874317
0.849202
0.896793
0.871059
1.00966
1.08694
0.983767
1.08396
1.07095
0.985468
1.00423
1.07724
0.982594
0.928514
1.04747
0.98981
1.04138
0.919079
0.882263
1.10828
1.02951
0.946172
0.995021
1.11395
0.967275
0.88738
1.05889
0.944306
0.912443
0.996424
0.938579
1.11642
0.927538
0.874554
0.930567
1.03304
1.17291
0.971513
1.10178
0.994909
1.11716
0.904391
0.880981
0.89967
0.767577
1.00669
0.947553
1.13019
1.01576
0.907374
1.02002
0.912381
1.15869
0.912823
1.18459
1.1802
0.958184
0.99607
1.10256
1.01075
0.989909
0.826128
1.00429
1.23794
0.967729
0.962565
0.909054
1.08128
0.959441
1.02867
1.05666
0.929862
0.849414
1.0109
0.937319
1.16621
1.04353
0.960033
0.977828
1.18934
0.974476
1.08371
1.09784
0.953598
0.946664
0.875635
1.02955
1.0422
0.888199
1.00208
1.02447
0.776787
0.909835
0.987389
1.25391
1.20004
1.07383
1.01419
0.837539
1.0663
0.966571
1.13883
1.01737
1.00153
1.05087
1.01384
1.10774
0.77819
0.929054
0.93205
0.952761
0.893818
1.00681
1.08752
1.13871
0.931395
0.886592
1.08627
0.883649
0.994422
0.934603
0.844142
0.96247
1.10821
1.15279
0.910029
0.853672
0.87479
1.04264
0.987388
1.04903
0.979756
0.963699
0.966388
0.947087
0.934837
1.00277
0.8281
0.974284
0.953242
0.985238
1.01945
1.02751
1.00317
0.845639
1.19591
0.942437
0.987951
1.05989
0.88907
0.88584
0.980276
1.14667
0.932328
0.998405
1.02975
0.992997
1.07376
0.888703
0.741087
0.931142
1.00757
0.989305
1.03482
1.10378
0.872043
1.01855
0.96159
1.12429
0.964097
0.811298
0.942862
0.984314
0.993991
1.0448
0.98378
1.03007
1.02376
0.852461
0.973974
1.01445
1.08171
0.94204
0.980523
0.986852
0.819724
0.9688
1.07279
1.02541
0.85389
1.0839
0.979581
1.04661
