0.0831034 0
0.0828532 0.000250179
0.0828216 0.00014785
0.0827527 0.000125236
0.083179 0.000437275
0.082798 0.000522153
0.0826226 0.000474889
0.0829856 0.000548545
0.0827073 0.000558094
0.0824476 0.000562686
0.082753 0.000593569
0.0829621 0.000580766
0.0833841 0.000680842
0.0833653 0.000630617
0.0833049 0.000590172
0.0834904 0.000582367
0.0834813 0.000547113
0.0836744 0.000550766
0.083657 0.000521261
0.0836616 0.000494533
0.0838772 0.000517445
0.0838852 0.00049343
0.0840088 0.000487431
0.0838923 0.000481007
0.0839473 0.000464633
0.0838694 0.000453152
0.0837579 0.00045008
0.0837647 0.000433761
0.0836821 0.000426602
0.0837363 0.00041568
0.0837244 0.000402222
0.083645 0.000397456
0.0836981 0.000388857
0.0838115 0.000393927
0.0837773 0.000384035
0.0837665 0.000373371
0.0837658 0.00036314
0.0836594 0.000369107
0.083585 0.000367137
0.0835333 0.000361566
0.083667 0.00037715
0.0835964 0.000374772
0.0835696 0.000366934
0.0835336 0.000360298
0.0835021 0.000353608
0.083414 0.000356874
0.0833624 0.000352998
0.0834547 0.000357689
0.0833752 0.000359219
0.0834178 0.000354531
0.0833881 0.000348782
0.0834184 0.000343353
0.0833809 0.000338894
0.0833437 0.000334641
0.0832769 0.000335209
0.0833059 0.000330441
0.0832717 0.00032639
0.0833327 0.000326461
0.0833628 0.000322296
0.083415 0.000321146
0.0833622 0.000320228
0.0833232 0.000317427
0.0833019 0.000313074
0.0833116 0.000308299
0.0833284 0.000303979
0.0833576 0.000300757
0.0833752 0.000296757
0.0833453 0.000293887
0.083348 0.000289609
0.0833448 0.000285459
0.0833775 0.000283305
0.0833625 0.000279747
0.0833176 0.000279521
0.0832685 0.000280045
0.0832399 0.000277763
0.0832559 0.000274546
0.0832176 0.000273644
0.0832448 0.000271479
0.0832514 0.000268101
0.0832295 0.000265632
0.0832595 0.000264051
0.0832584 0.000260813
0.0832956 0.000260319
0.0832598 0.000259682
0.0832559 0.000256639
0.0832504 0.000253696
0.0832321 0.000251433
0.0832345 0.000248571
0.0832351 0.000245763
0.0832297 0.000243077
0.0832009 0.000242112
0.0832104 0.000239653
0.0832416 0.00023911
0.0832438 0.000236563
0.0832459 0.000234069
0.0832427 0.00023164
0.0832397 0.00022926
0.0832686 0.000228742
0.0833128 0.0002307
0.0833164 0.000228409
