0.482774 0
0.492391 0.00961671
0.498524 0.00827293
0.501247 0.00645244
0.502959 0.00528298
0.503303 0.00432725
0.501867 0.00392889
0.500106 0.00383123
0.500814 0.00345217
0.501348 0.00313349
0.5005 0.00295846
0.501253 0.00280368
0.499895 0.00291454
0.499992 0.00270008
0.5001 0.00251598
0.500284 0.00236064
0.499859 0.0022578
0.499303 0.00219998
0.498431 0.00225635
0.498309 0.00214405
0.498944 0.00213593
0.49959 0.00213666
0.499017 0.00212067
0.499964 0.00224041
0.500508 0.00221679
0.500708 0.00213916
0.501045 0.00208577
0.500626 0.00205303
0.500349 0.00200022
0.500257 0.00193459
0.500045 0.0018831
0.500136 0.00182554
0.500094 0.00176985
0.500457 0.00175503
0.500571 0.00170798
0.500284 0.00168452
0.500457 0.00164748
0.500575 0.00160784
0.500503 0.00156769
0.500294 0.00154227
0.500231 0.00150548
0.500221 0.00146924
0.50024 0.00143478
0.500149 0.0014047
0.500133 0.00137323
0.499605 0.00144308
0.499527 0.00141416
0.499497 0.00138472
0.499135 0.00140368
0.499375 0.00139606
0.499379 0.00136842
0.499132 0.00136438
0.499341 0.00135453
0.49941 0.001331
0.499295 0.00131158
0.499173 0.00129372
0.498941 0.00129191
0.49884 0.00127341
0.499145 0.00128821
0.4991 0.00126734
0.499282 0.00125957
0.499374 0.00124249
0.499218 0.00123258
0.499255 0.00121375
0.499341 0.00119805
0.499527 0.00119423
0.499691 0.00118774
0.499733 0.00117087
0.499852 0.00115995
0.499918 0.00114516
0.499814 0.00113367
0.499778 0.0011184
0.499734 0.00110386
0.499834 0.00109339
0.499711 0.00108566
0.499817 0.00107652
0.49981 0.00106247
0.499653 0.00106051
0.4997 0.00104808
0.49963 0.00103725
0.499633 0.00102436
0.499635 0.0010118
0.499803 0.00101347
0.499816 0.00100142
0.499696 0.00099682
0.499677 0.00098534
0.499438 0.00100298
0.499295 0.00100172
0.499161 0.000999443
0.49906 0.000993394
0.499072 0.00098249
0.499231 0.0009847
0.499252 0.000974271
0.499383 0.000972784
0.499251 0.000971586
0.499266 0.000961526
0.49942 0.000963934
0.499336 0.000957691
0.499449 0.000954636
0.499433 0.00094518
