102.2
107.52
106.98
93.6
90.1
98.28
101.78
112
102.62
106.12
95.92
114.34
85.22
98.4
119.6
94.26
69.72
116.1
107.96
113.14
103.98
94.34
78.62
113.9
88.14
99.04
115.14
83.9
121.32
93.98
90
86.06
103
110.44
128.16
95.06
100.58
102.92
97.78
98.52
99.9
93.76
114.7
78.22
111.66
84.94
100.78
76.34
109.4
100.04
105.12
89.4
96.94
104.32
85.5
127.12
102.14
124.04
92.28
102.2
98.46
107.9
100.98
98.98
71.22
89.54
91.08
88.14
90.2
115.54
82.58
109.22
94.96
128.24
95.64
90.54
100.72
89.48
96.68
94.38
94.2
98.52
87.82
83.54
91.86
118.96
105.96
110.78
98.48
98.66
104.42
80.1
85.64
118.7
95.84
91.56
97.12
115.2
126.98
89.84
