2.97619 0
3.1716 0.195406
3.1154 0.12604
3.14041 0.0925661
3.20677 0.0976992
3.21697 0.0804206
3.20244 0.0695034
3.19399 0.0607828
3.19637 0.0536583
3.18729 0.0488444
3.18891 0.0442112
3.20566 0.0436943
3.20562 0.0401929
3.18611 0.0420133
3.19893 0.041159
3.21231 0.0407586
3.21813 0.038726
3.20924 0.037578
3.20584 0.0357074
3.18964 0.0375492
3.18703 0.0358118
3.18785 0.0341551
3.19087 0.0327758
3.19146 0.0313861
3.18465 0.0308657
3.18087 0.0298945
3.18371 0.0289051
3.1841 0.0278565
3.19281 0.0282519
3.19567 0.0274437
3.19245 0.0267377
3.19616 0.0261536
3.19401 0.0254402
3.19778 0.0249672
3.19196 0.0249326
3.19377 0.0242981
3.19464 0.0236481
3.19105 0.0232962
3.19498 0.0230295
3.19397 0.0224691
3.20225 0.0234273
3.19522 0.0239192
3.19451 0.0233672
3.19315 0.0228703
3.18698 0.0231924
3.18521 0.0227515
3.18564 0.0222662
3.18626 0.0218062
3.18215 0.0217476
3.1818 0.0213112
3.18012 0.0209568
3.17868 0.0205997
3.17997 0.0202481
3.1845 0.0203797
3.18237 0.0201186
3.18135 0.0197826
3.18176 0.0194369
3.17837 0.0193976
3.18007 0.0191416
3.18319 0.019076
3.17852 0.0193323
3.17643 0.0191327
3.17397 0.0189872
3.1726 0.0187382
3.17666 0.0188889
3.17837 0.0186789
3.17685 0.0184602
3.17819 0.018236
3.177 0.0180092
3.17571 0.0177972
3.17099 0.0181674
3.17534 0.0184343
3.1772 0.0182751
3.17401 0.0183065
3.17527 0.0181041
3.17677 0.0179274
3.17463 0.0178219
3.17529 0.0176042
3.17502 0.0173819
3.17136 0.0175501
3.17055 0.0173511
3.17011 0.0171438
3.17017 0.016936
3.16786 0.0168918
3.16817 0.0166949
3.17143 0.016818
3.17218 0.0166403
3.17209 0.0164503
3.17167 0.0162698
3.17262 0.0161162
3.17232 0.015941
3.16971 0.0159808
3.16998 0.0158103
3.16992 0.0156413
3.17029 0.0154802
3.17076 0.0153253
3.17155 0.0151867
3.17107 0.0150385
3.1684 0.0151229
3.16702 0.0150345
