15.0795 0
15.1945 0.115083
15.1324 0.0909836
15.0355 0.116312
14.9799 0.105838
15.0597 0.117608
15.0639 0.0994832
15.0697 0.0863548
15.078 0.0766016
15.0494 0.0742418
15.0098 0.0779409
15.0033 0.0714493
14.9902 0.0670209
15.0188 0.0683283
14.9993 0.0665134
14.9954 0.0623395
14.997 0.0585773
15.0006 0.055344
14.9816 0.0556598
14.9842 0.0528651
14.9774 0.0507407
14.9701 0.0489349
14.9679 0.0468071
14.9608 0.0453855
14.9716 0.0448532
14.9728 0.0431111
14.9728 0.0414836
14.9749 0.0400296
14.9604 0.0412309
14.9597 0.0398391
14.9564 0.0386766
14.97 0.0398366
14.9727 0.0387067
14.973 0.0375522
14.979 0.0369603
14.9824 0.0360761
14.9918 0.0363289
14.9817 0.0367684
14.9774 0.0360772
14.9808 0.0353255
14.9846 0.0346699
14.9724 0.0359869
14.9649 0.0359289
14.9669 0.0351618
14.9723 0.0347856
14.9699 0.0341012
14.9657 0.0336393
14.9705 0.0332805
14.9716 0.0326154
14.9681 0.032156
14.9712 0.0316734
14.9697 0.0310924
14.9703 0.030506
14.9749 0.0302773
14.9753 0.0297247
14.9799 0.0295584
14.9762 0.0292817
14.9752 0.0287883
14.9725 0.0284259
14.9697 0.0280826
14.9665 0.0278112
14.9711 0.0277535
14.971 0.0273098
14.9713 0.0268815
14.9701 0.0264909
14.9731 0.0262593
14.9708 0.0259709
14.967 0.0258644
14.966 0.0255055
14.965 0.0251596
14.9655 0.0248084
14.9645 0.0244831
14.9649 0.0241494
14.9625 0.0239458
14.9615 0.0236447
14.9669 0.0239536
14.9668 0.0236409
14.9653 0.0233851
14.9627 0.0232242
14.9647 0.0230144
14.9658 0.0227557
14.9664 0.0224855
14.9634 0.0224172
14.9627 0.0221595
14.965 0.0220115
14.9618 0.0219757
14.9651 0.0219633
14.9646 0.021717
14.9679 0.0217235
14.9699 0.0215731
14.9677 0.021453
14.9667 0.0212419
14.9696 0.0212187
14.9681 0.0210475
14.9693 0.0208573
14.9715 0.0207538
14.9715 0.0205388
14.9714 0.0203281
14.973 0.0201807
14.9752 0.020102
