5.50927 0
5.48222 0.0270449
5.4596 0.0274865
5.5771 0.1191
5.56701 0.0928047
5.54237 0.0796825
5.52919 0.0686204
5.53265 0.0595275
5.51015 0.0571184
5.54663 0.06278
5.58604 0.0691202
5.50538 0.102408
5.45621 0.106265
5.43069 0.101636
5.46113 0.0993924
5.46301 0.0929922
5.49885 0.0944166
5.50089 0.0890402
5.50694 0.0844405
5.49142 0.0815957
5.48983 0.0776293
5.47903 0.0748012
5.49205 0.0726514
5.50424 0.0706193
5.49623 0.0682075
5.49527 0.0655388
5.49053 0.0632423
5.47888 0.0620457
5.47845 0.0598695
5.47778 0.0578433
5.48719 0.056731
5.48839 0.0549427
5.486 0.0533053
5.48019 0.0520392
5.46779 0.0520289
5.48221 0.0525789
5.48199 0.0511386
5.47593 0.0501427
5.4699 0.0492105
5.46923 0.0479691
5.4668 0.0468474
5.46092 0.046095
5.46182 0.0450192
5.45733 0.0442134
5.46283 0.0435683
5.47662 0.0447876
5.48425 0.0444833
5.4786 0.0439111
5.47322 0.0433418
5.47459 0.0424884
5.46679 0.0423706
5.46729 0.0415508
5.46625 0.0407726
5.47009 0.0401945
5.4722 0.0395133
5.4783 0.0392773
5.4811 0.0386833
5.47614 0.0383324
5.46942 0.0382712
5.46959 0.0376283
5.47411 0.0372809
5.46864 0.0370793
5.4661 0.0365746
5.4623 0.0361986
5.45955 0.0357435
5.46314 0.0353807
5.46141 0.0348915
5.46189 0.0343779
5.45713 0.0342084
5.45484 0.0337938
5.454 0.033325
5.45023 0.0330747
5.44919 0.0326349
5.44561 0.0323903
5.44324 0.0320432
5.43512 0.0326444
5.43536 0.0322186
5.42869 0.0324943
5.43072 0.0321444
5.43356 0.0318669
5.43567 0.0315416
5.43781 0.031228
5.4385 0.0308572
5.4423 0.0307241
5.44388 0.0304014
5.44293 0.0300608
5.44588 0.0298594
5.44055 0.0299966
5.44071 0.0296581
5.44227 0.0293678
5.44942 0.0299123
5.45095 0.0296249
5.45028 0.0293124
5.44872 0.0290408
5.44228 0.0294453
5.4407 0.0291801
5.44091 0.0288785
5.44045 0.0285861
5.44154 0.0283169
5.44982 0.0292296
