5.50366 0
5.56235 0.05869
5.48272 0.0865443
5.46851 0.0628242
5.4577 0.0498487
5.44766 0.0419228
5.44495 0.0355342
5.42968 0.0343542
5.44193 0.0326816
5.44105 0.0292446
5.42695 0.0299785
5.4173 0.0290158
5.42415 0.0275561
5.44105 0.0306008
5.43587 0.0289551
5.44414 0.0283196
5.45084 0.0274326
5.44813 0.0260053
5.45515 0.0255811
5.45209 0.0244613
5.458 0.0240076
5.45298 0.023434
5.45652 0.0226687
5.45337 0.0219308
5.45206 0.0210763
5.45253 0.020255
5.45173 0.0195067
5.45455 0.0190072
5.45663 0.0184575
5.45755 0.0178557
5.45792 0.017274
5.45927 0.0167795
5.45433 0.0169964
5.45363 0.0165036
5.44984 0.0164681
5.44913 0.0160196
5.44539 0.0160243
5.45179 0.016858
5.4528 0.0164513
5.45401 0.0160803
5.45034 0.016107
5.44833 0.0158464
5.44797 0.0154777
5.45179 0.0155961
5.45291 0.0152869
5.45825 0.0158748
5.45897 0.0155503
5.4562 0.0154743
5.45679 0.015167
5.45584 0.014891
5.45693 0.0146365
5.45901 0.0145027
5.45713 0.0143504
5.46079 0.0145492
5.46332 0.0145056
5.46539 0.0143935
5.46539 0.0141387
5.46448 0.0139223
5.4666 0.0138466
5.46745 0.0136408
5.46563 0.0135379
5.46705 0.0133933
5.46632 0.0131994
5.46621 0.012992
5.46838 0.0129725
5.46809 0.0127776
5.46903 0.0126203
5.46735 0.0125459
5.47027 0.0127024
5.47067 0.0125259
5.47275 0.0125235
5.47283 0.0123486
5.47391 0.0122258
5.47274 0.0121159
5.47283 0.0119536
5.47114 0.0119161
5.46941 0.0118867
5.46728 0.0119258
5.46889 0.0118834
5.46958 0.0117546
5.46899 0.0116238
5.46889 0.0114816
5.47043 0.0114461
5.47048 0.0113092
5.47015 0.0111802
5.47093 0.0110771
5.46811 0.0113069
5.46659 0.0112806
5.46745 0.0111859
5.46829 0.0110934
5.46983 0.0110773
5.46825 0.0110687
5.46807 0.0109505
5.46804 0.0108335
5.46753 0.0107313
5.46851 0.0106647
5.46657 0.0107311
5.46764 0.0106753
5.46727 0.0105734
5.46706 0.0104693
