30.0552
26.8611
23.8266
21.4982
20.8666
18.7289
17.6149
16.4422
14.1186
14.1186
13.4338
13.1224
13.1215
13.0185
12.4791
12.0012
11.3579
11.2558
11.1008
11.1008
10.9921
10.9921
10.9136
10.2965
10.2435
8.903
8.71046
8.11901
7.88242
7.31633
6.38726
6.25039
6.25039
6.25039
6.25039
6.25039
6.25039
6.25039
6.25039
6.25039
6.25039
6.25039
6.25039
6.25039
6.25039
6.25039
6.25039
6.25039
6.25039
6.25039
6.25039
6.25039
6.25039
6.25039
6.25039
6.25039
6.25039
6.25039
6.25039
6.25039
6.25039
6.25039
6.25039
6.25039
6.25039
6.25039
6.25039
6.25039
6.25039
6.25039
6.25039
6.25039
6.25039
6.25039
6.25039
6.25039
6.25039
6.25039
6.25039
6.25039
6.25039
6.25039
6.25039
6.25039
6.25039
6.25039
6.25039
6.25039
6.25039
6.25039
6.25039
6.25039
6.25039
6.25039
6.25039
6.25039
6.25039
6.25039
6.25039
6.25039
