29.6359
27.2165
24.8416
22.7478
22.6123
20.5569
19.4603
17.998
16.717
16.2623
15.0581
14.9528
14.2807
13.8111
13.151
12.8823
12.6063
12.3375
12.2042
11.7523
11.1008
11.1008
10.7585
10.4384
9.87623
9.56172
8.58499
8.39033
8.26804
7.98845
6.42143
6.28849
6.28849
6.28849
6.25039
6.25039
6.25039
6.25039
6.25039
6.25039
6.25039
6.25039
6.25039
6.25039
6.25039
6.25039
6.25039
6.25039
6.25039
6.25039
6.25039
6.25039
6.25039
6.25039
6.25039
6.25039
6.25039
6.25039
6.25039
6.25039
6.25039
6.25039
6.25039
6.25039
6.25039
6.25039
6.25039
6.25039
6.25039
6.25039
6.25039
6.25039
6.25039
6.25039
6.25039
6.25039
6.25039
6.25039
6.25039
6.25039
6.25039
6.25039
6.25039
6.25039
6.25039
6.25039
6.25039
6.25039
6.25039
6.25039
6.25039
6.25039
6.25039
6.25039
6.25039
6.25039
6.25039
6.25039
6.25039
6.25039
