27.086
24.8321
22.8197
21.6909
19.9129
18.7841
18.4108
17.5961
16.8819
16.7697
15.1704
14.4716
14.0461
13.913
12.0215
11.4629
11.1249
10.4228
10.1364
9.46188
9.04473
8.93082
8.39574
7.94486
7.70527
7.70274
7.67222
7.66575
6.97873
6.97873
6.94128
6.94128
6.85889
6.81755
6.81406
6.66263
6.57979
6.53845
6.50762
6.42478
6.25039
6.25039
6.25039
6.25039
6.25039
6.25039
6.25039
6.25039
6.25039
6.25039
6.25039
6.25039
6.25039
6.25039
6.25039
6.25039
6.25039
6.25039
6.25039
6.25039
6.25039
6.25039
6.25039
6.25039
6.25039
6.25039
6.25039
6.25039
6.25039
6.25039
6.25039
6.25039
6.25039
6.25039
6.25039
6.25039
6.25039
6.25039
6.25039
6.25039
6.25039
6.25039
6.25039
6.25039
6.25039
6.25039
6.25039
6.25039
6.25039
6.25039
6.25039
6.25039
6.25039
6.25039
6.25039
6.25039
6.25039
6.25039
6.25039
6.25039
