36.2244
32.8925
30.4038
28.17
25.7073
23.7411
22.3159
20.7377
19.5507
18.5495
17.715
16.6957
15.4731
14.402
13.4116
12.9227
12.5041
12.3784
12.2197
12.0145
11.5526
10.4009
8.91323
8.35029
8.21067
7.82248
7.44053
7.30421
6.95001
6.59235
6.44878
6.42445
6.41117
6.35597
6.28453
6.26594
6.25039
6.25039
6.25039
6.25039
6.25039
6.25039
6.25039
6.25039
6.25039
6.25039
6.25039
6.25039
6.25039
6.25039
6.25039
6.25039
6.25039
6.25039
6.25039
6.25039
6.25039
6.25039
6.25039
6.25039
6.25039
6.25039
6.25039
6.25039
6.25039
6.25039
6.25039
6.25039
6.25039
6.25039
6.25039
6.25039
6.25039
6.25039
6.25039
6.25039
6.25039
6.25039
6.25039
6.25039
6.25039
6.25039
6.25039
6.25039
6.25039
6.25039
6.25039
6.25039
6.25039
6.25039
6.25039
6.25039
6.25039
6.25039
6.25039
6.25039
6.25039
6.25039
6.25039
6.25039
