28.5262
26.4075
25.3352
23.092
20.4328
18.7141
18.7141
16.5242
15.4205
15.3646
14.9759
14.3832
14.1767
13.0829
13.0823
12.9414
12.7395
12.3625
12.1995
12.0174
11.3811
11.1361
11.1361
11.1127
10.6625
10.6391
10.4326
10.2924
9.86648
8.90946
6.70018
6.70018
6.69963
6.69963
6.65883
6.48779
6.37447
6.33312
6.33312
6.25039
6.33312
6.25039
6.25039
6.25039
6.25039
6.25039
6.25039
6.25039
6.25039
6.25039
6.25039
6.25039
6.25039
6.25039
6.25039
6.25039
6.25039
6.25039
6.25039
6.25039
6.25039
6.25039
6.25039
6.25039
6.25039
6.25039
6.25039
6.25039
6.25039
6.25039
6.25039
6.25039
6.25039
6.25039
6.25039
6.25039
6.25039
6.25039
6.25039
6.25039
6.25039
6.25039
6.25039
6.25039
6.25039
6.25039
6.25039
6.25039
6.25039
6.25039
6.25039
6.25039
6.25039
6.25039
6.25039
6.25039
6.25039
6.25039
6.25039
6.25039
