36.3588
32.9864
30.0045
28.3801
26.6506
24.6288
22.5157
20.8647
19.7814
18.4117
17.3873
15.9593
14.4574
14.0515
13.7685
13.3103
12.9598
12.6695
12.3754
11.7294
11.4783
11.4184
11.33
11.2767
11.185
11.0988
11.0253
10.961
10.9132
10.8342
10.6168
10.0219
9.20412
8.83783
8.61005
8.44001
8.4
8.16727
7.68723
7.03584
6.7485
6.5261
6.25112
6.25039
6.25039
6.25039
6.25039
6.25039
6.25039
6.25039
6.25039
6.25039
6.25039
6.25039
6.25039
6.25039
6.25039
6.25039
6.25039
6.25039
6.25039
6.25039
6.25039
6.25039
6.25039
6.25039
6.25039
6.25039
6.25039
6.25039
6.25039
6.25039
6.25039
6.25039
6.25039
6.25039
6.25039
6.25039
6.25039
6.25039
6.25039
6.25039
6.25039
6.25039
6.25039
6.25039
6.25039
6.25039
6.25039
6.25039
6.25039
6.25039
6.25039
6.25039
6.25039
6.25039
6.25039
6.25039
6.25039
6.25039
