28.991
28.5676
25.4839
23.904
22.6586
19.6885
19.4254
18.2626
17.1277
15.9725
15.8539
15.6635
13.5375
12.842
12.5016
11.6736
10.9242
9.80531
9.08011
8.55728
8.32148
7.88422
7.37074
7.1502
7.1502
6.99519
6.8955
6.68532
6.68532
6.68532
6.64732
6.64732
6.60248
6.56449
6.56449
6.54855
6.54855
6.54855
6.54855
6.54855
6.25039
6.25039
6.25039
6.25039
6.25039
6.25039
6.25039
6.25039
6.25039
6.25039
6.25039
6.25039
6.25039
6.25039
6.25039
6.25039
6.25039
6.25039
6.25039
6.25039
6.25039
6.25039
6.25039
6.25039
6.25039
6.25039
6.25039
6.25039
6.25039
6.25039
6.25039
6.25039
6.25039
6.25039
6.25039
6.25039
6.25039
6.25039
6.25039
6.25039
6.25039
6.25039
6.25039
6.25039
6.25039
6.25039
6.25039
6.25039
6.25039
6.25039
6.25039
6.25039
6.25039
6.25039
6.25039
6.25039
6.25039
6.25039
6.25039
6.25039
