29.5672
25.8557
24.6968
22.9087
21.7052
21.0716
19.8102
19.4212
18.2977
16.5295
13.1644
12.5243
12.2273
11.8876
11.2256
10.6912
10.3837
9.95371
9.83553
9.70259
8.53807
8.23052
7.94728
7.6773
7.34037
7.34037
7.19605
6.99792
6.84419
6.70929
6.70395
6.54227
6.50417
6.50417
6.34916
6.34916
6.33322
6.30443
6.25039
6.25039
6.25039
6.25039
6.25039
6.25039
6.25039
6.25039
6.25039
6.25039
6.25039
6.25039
6.25039
6.25039
6.25039
6.25039
6.25039
6.25039
6.25039
6.25039
6.25039
6.25039
6.25039
6.25039
6.25039
6.25039
6.25039
6.25039
6.25039
6.25039
6.25039
6.25039
6.25039
6.25039
6.25039
6.25039
6.25039
6.25039
6.25039
6.25039
6.25039
6.25039
6.25039
6.25039
6.25039
6.25039
6.25039
6.25039
6.25039
6.25039
6.25039
6.25039
6.25039
6.25039
6.25039
6.25039
6.25039
6.25039
6.25039
6.25039
6.25039
6.25039
