35.5212
30.9493
28.4223
26.7262
25.2323
23.4135
21.4369
19.7316
18.4216
17.2023
16.1592
15.4429
15.1052
14.6015
14.1571
13.667
13.1167
13.0077
12.8111
12.5735
12.2754
11.9445
11.5555
11.3092
11.19
11.102
10.9796
10.7257
10.5268
10.3538
9.92908
8.87197
7.47966
6.77885
6.69991
6.69422
6.66206
6.57619
6.43839
6.34544
6.33312
6.33296
6.32501
6.28682
6.25039
6.25039
6.25039
6.25039
6.25039
6.25039
6.25039
6.25039
6.25039
6.25039
6.25039
6.25039
6.25039
6.25039
6.25039
6.25039
6.25039
6.25039
6.25039
6.25039
6.25039
6.25039
6.25039
6.25039
6.25039
6.25039
6.25039
6.25039
6.25039
6.25039
6.25039
6.25039
6.25039
6.25039
6.25039
6.25039
6.25039
6.25039
6.25039
6.25039
6.25039
6.25039
6.25039
6.25039
6.25039
6.25039
6.25039
6.25039
6.25039
6.25039
6.25039
6.25039
6.25039
6.25039
6.25039
6.25039
