36.3193
32.382
29.7257
27.9786
26.5799
24.9136
23.6934
22.3345
20.6411
19.3875
18.6257
17.4671
15.9504
15.2505
14.7055
14.2491
13.9675
13.3379
12.641
12.1011
11.4807
10.9378
10.0036
9.61922
9.46322
9.25702
8.95794
8.64907
8.36414
7.94095
7.52594
7.12927
6.72853
6.64847
6.54931
6.44274
6.4054
6.4054
6.40447
6.39245
6.34924
6.26929
6.25039
6.25039
6.25039
6.25039
6.25039
6.25039
6.25039
6.25039
6.25039
6.25039
6.25039
6.25039
6.25039
6.25039
6.25039
6.25039
6.25039
6.25039
6.25039
6.25039
6.25039
6.25039
6.25039
6.25039
6.25039
6.25039
6.25039
6.25039
6.25039
6.25039
6.25039
6.25039
6.25039
6.25039
6.25039
6.25039
6.25039
6.25039
6.25039
6.25039
6.25039
6.25039
6.25039
6.25039
6.25039
6.25039
6.25039
6.25039
6.25039
6.25039
6.25039
6.25039
6.25039
6.25039
6.25039
6.25039
6.25039
6.25039
