29.0568
28.0097
26.2115
23.857
21.1908
20.9492
18.8244
17.9577
17.7246
15.5762
14.1186
14.0982
13.3
13.0387
12.7424
12.7424
12.0576
11.4999
11.4507
11.3116
11.3116
11.268
11.152
11.0699
10.974
10.9327
10.9
10.7421
10.7421
10.0984
8.90946
8.90946
8.44141
8.44141
8.44141
8.12718
7.63326
6.78687
6.78687
6.77093
6.25039
6.25039
6.25039
6.25039
6.25039
6.25039
6.25039
6.25039
6.25039
6.25039
6.25039
6.25039
6.25039
6.25039
6.25039
6.25039
6.25039
6.25039
6.25039
6.25039
6.25039
6.25039
6.25039
6.25039
6.25039
6.25039
6.25039
6.25039
6.25039
6.25039
6.25039
6.25039
6.25039
6.25039
6.25039
6.25039
6.25039
6.25039
6.25039
6.25039
6.25039
6.25039
6.25039
6.25039
6.25039
6.25039
6.25039
6.25039
6.25039
6.25039
6.25039
6.25039
6.25039
6.25039
6.25039
6.25039
6.25039
6.25039
6.25039
6.25039
