35.826
32.105
29.8283
27.8113
25.476
23.4638
22.102
20.8571
19.6356
18.3145
17.2061
16.4358
15.6786
14.988
14.6233
14.132
13.5353
13.0428
12.7825
12.4913
12.197
11.8067
11.2175
11.0634
10.9136
10.5718
10.1456
9.58521
9.0695
8.4908
8.1976
7.61091
6.7457
6.35088
6.28827
6.28369
6.26444
6.25039
6.25039
6.25039
6.25039
6.25039
6.25039
6.25039
6.25039
6.25039
6.25039
6.25039
6.25039
6.25039
6.25039
6.25039
6.25039
6.25039
6.25039
6.25039
6.25039
6.25039
6.25039
6.25039
6.25039
6.25039
6.25039
6.25039
6.25039
6.25039
6.25039
6.25039
6.25039
6.25039
6.25039
6.25039
6.25039
6.25039
6.25039
6.25039
6.25039
6.25039
6.25039
6.25039
6.25039
6.25039
6.25039
6.25039
6.25039
6.25039
6.25039
6.25039
6.25039
6.25039
6.25039
6.25039
6.25039
6.25039
6.25039
6.25039
6.25039
6.25039
6.25039
6.25039
