30.0692
27.689
25.4412
23.1252
22.4337
20.5637
18.761
18.7181
17.7764
16.0672
15.1973
13.4202
13.4202
12.5832
12.3869
12.3694
12.0745
12.0666
11.1761
11.0813
8.33252
8.33252
8.33055
7.46449
7.46449
7.12775
6.93692
6.46278
6.42143
6.42143
6.42143
6.32984
6.28849
6.25039
6.25039
6.25039
6.25039
6.25039
6.25039
6.25039
6.25039
6.25039
6.25039
6.25039
6.25039
6.25039
6.25039
6.25039
6.25039
6.25039
6.25039
6.25039
6.25039
6.25039
6.25039
6.25039
6.25039
6.25039
6.25039
6.25039
6.25039
6.25039
6.25039
6.25039
6.25039
6.25039
6.25039
6.25039
6.25039
6.25039
6.25039
6.25039
6.25039
6.25039
6.25039
6.25039
6.25039
6.25039
6.25039
6.25039
6.25039
6.25039
6.25039
6.25039
6.25039
6.25039
6.25039
6.25039
6.25039
6.25039
6.25039
6.25039
6.25039
6.25039
6.25039
6.25039
6.25039
6.25039
6.25039
6.25039
