35.8497
30.6708
27.6466
25.2763
23.4375
21.9632
20.3668
19.2074
18.5406
17.905
17.2471
16.4888
15.5108
14.6846
14.1592
13.7026
12.5498
11.6246
11.156
10.686
10.3155
10.019
9.60644
8.98827
8.58236
8.13037
7.8305
7.70207
7.68578
7.58739
7.36481
7.0323
6.9593
6.93034
6.89016
6.84026
6.80652
6.73253
6.60014
6.53999
6.48646
6.36206
6.25039
6.25039
6.25039
6.25039
6.25039
6.25039
6.25039
6.25039
6.25039
6.25039
6.25039
6.25039
6.25039
6.25039
6.25039
6.25039
6.25039
6.25039
6.25039
6.25039
6.25039
6.25039
6.25039
6.25039
6.25039
6.25039
6.25039
6.25039
6.25039
6.25039
6.25039
6.25039
6.25039
6.25039
6.25039
6.25039
6.25039
6.25039
6.25039
6.25039
6.25039
6.25039
6.25039
6.25039
6.25039
6.25039
6.25039
6.25039
6.25039
6.25039
6.25039
6.25039
6.25039
6.25039
6.25039
6.25039
6.25039
6.25039
