36.0775
32.68
29.8135
27.6669
25.4642
24.061
22.5497
20.8109
19.5035
18.7476
17.8495
16.9219
16.1538
15.4188
14.2439
13.1463
12.5584
11.926
11.02
9.92752
9.33991
8.69151
8.29494
7.94826
7.61143
7.28186
7.15233
7.05896
6.92666
6.80602
6.6985
6.68197
6.66512
6.64304
6.61923
6.57721
6.56025
6.55168
6.54855
6.54855
6.53659
6.48936
6.3877
6.25039
6.25039
6.25039
6.25039
6.25039
6.25039
6.25039
6.25039
6.25039
6.25039
6.25039
6.25039
6.25039
6.25039
6.25039
6.25039
6.25039
6.25039
6.25039
6.25039
6.25039
6.25039
6.25039
6.25039
6.25039
6.25039
6.25039
6.25039
6.25039
6.25039
6.25039
6.25039
6.25039
6.25039
6.25039
6.25039
6.25039
6.25039
6.25039
6.25039
6.25039
6.25039
6.25039
6.25039
6.25039
6.25039
6.25039
6.25039
6.25039
6.25039
6.25039
6.25039
6.25039
6.25039
6.25039
6.25039
6.25039
