29.9935
28.8511
27.4929
25.9895
22.8163
22.3184
21.1437
20.1963
18.5295
17.3108
16.9705
16.2059
13.7875
13.7875
13.3635
12.6949
12.4258
11.8056
11.5262
10.7058
8.55728
8.2799
8.13717
7.73675
7.41803
7.41803
7.4021
7.33705
7.24709
6.70356
6.63139
6.63139
6.54855
6.54855
6.54855
6.54855
6.25039
6.25039
6.25039
6.25039
6.25039
6.25039
6.25039
6.25039
6.25039
6.25039
6.25039
6.25039
6.25039
6.25039
6.25039
6.25039
6.25039
6.25039
6.25039
6.25039
6.25039
6.25039
6.25039
6.25039
6.25039
6.25039
6.25039
6.25039
6.25039
6.25039
6.25039
6.25039
6.25039
6.25039
6.25039
6.25039
6.25039
6.25039
6.25039
6.25039
6.25039
6.25039
6.25039
6.25039
6.25039
6.25039
6.25039
6.25039
6.25039
6.25039
6.25039
6.25039
6.25039
6.25039
6.25039
6.25039
6.25039
6.25039
6.25039
6.25039
6.25039
6.25039
6.25039
6.25039
