35.7707
31.8653
29.0134
26.4777
25.0641
23.8012
22.3039
21.2318
20.3307
19.3988
18.2461
16.3271
14.2174
12.9519
12.3521
11.9454
11.4516
10.8602
10.414
10.0923
9.87511
9.55612
8.90722
8.27467
8.00401
7.72815
7.49692
7.31197
7.18874
7.01745
6.91257
6.79314
6.70234
6.615
6.52352
6.49083
6.42354
6.34725
6.33656
6.30735
6.26654
6.25039
6.25039
6.25039
6.25039
6.25039
6.25039
6.25039
6.25039
6.25039
6.25039
6.25039
6.25039
6.25039
6.25039
6.25039
6.25039
6.25039
6.25039
6.25039
6.25039
6.25039
6.25039
6.25039
6.25039
6.25039
6.25039
6.25039
6.25039
6.25039
6.25039
6.25039
6.25039
6.25039
6.25039
6.25039
6.25039
6.25039
6.25039
6.25039
6.25039
6.25039
6.25039
6.25039
6.25039
6.25039
6.25039
6.25039
6.25039
6.25039
6.25039
6.25039
6.25039
6.25039
6.25039
6.25039
6.25039
6.25039
6.25039
6.25039
