36.4388
32.9356
30.671
29.0371
27.5349
25.9227
23.908
22.4006
21.4081
20.2859
19.1236
18.0633
17.2597
16.3442
14.9781
13.7179
13.4547
13.0099
12.5067
12.0418
11.3483
10.0538
8.57827
8.39406
8.14348
7.75308
7.46087
7.4157
7.40215
7.35728
7.26261
7.076
6.80637
6.61974
6.58214
6.54855
6.54796
6.54059
6.49934
6.41486
6.30279
6.25039
6.25039
6.25039
6.25039
6.25039
6.25039
6.25039
6.25039
6.25039
6.25039
6.25039
6.25039
6.25039
6.25039
6.25039
6.25039
6.25039
6.25039
6.25039
6.25039
6.25039
6.25039
6.25039
6.25039
6.25039
6.25039
6.25039
6.25039
6.25039
6.25039
6.25039
6.25039
6.25039
6.25039
6.25039
6.25039
6.25039
6.25039
6.25039
6.25039
6.25039
6.25039
6.25039
6.25039
6.25039
6.25039
6.25039
6.25039
6.25039
6.25039
6.25039
6.25039
6.25039
6.25039
6.25039
6.25039
6.25039
6.25039
6.25039
