35.9842
32.2173
29.4293
26.5383
24.0161
22.08
20.8769
19.3218
17.9004
16.6466
15.23
14.056
13.7658
13.2999
13.1186
13.0213
12.7026
12.1773
11.6448
11.2882
11.1943
11.0839
11.0319
10.9817
10.903
10.6292
10.1587
9.50171
8.77208
8.52563
8.06929
7.3838
6.5777
6.2896
6.25039
6.25039
6.25039
6.25039
6.25039
6.25039
6.25039
6.25039
6.25039
6.25039
6.25039
6.25039
6.25039
6.25039
6.25039
6.25039
6.25039
6.25039
6.25039
6.25039
6.25039
6.25039
6.25039
6.25039
6.25039
6.25039
6.25039
6.25039
6.25039
6.25039
6.25039
6.25039
6.25039
6.25039
6.25039
6.25039
6.25039
6.25039
6.25039
6.25039
6.25039
6.25039
6.25039
6.25039
6.25039
6.25039
6.25039
6.25039
6.25039
6.25039
6.25039
6.25039
6.25039
6.25039
6.25039
6.25039
6.25039
6.25039
6.25039
6.25039
6.25039
6.25039
6.25039
6.25039
6.25039
6.25039
