29.773
27.7641
26.7222
24.822
23.3618
21.88
19.867
19.1142
18.6128
18.3471
15.3465
15.1485
14.4341
14.2043
13.774
12.8624
12.4902
11.7007
11.397
11.397
9.70259
9.56374
9.39432
9.23019
8.91883
8.61053
8.41968
7.66021
7.53552
7.21441
6.70356
6.4054
6.4054
6.4054
6.4054
6.4054
6.4054
6.4054
6.25039
6.25039
6.25039
6.25039
6.25039
6.25039
6.25039
6.25039
6.25039
6.25039
6.25039
6.25039
6.25039
6.25039
6.25039
6.25039
6.25039
6.25039
6.25039
6.25039
6.25039
6.25039
6.25039
6.25039
6.25039
6.25039
6.25039
6.25039
6.25039
6.25039
6.25039
6.25039
6.25039
6.25039
6.25039
6.25039
6.25039
6.25039
6.25039
6.25039
6.25039
6.25039
6.25039
6.25039
6.25039
6.25039
6.25039
6.25039
6.25039
6.25039
6.25039
6.25039
6.25039
6.25039
6.25039
6.25039
6.25039
6.25039
6.25039
6.25039
6.25039
6.25039
